1522640740.802699000	0	86	1
1522640740.862818000	0.0601189	86	0
1522640740.862861000	0.0601618	74	1
1522640740.863119000	0.0604198	276	1
1522640740.926036000	0.123337	74	0
1522640740.944049000	0.14135	1294	0
1522640740.944346000	0.141647	1294	0
1522640740.944349000	0.14165	199	0
1522640740.944376000	0.141677	74	1
1522640741.162542000	0.359843	316	1
1522640741.183798000	0.381099	159	1
1522640741.184235000	0.381536	476	1
1522640741.223084000	0.420385	344	0
1522640741.243034000	0.440335	135	0
1522640741.243055000	0.440356	74	1
1522640741.243271000	0.440572	104	1
1522640741.243500000	0.440801	104	0
1522640741.293085000	0.490386	74	0
1522640741.302378000	0.499679	74	0
1522640741.336587000	0.533888	650	0
1522640741.336629000	0.53393	74	1
1522640741.336853000	0.534154	1294	0
1522640741.337020000	0.534321	1294	0
1522640741.337040000	0.534341	74	1
1522640741.337132000	0.534433	1294	0
1522640741.337196000	0.534497	1294	0
1522640741.337210000	0.534511	74	1
1522640741.337277000	0.534578	1294	0
1522640741.337467000	0.534768	1294	0
1522640741.337480000	0.534781	74	1
1522640741.337732000	0.535033	1294	0
1522640741.337830000	0.535131	627	0
1522640741.337832000	0.535133	135	0
1522640741.337843000	0.535144	74	1
1522640741.338213000	0.535514	1294	0
1522640741.338491000	0.535792	1294	0
1522640741.338503000	0.535804	74	1
1522640741.338768000	0.536069	1294	0
1522640741.339046000	0.536347	1294	0
1522640741.339057000	0.536358	74	1
1522640741.396116000	0.593417	1294	0
1522640741.396378000	0.593679	1294	0
1522640741.396400000	0.593701	74	1
1522640741.396551000	0.593852	1294	0
1522640741.396673000	0.593974	1294	0
1522640741.396683000	0.593984	74	1
1522640741.396807000	0.594108	1294	0
1522640741.396962000	0.594263	1294	0
1522640741.396977000	0.594278	74	1
1522640741.397099000	0.5944	1294	0
1522640741.397393000	0.594694	1294	0
1522640741.397408000	0.594709	74	1
1522640741.397469000	0.59477	1294	0
1522640741.397539000	0.59484	1294	0
1522640741.397549000	0.59485	74	1
1522640741.397812000	0.595113	1294	0
1522640741.397946000	0.595247	1294	0
1522640741.397959000	0.59526	74	1
1522640741.398086000	0.595387	1294	0
1522640741.398384000	0.595685	1294	0
1522640741.398398000	0.595699	74	1
1522640741.399278000	0.596579	1294	0
1522640741.399575000	0.596876	1294	0
1522640741.399589000	0.59689	74	1
1522640741.404907000	0.602208	1294	0
1522640741.405173000	0.602474	1294	0
1522640741.405193000	0.602494	74	1
1522640741.409934000	0.607235	1294	0
1522640741.410223000	0.607524	1294	0
1522640741.410244000	0.607545	74	1
1522640741.412952000	0.610253	1294	0
1522640741.413221000	0.610522	1294	0
1522640741.413243000	0.610544	74	1
1522640741.419349000	0.61665	1294	0
1522640741.455509000	0.65281	1294	0
1522640741.455568000	0.652869	74	1
1522640741.455786000	0.653087	1294	0
1522640741.457292000	0.654593	1294	0
1522640741.457314000	0.654615	74	1
1522640741.457582000	0.654883	1294	0
1522640741.457861000	0.655162	1294	0
1522640741.457873000	0.655174	74	1
1522640741.458151000	0.655452	1294	0
1522640741.461121000	0.658422	1294	0
1522640741.461148000	0.658449	74	1
1522640741.461409000	0.65871	1294	0
1522640741.464623000	0.661924	1294	0
1522640741.464662000	0.661963	74	1
1522640741.464997000	0.662298	1294	0
1522640741.465266000	0.662567	1294	0
1522640741.465283000	0.662584	74	1
1522640741.465563000	0.662864	1294	0
1522640741.468729000	0.66603	1294	0
1522640741.468764000	0.666065	74	1
1522640741.469062000	0.666363	1294	0
1522640741.472281000	0.669582	1294	0
1522640741.472321000	0.669622	74	1
1522640741.472566000	0.669867	1294	0
1522640741.472841000	0.670142	1294	0
1522640741.472861000	0.670162	74	1
1522640741.473120000	0.670421	1294	0
1522640741.476015000	0.673316	1294	0
1522640741.476045000	0.673346	74	1
1522640741.476300000	0.673601	1294	0
1522640741.476448000	0.673749	788	0
1522640741.476462000	0.673763	74	1
1522640741.477202000	0.674503	112	1
1522640741.480936000	0.678237	327	1
1522640741.481433000	0.678734	169	1
1522640741.542107000	0.739408	74	0
1522640741.560735000	0.758036	252	0
1522640741.561070000	0.758371	1294	0
1522640741.561092000	0.758393	74	1
1522640741.561369000	0.75867	1294	0
1522640741.561435000	0.758736	1294	0
1522640741.561448000	0.758749	74	1
1522640741.561655000	0.758956	1294	0
1522640741.561657000	0.758958	425	0
1522640741.561659000	0.75896	112	0
1522640741.561661000	0.758962	147	0
1522640741.561676000	0.758977	74	1
1522640741.561736000	0.759037	1294	0
1522640741.561848000	0.759149	1294	0
1522640741.561859000	0.75916	74	1
1522640741.561920000	0.759221	1294	0
1522640741.561986000	0.759287	1294	0
1522640741.561999000	0.7593	74	1
1522640741.562220000	0.759521	1294	0
1522640741.562224000	0.759525	87	0
1522640741.562234000	0.759535	74	1
1522640741.571672000	0.768973	74	1
1522640741.572234000	0.769535	112	1
1522640741.600718000	0.798019	248	1
1522640741.634356000	0.831657	250	1
1522640741.670654000	0.867955	74	0
1522640741.691542000	0.888843	142	0
1522640741.691544000	0.888845	104	0
1522640741.691666000	0.888967	74	1
1522640741.691750000	0.889051	112	0
1522640741.692917000	0.890218	112	1
1522640741.694704000	0.892005	262	0
1522640741.695051000	0.892352	1294	0
1522640741.695068000	0.892369	74	1
1522640741.695339000	0.89264	1294	0
1522640741.695692000	0.892993	1294	0
1522640741.695707000	0.893008	74	1
1522640741.695996000	0.893297	1294	0
1522640741.695998000	0.893299	1294	0
1522640741.696015000	0.893316	74	1
1522640741.696076000	0.893377	1294	0
1522640741.696237000	0.893538	1294	0
1522640741.696248000	0.893549	74	1
1522640741.696309000	0.89361	1294	0
1522640741.696376000	0.893677	1294	0
1522640741.696378000	0.893679	1294	0
1522640741.696390000	0.893691	74	1
1522640741.696554000	0.893855	1294	0
1522640741.696628000	0.893929	1294	0
1522640741.696630000	0.893931	1294	0
1522640741.696642000	0.893943	74	1
1522640741.696704000	0.894005	1294	0
1522640741.696840000	0.894141	1294	0
1522640741.696854000	0.894155	74	1
1522640741.696948000	0.894249	1294	0
1522640741.698245000	0.895546	1294	0
1522640741.698256000	0.895557	74	1
1522640741.698522000	0.895823	1294	0
1522640741.698821000	0.896122	1294	0
1522640741.698836000	0.896137	74	1
1522640741.699096000	0.896397	1294	0
1522640741.701653000	0.898954	1294	0
1522640741.701669000	0.89897	74	1
1522640741.701964000	0.899265	1294	0
1522640741.704818000	0.902119	1294	0
1522640741.704832000	0.902133	74	1
1522640741.705093000	0.902394	1294	0
1522640741.705382000	0.902683	1294	0
1522640741.705395000	0.902696	74	1
1522640741.705661000	0.902962	1294	0
1522640741.708013000	0.905314	1294	0
1522640741.708040000	0.905341	74	1
1522640741.708287000	0.905588	1294	0
1522640741.711117000	0.908418	1294	0
1522640741.711142000	0.908443	74	1
1522640741.711413000	0.908714	1294	0
1522640741.711699000	0.909	1294	0
1522640741.711712000	0.909013	74	1
1522640741.711982000	0.909283	1294	0
1522640741.714466000	0.911767	1294	0
1522640741.714483000	0.911784	74	1
1522640741.714743000	0.912044	1294	0
1522640741.717834000	0.915135	1294	0
1522640741.717849000	0.91515	74	1
1522640741.718129000	0.91543	1294	0
1522640741.718405000	0.915706	1294	0
1522640741.718419000	0.91572	74	1
1522640741.718702000	0.916003	1294	0
1522640741.721098000	0.918399	1294	0
1522640741.721113000	0.918414	74	1
1522640741.721398000	0.918699	1294	0
1522640741.721675000	0.918976	1294	0
1522640741.721688000	0.918989	74	1
1522640741.721952000	0.919253	1294	0
1522640741.724309000	0.92161	1294	0
1522640741.724325000	0.921626	74	1
1522640741.724600000	0.921901	1294	0
1522640741.724872000	0.922173	1294	0
1522640741.724886000	0.922187	74	1
1522640741.727275000	0.924576	1294	0
1522640741.727561000	0.924862	1294	0
1522640741.727576000	0.924877	74	1
1522640741.730541000	0.927842	1294	0
1522640741.730857000	0.928158	1294	0
1522640741.730871000	0.928172	74	1
1522640741.731162000	0.928463	1294	0
1522640741.731439000	0.92874	1294	0
1522640741.731453000	0.928754	74	1
1522640741.734215000	0.931516	1294	0
1522640741.734485000	0.931786	1294	0
1522640741.734497000	0.931798	74	1
1522640741.750101000	0.947402	1294	0
1522640741.750204000	0.947505	508	0
1522640741.750223000	0.947524	74	1
1522640741.751724000	0.949025	1294	0
1522640741.751999000	0.9493	1294	0
1522640741.752013000	0.949314	74	1
1522640741.753101000	0.950402	1294	0
1522640741.753394000	0.950695	1294	0
1522640741.753408000	0.950709	74	1
1522640741.753671000	0.950972	1294	0
1522640741.753963000	0.951264	1294	0
1522640741.753975000	0.951276	74	1
1522640741.756412000	0.953713	1294	0
1522640741.756689000	0.95399	1294	0
1522640741.756705000	0.954006	74	1
1522640741.759864000	0.957165	1294	0
1522640741.760138000	0.957439	1294	0
1522640741.760150000	0.957451	74	1
1522640741.760416000	0.957717	1294	0
1522640741.760714000	0.958015	1294	0
1522640741.760727000	0.958028	74	1
1522640741.762676000	0.959977	1294	0
1522640741.762966000	0.960267	1294	0
1522640741.762982000	0.960283	74	1
1522640741.763242000	0.960543	1294	0
1522640741.763414000	0.960715	860	0
1522640741.763427000	0.960728	74	1
1522640741.765540000	0.962841	1294	0
1522640741.765795000	0.963096	1294	0
1522640741.765811000	0.963112	74	1
1522640741.768158000	0.965459	1294	0
1522640741.768426000	0.965727	1294	0
1522640741.768442000	0.965743	74	1
1522640741.768702000	0.966003	1294	0
1522640741.768996000	0.966297	1294	0
1522640741.769009000	0.96631	74	1
1522640741.770969000	0.96827	1294	0
1522640741.771243000	0.968544	1294	0
1522640741.771263000	0.968564	74	1
1522640741.773211000	0.970512	1294	0
1522640741.773485000	0.970786	1294	0
1522640741.773500000	0.970801	74	1
1522640741.773778000	0.971079	1294	0
1522640741.774073000	0.971374	1294	0
1522640741.774096000	0.971397	74	1
1522640741.776007000	0.973308	1294	0
1522640741.776313000	0.973614	1294	0
1522640741.776336000	0.973637	74	1
1522640741.776590000	0.973891	1294	0
1522640741.776889000	0.97419	1294	0
1522640741.776902000	0.974203	74	1
1522640741.778330000	0.975631	1294	0
1522640741.778625000	0.975926	1294	0
1522640741.778644000	0.975945	74	1
1522640741.780337000	0.977638	1294	0
1522640741.780607000	0.977908	1294	0
1522640741.780619000	0.97792	74	1
1522640741.781347000	0.978648	1294	0
1522640741.781614000	0.978915	1294	0
1522640741.781628000	0.978929	74	1
1522640741.782473000	0.979774	1294	0
1522640741.782766000	0.980067	1294	0
1522640741.782779000	0.98008	74	1
1522640741.784311000	0.981612	1294	0
1522640741.784592000	0.981893	1294	0
1522640741.784605000	0.981906	74	1
1522640741.784872000	0.982173	1294	0
1522640741.786344000	0.983645	1294	0
1522640741.786356000	0.983657	74	1
1522640741.786626000	0.983927	1294	0
1522640741.786916000	0.984217	1294	0
1522640741.786927000	0.984228	74	1
1522640741.787196000	0.984497	1294	0
1522640741.788355000	0.985656	1294	0
1522640741.788367000	0.985668	74	1
1522640741.788630000	0.985931	1294	0
1522640741.790163000	0.987464	1294	0
1522640741.790175000	0.987476	74	1
1522640741.790440000	0.987741	1294	0
1522640741.792886000	0.990187	1294	0
1522640741.792897000	0.990198	74	1
1522640741.793198000	0.990499	1294	0
1522640741.809065000	1.00637	1294	0
1522640741.809109000	1.00641	74	1
1522640741.809350000	1.00665	1294	0
1522640741.809624000	1.00692	1294	0
1522640741.809638000	1.00694	74	1
1522640741.809950000	1.00725	1294	0
1522640741.810242000	1.00754	1294	0
1522640741.810256000	1.00756	74	1
1522640741.810504000	1.0078	1294	0
1522640741.816112000	1.01341	1294	0
1522640741.816139000	1.01344	74	1
1522640741.816381000	1.01368	1294	0
1522640741.816658000	1.01396	1294	0
1522640741.816673000	1.01397	74	1
1522640741.816950000	1.01425	1294	0
1522640741.817243000	1.01454	1294	0
1522640741.817256000	1.01456	74	1
1522640741.817520000	1.01482	1294	0
1522640741.818285000	1.01559	1294	0
1522640741.818300000	1.0156	74	1
1522640741.818564000	1.01586	1294	0
1522640741.818856000	1.01616	1294	0
1522640741.818867000	1.01617	74	1
1522640741.819160000	1.01646	1294	0
1522640741.819428000	1.01673	1294	0
1522640741.819440000	1.01674	74	1
1522640741.819740000	1.01704	1294	0
1522640741.820005000	1.01731	1294	0
1522640741.820017000	1.01732	74	1
1522640741.820568000	1.01787	818	0
1522640741.918274000	1.11557	317	1
1522640741.959524000	1.15682	145	1
1522640741.983438000	1.18074	203	0
1522640741.983775000	1.18108	1294	0
1522640741.983825000	1.18113	74	1
1522640741.983959000	1.18126	1294	0
1522640741.984046000	1.18135	1294	0
1522640741.984057000	1.18136	74	1
1522640741.984233000	1.18153	1294	0
1522640741.984323000	1.18162	1294	0
1522640741.984335000	1.18164	74	1
1522640741.984510000	1.18181	1294	0
1522640741.984620000	1.18192	1294	0
1522640741.984631000	1.18193	74	1
1522640741.984810000	1.18211	1294	0
1522640741.984954000	1.18226	1294	0
1522640741.984956000	1.18226	1294	0
1522640741.984969000	1.18227	74	1
1522640741.985102000	1.1824	1294	0
1522640741.985105000	1.18241	1294	0
1522640741.985118000	1.18242	74	1
1522640741.985176000	1.18248	1294	0
1522640741.985247000	1.18255	1294	0
1522640741.985260000	1.18256	74	1
1522640741.985322000	1.18262	1294	0
1522640741.985394000	1.18269	1294	0
1522640741.985406000	1.18271	74	1
1522640741.985434000	1.18273	74	1
1522640741.985532000	1.18283	1294	0
1522640741.985535000	1.18284	1294	0
1522640741.985548000	1.18285	74	1
1522640741.985610000	1.18291	1294	0
1522640741.986167000	1.18347	1294	0
1522640741.986182000	1.18348	74	1
1522640741.986448000	1.18375	1294	0
1522640741.986743000	1.18404	1294	0
1522640741.986758000	1.18406	74	1
1522640741.987015000	1.18432	1294	0
1522640741.987293000	1.18459	1294	0
1522640741.987307000	1.18461	74	1
1522640741.987587000	1.18489	1294	0
1522640741.988361000	1.18566	1294	0
1522640741.988380000	1.18568	74	1
1522640741.988668000	1.18597	1294	0
1522640741.988937000	1.18624	1294	0
1522640741.988952000	1.18625	74	1
1522640741.989225000	1.18653	1294	0
1522640741.989679000	1.18698	822	0
1522640741.989693000	1.18699	74	1
1522640741.989901000	1.1872	112	1
1522640742.018953000	1.21625	200	0
1522640742.019044000	1.21634	362	0
1522640742.019064000	1.21636	74	1
1522640742.104986000	1.30229	74	0
1522640742.551818000	1.74912	360	1
1522640742.612277000	1.80958	74	0
1522640742.634165000	1.83147	140	0
1522640742.634802000	1.8321	104	0
1522640742.634815000	1.83212	74	1
1522640742.634876000	1.83218	112	0
1522640742.635195000	1.8325	112	1
1522640742.675057000	1.87236	144	1
1522640742.680876000	1.87818	380	1
1522640742.689110000	1.88641	159	1
1522640742.733567000	1.93087	74	0
1522640742.748826000	1.94613	74	0
1522640742.752898000	1.9502	194	0
1522640742.753258000	1.95056	1294	0
1522640742.753279000	1.95058	74	1
1522640742.753559000	1.95086	1294	0
1522640742.753625000	1.95093	1294	0
1522640742.753638000	1.95094	74	1
1522640742.753699000	1.951	1294	0
1522640742.753801000	1.9511	1294	0
1522640742.753811000	1.95111	74	1
1522640742.753872000	1.95117	1294	0
1522640742.753874000	1.95117	1294	0
1522640742.753885000	1.95119	74	1
1522640742.753962000	1.95126	1294	0
1522640742.754126000	1.95143	1294	0
1522640742.754128000	1.95143	1294	0
1522640742.754142000	1.95144	74	1
1522640742.754207000	1.95151	1294	0
1522640742.754268000	1.95157	1294	0
1522640742.754278000	1.95158	74	1
1522640742.754437000	1.95174	1294	0
1522640742.754439000	1.95174	270	0
1522640742.754453000	1.95175	74	1
1522640742.754514000	1.95181	1137	0
1522640742.754517000	1.95182	104	0
1522640742.754518000	1.95182	112	0
1522640742.754530000	1.95183	74	1
1522640742.754915000	1.95222	112	1
1522640742.764772000	1.96207	140	0
1522640742.764775000	1.96208	104	0
1522640742.764811000	1.96211	74	1
1522640742.767817000	1.96512	159	0
1522640742.768177000	1.96548	1294	0
1522640742.768195000	1.9655	74	1
1522640742.768317000	1.96562	818	0
1522640742.787463000	1.98476	188	1
1522640742.845296000	2.0426	74	0
1522640742.878863000	2.07616	108	1
1522640742.878934000	2.07623	189	1
1522640742.886336000	2.08364	233	0
1522640742.886405000	2.08371	339	0
1522640742.886415000	2.08372	74	1
1522640742.886476000	2.08378	112	0
1522640742.886674000	2.08397	112	1
1522640742.938975000	2.13628	74	0
1522640742.980972000	2.17827	147	0
1522640742.981076000	2.17838	346	0
1522640742.981077000	2.17838	112	0
1522640742.981100000	2.1784	74	1
1522640742.981377000	2.17868	112	1
1522640743.081089000	2.27839	74	0
1522640743.124238000	2.32154	189	1
1522640743.183569000	2.38087	74	0
1522640743.219838000	2.41714	147	0
1522640743.219916000	2.41722	313	0
1522640743.219936000	2.41724	74	1
1522640743.220312000	2.41761	104	0
1522640743.220392000	2.41769	112	0
1522640743.220404000	2.4177	74	1
1522640743.220842000	2.41814	112	1
1522640743.292867000	2.49017	190	1
1522640743.320216000	2.51752	74	0
1522640743.352008000	2.54931	74	0
1522640743.389795000	2.5871	144	0
1522640743.389883000	2.58718	343	0
1522640743.389891000	2.58719	112	0
1522640743.389910000	2.58721	74	1
1522640743.390240000	2.58754	112	1
1522640743.491789000	2.68909	74	0
1522640743.590917000	2.78822	192	1
1522640743.649175000	2.84648	74	0
1522640743.686843000	2.88414	147	0
1522640743.686929000	2.88423	347	0
1522640743.686931000	2.88423	112	0
1522640743.686954000	2.88425	74	1
1522640743.687356000	2.88466	112	1
1522640743.693130000	2.89043	193	1
1522640743.752184000	2.94948	74	0
1522640743.786465000	2.98377	144	0
1522640743.786467000	2.98377	339	0
1522640743.786506000	2.98381	74	1
1522640743.786573000	2.98387	112	0
1522640743.786964000	2.98426	112	1
1522640743.840933000	3.03823	193	1
1522640743.887484000	3.08478	74	0
1522640743.899570000	3.09687	74	0
1522640743.938488000	3.13579	167	0
1522640743.938489000	3.13579	309	0
1522640743.938529000	3.13583	74	1
1522640743.940135000	3.13744	104	0
1522640743.940225000	3.13753	112	0
1522640743.940249000	3.13755	74	1
1522640743.940758000	3.13806	112	1
1522640744.052012000	3.24931	74	0
1522640744.092582000	3.28988	322	1
1522640744.114286000	3.31159	195	1
1522640744.152080000	3.34938	74	0
1522640744.172315000	3.36962	140	0
1522640744.172317000	3.36962	104	0
1522640744.172319000	3.36962	112	0
1522640744.172355000	3.36966	74	1
1522640744.172794000	3.3701	112	1
1522640744.207542000	3.40484	144	0
1522640744.207544000	3.40484	309	0
1522640744.207582000	3.40488	74	1
1522640744.207667000	3.40497	104	0
1522640744.252867000	3.45017	196	1
1522640744.271941000	3.46924	74	0
1522640744.312353000	3.50965	74	0
1522640744.349216000	3.54652	144	0
1522640744.349644000	3.54694	313	0
1522640744.349646000	3.54695	104	0
1522640744.349668000	3.54697	74	1
1522640744.349738000	3.54704	112	0
1522640744.350218000	3.54752	112	1
1522640744.408191000	3.60549	198	1
1522640744.447988000	3.64529	74	0
1522640744.466431000	3.66373	74	0
1522640744.501223000	3.69852	147	0
1522640744.501311000	3.69861	294	0
1522640744.501323000	3.69862	74	1
1522640744.501708000	3.69901	104	0
1522640744.501786000	3.69909	112	0
1522640744.501800000	3.6991	74	1
1522640744.502221000	3.69952	112	1
1522640744.633750000	3.83105	74	0
1522640744.742466000	3.93977	200	1
1522640744.810270000	4.00757	74	0
1522640744.842542000	4.03984	148	0
1522640744.842637000	4.03994	287	0
1522640744.842656000	4.03996	74	1
1522640744.843871000	4.04117	104	0
1522640744.843947000	4.04125	112	0
1522640744.843958000	4.04126	74	1
1522640744.844284000	4.04158	112	1
1522640744.862171000	4.05947	200	1
1522640744.920941000	4.11824	74	0
1522640744.956250000	4.15355	171	0
1522640744.956252000	4.15355	282	0
1522640744.956292000	4.15359	74	1
1522640744.957353000	4.15465	104	0
1522640744.957424000	4.15472	112	0
1522640744.957436000	4.15474	74	1
1522640744.957768000	4.15507	112	1
1522640745.022725000	4.22003	201	1
1522640745.066840000	4.26414	74	0
1522640745.081401000	4.2787	74	0
1522640745.119468000	4.31677	144	0
1522640745.119470000	4.31677	317	0
1522640745.119514000	4.31681	74	1
1522640745.120324000	4.31762	104	0
1522640745.120747000	4.31805	112	0
1522640745.120763000	4.31806	74	1
1522640745.120957000	4.31826	112	1
1522640745.221670000	4.41897	74	0
1522640745.314207000	4.51151	202	1
1522640745.378927000	4.57623	74	0
1522640745.413169000	4.61047	144	0
1522640745.413172000	4.61047	317	0
1522640745.413207000	4.61051	74	1
1522640745.413627000	4.61093	104	0
1522640745.413713000	4.61101	112	0
1522640745.413731000	4.61103	74	1
1522640745.414119000	4.61142	112	1
1522640745.503471000	4.70077	203	1
1522640745.536911000	4.73421	74	0
1522640745.562841000	4.76014	74	0
1522640745.596029000	4.79333	148	0
1522640745.596031000	4.79333	329	0
1522640745.596064000	4.79337	74	1
1522640745.596147000	4.79345	112	0
1522640745.596516000	4.79382	112	1
1522640745.646120000	4.84342	203	1
1522640745.694962000	4.89226	74	0
1522640745.704380000	4.90168	74	0
1522640745.736192000	4.93349	148	0
1522640745.736194000	4.93349	330	0
1522640745.736240000	4.93354	74	1
1522640745.736329000	4.93363	112	0
1522640745.736698000	4.934	112	1
1522640745.835162000	5.03246	74	0
1522640745.850956000	5.04826	204	1
1522640745.909418000	5.10672	74	0
1522640745.945483000	5.14278	167	0
1522640745.945485000	5.14279	300	0
1522640745.945517000	5.14282	74	1
1522640745.946732000	5.14403	104	0
1522640745.946814000	5.14411	112	0
1522640745.946825000	5.14413	74	1
1522640745.947177000	5.14448	112	1
1522640746.046637000	5.24394	74	0
1522640746.096531000	5.29383	205	1
1522640746.167078000	5.36438	74	0
1522640746.201623000	5.39892	144	0
1522640746.201720000	5.39902	329	0
1522640746.201723000	5.39902	112	0
1522640746.201748000	5.39905	74	1
1522640746.202208000	5.39951	112	1
1522640746.300965000	5.49827	74	0
1522640746.350484000	5.54778	205	1
1522640746.419166000	5.61647	74	0
1522640746.452809000	5.65011	144	0
1522640746.452885000	5.65019	300	0
1522640746.452901000	5.6502	74	1
1522640746.453311000	5.65061	104	0
1522640746.454007000	5.65131	112	0
1522640746.454024000	5.65132	74	1
1522640746.454149000	5.65145	112	1
1522640746.479632000	5.67693	206	1
1522640746.541430000	5.73873	188	1
1522640746.548174000	5.74547	74	0
1522640746.581743000	5.77904	144	0
1522640746.582174000	5.77947	329	0
1522640746.582176000	5.77948	112	0
1522640746.582203000	5.7795	74	1
1522640746.582424000	5.77972	112	1
1522640746.639980000	5.83728	74	0
1522640746.641144000	5.83844	74	0
1522640746.692770000	5.89007	216	0
1522640746.693084000	5.89038	1294	0
1522640746.693105000	5.89041	74	1
1522640746.693170000	5.89047	1294	0
1522640746.693414000	5.89071	1294	0
1522640746.693417000	5.89072	1294	0
1522640746.693427000	5.89073	74	1
1522640746.693654000	5.89095	1294	0
1522640746.693721000	5.89102	1294	0
1522640746.693735000	5.89104	74	1
1522640746.693955000	5.89126	1294	0
1522640746.694176000	5.89148	1101	0
1522640746.694190000	5.89149	74	1
1522640746.711790000	5.90909	1294	0
1522640746.711895000	5.9092	1294	0
1522640746.711914000	5.90921	74	1
1522640746.712052000	5.90935	1294	0
1522640746.712120000	5.90942	1294	0
1522640746.712132000	5.90943	74	1
1522640746.712381000	5.90968	1294	0
1522640746.712659000	5.90996	1294	0
1522640746.712673000	5.90997	74	1
1522640746.712951000	5.91025	1294	0
1522640746.713619000	5.91092	1294	0
1522640746.713635000	5.91094	74	1
1522640746.713894000	5.91119	1294	0
1522640746.714189000	5.91149	1294	0
1522640746.714203000	5.9115	74	1
1522640746.714467000	5.91177	1294	0
1522640746.714744000	5.91205	1294	0
1522640746.714759000	5.91206	74	1
1522640746.715037000	5.91234	1294	0
1522640746.715609000	5.91291	895	0
1522640746.715624000	5.91293	74	1
1522640746.715918000	5.91322	1294	0
1522640746.716194000	5.91349	1294	0
1522640746.716207000	5.91351	74	1
1522640746.716798000	5.9141	1294	0
1522640746.717075000	5.91438	1294	0
1522640746.717088000	5.91439	74	1
1522640746.717367000	5.91467	1294	0
1522640746.717540000	5.91484	861	0
1522640746.717555000	5.91486	74	1
1522640747.182842000	6.38014	1294	0
1522640747.183106000	6.38041	1294	0
1522640747.183126000	6.38043	74	1
1522640747.183383000	6.38068	1294	0
1522640747.183681000	6.38098	1294	0
1522640747.183693000	6.38099	74	1
1522640747.184042000	6.38134	1294	0
1522640747.184329000	6.38163	1294	0
1522640747.184342000	6.38164	74	1
1522640747.184605000	6.38191	1294	0
1522640747.184898000	6.3822	1294	0
1522640747.184909000	6.38221	74	1
1522640747.185171000	6.38247	1294	0
1522640747.185462000	6.38276	1294	0
1522640747.185475000	6.38278	74	1
1522640747.186161000	6.38346	1294	0
1522640747.186454000	6.38375	1294	0
1522640747.186467000	6.38377	74	1
1522640747.186744000	6.38404	1294	0
1522640747.186746000	6.38405	305	0
1522640747.186760000	6.38406	74	1
1522640747.187348000	6.38465	1294	0
1522640747.187640000	6.38494	1294	0
1522640747.187651000	6.38495	74	1
1522640747.187919000	6.38522	1294	0
1522640747.188191000	6.38549	1294	0
1522640747.188202000	6.3855	74	1
1522640747.188491000	6.38579	1294	0
1522640747.188784000	6.38608	1294	0
1522640747.188796000	6.3861	74	1
1522640747.189850000	6.38715	1294	0
1522640747.189975000	6.38728	675	0
1522640747.189989000	6.38729	74	1
1522640747.199846000	6.39715	1294	0
1522640747.200100000	6.3974	1294	0
1522640747.200122000	6.39742	74	1
1522640747.200190000	6.39749	1294	0
1522640747.200391000	6.39769	1294	0
1522640747.200404000	6.3977	74	1
1522640747.200461000	6.39776	1294	0
1522640747.200463000	6.39776	1294	0
1522640747.200477000	6.39778	74	1
1522640747.200716000	6.39802	1294	0
1522640747.200718000	6.39802	1294	0
1522640747.200740000	6.39804	74	1
1522640747.200800000	6.3981	1294	0
1522640747.201008000	6.39831	1294	0
1522640747.201011000	6.39831	1294	0
1522640747.201026000	6.39833	74	1
1522640747.201084000	6.39838	1294	0
1522640747.201256000	6.39856	1294	0
1522640747.201258000	6.39856	824	0
1522640747.201277000	6.39858	74	1
1522640747.204470000	6.40177	1294	0
1522640747.204733000	6.40203	1294	0
1522640747.204751000	6.40205	74	1
1522640747.204815000	6.40212	1294	0
1522640747.205021000	6.40232	1294	0
1522640747.205024000	6.40232	1294	0
1522640747.205041000	6.40234	74	1
1522640747.205102000	6.4024	1294	0
1522640747.205316000	6.40262	1294	0
1522640747.205318000	6.40262	1294	0
1522640747.205333000	6.40263	74	1
1522640747.205396000	6.4027	1294	0
1522640747.205564000	6.40286	1294	0
1522640747.205579000	6.40288	74	1
1522640747.205641000	6.40294	1294	0
1522640747.205643000	6.40294	1294	0
1522640747.205655000	6.40296	74	1
1522640747.205872000	6.40317	1294	0
1522640747.205941000	6.40324	1294	0
1522640747.205954000	6.40325	74	1
1522640747.206033000	6.40333	894	0
1522640747.207485000	6.40479	1294	0
1522640747.207510000	6.40481	74	1
1522640747.208801000	6.4061	1294	0
1522640747.209063000	6.40636	1294	0
1522640747.209081000	6.40638	74	1
1522640747.209379000	6.40668	1294	0
1522640747.209637000	6.40694	1294	0
1522640747.209651000	6.40695	74	1
1522640747.209932000	6.40723	1294	0
1522640747.210208000	6.40751	1294	0
1522640747.210219000	6.40752	74	1
1522640747.210911000	6.40821	1294	0
1522640747.211201000	6.4085	1294	0
1522640747.211214000	6.40851	74	1
1522640747.211478000	6.40878	1294	0
1522640747.211632000	6.40893	807	0
1522640747.211644000	6.40894	74	1
1522640747.215680000	6.41298	1294	0
1522640747.216014000	6.41331	1294	0
1522640747.216016000	6.41332	1294	0
1522640747.216034000	6.41333	74	1
1522640747.216196000	6.4135	1294	0
1522640747.216282000	6.41358	1294	0
1522640747.216293000	6.41359	74	1
1522640747.216352000	6.41365	1294	0
1522640747.216489000	6.41379	1294	0
1522640747.216499000	6.4138	74	1
1522640747.216576000	6.41388	1294	0
1522640747.216640000	6.41394	1294	0
1522640747.216650000	6.41395	74	1
1522640747.216787000	6.41409	1294	0
1522640747.216852000	6.41415	1294	0
1522640747.216866000	6.41417	74	1
1522640747.217065000	6.41437	1294	0
1522640747.217137000	6.41444	1294	0
1522640747.217140000	6.41444	187	0
1522640747.217156000	6.41446	74	1
1522640747.217613000	6.41491	74	1
1522640747.218195000	6.4155	1294	0
1522640747.218490000	6.41579	1294	0
1522640747.218504000	6.4158	74	1
1522640747.218768000	6.41607	1294	0
1522640747.219061000	6.41636	1294	0
1522640747.219076000	6.41638	74	1
1522640747.219338000	6.41664	1294	0
1522640747.219635000	6.41694	1294	0
1522640747.219651000	6.41695	74	1
1522640747.219910000	6.41721	1294	0
1522640747.220209000	6.41751	1294	0
1522640747.220223000	6.41752	74	1
1522640747.220486000	6.41779	1294	0
1522640747.221225000	6.41853	1294	0
1522640747.221239000	6.41854	74	1
1522640747.221501000	6.4188	1294	0
1522640747.221775000	6.41908	1294	0
1522640747.221786000	6.41909	74	1
1522640747.222074000	6.41937	1294	0
1522640747.222364000	6.41966	1294	0
1522640747.222378000	6.41968	74	1
1522640747.222642000	6.41994	1294	0
1522640747.222917000	6.42022	1294	0
1522640747.222931000	6.42023	74	1
1522640747.223214000	6.42051	1294	0
1522640747.223284000	6.42058	287	0
1522640747.223295000	6.4206	74	1
1522640747.223415000	6.42072	112	1
1522640747.283204000	6.4805	74	0
1522640747.338865000	6.53617	144	1
1522640747.397642000	6.59494	74	0
1522640747.416345000	6.61365	203	0
1522640747.416703000	6.614	1294	0
1522640747.416730000	6.61403	74	1
1522640747.416816000	6.61412	1294	0
1522640747.417034000	6.61433	1294	0
1522640747.417050000	6.61435	74	1
1522640747.417110000	6.61441	1294	0
1522640747.417112000	6.61441	1294	0
1522640747.417124000	6.61442	74	1
1522640747.417312000	6.61461	1294	0
1522640747.417375000	6.61468	1294	0
1522640747.417386000	6.61469	74	1
1522640747.417447000	6.61475	1294	0
1522640747.417650000	6.61495	1294	0
1522640747.417661000	6.61496	74	1
1522640747.417724000	6.61502	1294	0
1522640747.417726000	6.61503	568	0
1522640747.417742000	6.61504	74	1
1522640747.418161000	6.61546	112	1
1522640747.436093000	6.63339	198	1
1522640747.494155000	6.69146	74	0
1522640747.514883000	6.71218	140	0
1522640747.514886000	6.71219	104	0
1522640747.514946000	6.71225	74	1
1522640747.515014000	6.71231	112	0
1522640747.516147000	6.71345	112	1
1522640747.614980000	6.81228	74	0
1522640747.700396000	6.8977	381	1
1522640747.700574000	6.89787	175	1
1522640747.759990000	6.95729	74	0
1522640747.759992000	6.95729	74	0
1522640747.761982000	6.95928	180	0
1522640747.762983000	6.96028	1294	0
1522640747.762985000	6.96029	1294	0
1522640747.762988000	6.96029	1294	0
1522640747.763014000	6.96031	74	1
1522640747.763984000	6.96128	1294	0
1522640747.763986000	6.96129	1294	0
1522640747.763988000	6.96129	1294	0
1522640747.763991000	6.96129	1294	0
1522640747.763993000	6.96129	1294	0
1522640747.764014000	6.96131	74	1
1522640747.764981000	6.96228	1294	0
1522640747.764984000	6.96228	1294	0
1522640747.764986000	6.96229	1294	0
1522640747.765003000	6.9623	74	1
1522640747.765981000	6.96328	1294	0
1522640747.765983000	6.96328	1294	0
1522640747.766000000	6.9633	74	1
1522640747.766982000	6.96428	1294	0
1522640747.766984000	6.96428	1294	0
1522640747.766986000	6.96429	1294	0
1522640747.767009000	6.96431	74	1
1522640747.767981000	6.96528	1294	0
1522640747.767983000	6.96528	1294	0
1522640747.767985000	6.96529	1294	0
1522640747.768001000	6.9653	74	1
1522640747.768984000	6.96628	1294	0
1522640747.768986000	6.96629	1294	0
1522640747.768989000	6.96629	1294	0
1522640747.769007000	6.96631	74	1
1522640747.769982000	6.96728	1294	0
1522640747.769985000	6.96729	1294	0
1522640747.769987000	6.96729	1294	0
1522640747.770005000	6.96731	74	1
1522640747.770983000	6.96828	1294	0
1522640747.770986000	6.96829	1294	0
1522640747.771003000	6.9683	74	1
1522640747.771983000	6.96928	1294	0
1522640747.771985000	6.96929	1294	0
1522640747.771988000	6.96929	1294	0
1522640747.772006000	6.96931	74	1
1522640747.772980000	6.97028	1294	0
1522640747.772982000	6.97028	1294	0
1522640747.772985000	6.97029	1294	0
1522640747.773003000	6.9703	74	1
1522640747.773981000	6.97128	1294	0
1522640747.773984000	6.97128	1294	0
1522640747.774003000	6.9713	74	1
1522640747.774982000	6.97228	1294	0
1522640747.774986000	6.97229	1294	0
1522640747.774988000	6.97229	1294	0
1522640747.775007000	6.97231	74	1
1522640747.775982000	6.97328	1294	0
1522640747.775984000	6.97328	1294	0
1522640747.775986000	6.97329	1294	0
1522640747.776004000	6.9733	74	1
1522640747.776984000	6.97428	1294	0
1522640747.776987000	6.97429	1294	0
1522640747.776989000	6.97429	1294	0
1522640747.777010000	6.97431	74	1
1522640747.777981000	6.97528	1294	0
1522640747.778983000	6.97628	1294	0
1522640747.778985000	6.97629	1294	0
1522640747.778987000	6.97629	1294	0
1522640747.778989000	6.97629	1294	0
1522640747.779008000	6.97631	74	1
1522640747.779983000	6.97728	1294	0
1522640747.779986000	6.97729	1294	0
1522640747.779989000	6.97729	1294	0
1522640747.779991000	6.97729	1294	0
1522640747.780012000	6.97731	74	1
1522640747.780981000	6.97828	1294	0
1522640747.780984000	6.97828	1294	0
1522640747.780987000	6.97829	1294	0
1522640747.781002000	6.9783	74	1
1522640747.781982000	6.97928	1294	0
1522640747.781984000	6.97929	1294	0
1522640747.782001000	6.9793	74	1
1522640747.782982000	6.98028	1294	0
1522640747.782985000	6.98029	1294	0
1522640747.782987000	6.98029	1294	0
1522640747.782989000	6.98029	1294	0
1522640747.783005000	6.98031	74	1
1522640747.783980000	6.98128	1294	0
1522640747.783983000	6.98128	1294	0
1522640747.783998000	6.9813	74	1
1522640747.784982000	6.98228	1294	0
1522640747.784984000	6.98229	1294	0
1522640747.785000000	6.9823	74	1
1522640747.785983000	6.98328	1294	0
1522640747.785985000	6.98329	1294	0
1522640747.785999000	6.9833	74	1
1522640747.786984000	6.98428	1294	0
1522640747.786987000	6.98429	1294	0
1522640747.786989000	6.98429	1294	0
1522640747.786991000	6.98429	1294	0
1522640747.787008000	6.98431	74	1
1522640747.787980000	6.98528	1294	0
1522640747.787983000	6.98528	1294	0
1522640747.787998000	6.9853	74	1
1522640747.788982000	6.98628	1294	0
1522640747.788985000	6.98629	1294	0
1522640747.788987000	6.98629	1294	0
1522640747.789004000	6.9863	74	1
1522640747.789981000	6.98728	1294	0
1522640747.789984000	6.98728	1294	0
1522640747.789986000	6.98729	627	0
1522640747.790001000	6.9873	74	1
1522640747.790167000	6.98747	112	1
1522640747.800067000	6.99737	214	0
1522640747.800069000	6.99737	104	0
1522640747.800121000	6.99742	74	1
1522640747.899015000	7.09632	74	0
1522640747.923645000	7.12095	403	1
1522640747.983001000	7.1803	74	0
1522640747.990257000	7.18756	137	1
1522640748.002692000	7.19999	140	0
1522640748.002695000	7.2	104	0
1522640748.002751000	7.20005	74	1
1522640748.002994000	7.20029	112	0
1522640748.003637000	7.20094	112	1
1522640748.049518000	7.24682	135	0
1522640748.106841000	7.30414	74	0
1522640748.248052000	7.44535	74	1
1522640749.920511000	9.11781	362	1
1522640749.981531000	9.17883	74	0
1522640750.002145000	9.19945	140	0
1522640750.002147000	9.19945	104	0
1522640750.002177000	9.19948	74	1
1522640750.002252000	9.19955	112	0
1522640750.002497000	9.1998	112	1
1522640750.110709000	9.30801	74	0
1522640752.202663000	11.4	347	1
1522640752.262877000	11.4602	74	0
1522640752.284513000	11.4818	140	0
1522640752.284515000	11.4818	104	0
1522640752.284542000	11.4818	74	1
1522640752.284621000	11.4819	112	0
1522640752.285436000	11.4827	112	1
1522640752.383655000	11.581	74	0
