1522713439.833345000	0	317	1
1522713439.846003000	0.0126581	74	0
1522713439.867273000	0.0339282	140	0
1522713439.867276000	0.033931	104	0
1522713439.867332000	0.033987	74	1
1522713439.867627000	0.034282	112	0
1522713439.867826000	0.034481	112	1
1522713439.919809000	0.0864642	74	0
1522713442.200049000	2.3667	188	1
1522713442.213031000	2.37969	74	0
1522713442.258283000	2.42494	233	0
1522713442.258285000	2.42494	337	0
1522713442.258319000	2.42497	74	1
1522713442.258388000	2.42504	112	0
1522713442.258816000	2.42547	112	1
1522713442.271848000	2.4385	74	0
1522713442.553181000	2.71984	189	1
1522713442.566730000	2.73339	74	0
1522713442.608827000	2.77548	148	0
1522713442.608923000	2.77558	520	0
1522713442.608943000	2.7756	74	1
1522713442.610283000	2.77694	104	0
1522713442.610285000	2.77694	112	0
1522713442.610313000	2.77697	74	1
1522713442.610835000	2.77749	112	1
1522713442.624046000	2.7907	74	0
1522713442.857863000	3.02452	189	1
1522713442.870860000	3.03752	74	0
1522713442.906920000	3.07358	170	0
1522713442.906922000	3.07358	306	0
1522713442.906959000	3.07361	74	1
1522713442.908261000	3.07492	104	0
1522713442.908263000	3.07492	112	0
1522713442.908292000	3.07495	74	1
1522713442.908853000	3.07551	112	1
1522713442.961540000	3.1282	74	0
1522713443.156578000	3.32323	190	1
1522713443.170178000	3.33683	74	0
1522713443.204240000	3.3709	147	0
1522713443.204749000	3.3714	311	0
1522713443.204770000	3.37143	74	1
1522713443.205999000	3.37265	104	0
1522713443.206001000	3.37266	112	0
1522713443.206019000	3.37267	74	1
1522713443.206156000	3.37281	112	1
1522713443.259015000	3.42567	74	0
1522713443.631103000	3.79776	193	1
1522713443.643617000	3.81027	74	0
1522713443.682634000	3.84929	147	0
1522713443.682723000	3.84938	342	0
1522713443.682725000	3.84938	112	0
1522713443.682749000	3.8494	74	1
1522713443.683052000	3.84971	112	1
1522713443.736650000	3.90331	74	0
1522713444.217534000	4.38419	196	1
1522713444.229996000	4.39665	74	0
1522713444.265967000	4.43262	170	0
1522713444.266063000	4.43272	314	0
1522713444.266066000	4.43272	104	0
1522713444.266087000	4.43274	74	1
1522713444.266368000	4.43302	112	0
1522713444.266534000	4.43319	112	1
1522713444.320662000	4.48732	74	0
1522713444.521661000	4.68832	198	1
1522713444.534284000	4.70094	74	0
1522713444.572892000	4.73955	147	0
1522713444.572987000	4.73964	316	0
1522713444.572989000	4.73964	112	0
1522713444.573005000	4.73966	74	1
1522713444.573356000	4.74001	112	1
1522713444.638710000	4.80537	74	0
1522713444.651009000	4.81766	198	1
1522713444.663914000	4.83057	74	0
1522713444.705739000	4.87239	147	0
1522713444.705832000	4.87249	296	0
1522713444.705834000	4.87249	104	0
1522713444.705836000	4.87249	112	0
1522713444.705851000	4.87251	74	1
1522713444.706232000	4.87289	112	1
1522713444.719441000	4.8861	74	0
1522713445.749402000	5.91606	201	1
1522713445.761941000	5.9286	74	0
1522713445.798596000	5.96525	171	0
1522713445.798699000	5.96535	281	0
1522713445.798715000	5.96537	74	1
1522713445.799250000	5.9659	104	0
1522713445.799591000	5.96625	112	0
1522713445.799605000	5.96626	74	1
1522713445.800089000	5.96674	112	1
1522713445.851796000	6.01845	74	0
1522713446.167170000	6.33383	204	1
1522713446.179777000	6.34643	74	0
1522713446.215266000	6.38192	148	0
1522713446.215352000	6.38201	322	0
1522713446.215354000	6.38201	112	0
1522713446.215369000	6.38202	74	1
1522713446.215681000	6.38234	112	1
1522713446.268873000	6.43553	74	0
1522713446.932323000	7.09898	187	1
1522713446.944821000	7.11148	74	0
1522713447.034005000	7.20066	216	0
1522713447.034294000	7.20095	1294	0
1522713447.034296000	7.20095	1294	0
1522713447.034317000	7.20097	74	1
1522713447.034587000	7.20124	1294	0
1522713447.034589000	7.20124	1294	0
1522713447.034607000	7.20126	74	1
1522713447.034857000	7.20151	1294	0
1522713447.034925000	7.20158	1294	0
1522713447.034936000	7.20159	74	1
1522713447.035130000	7.20179	1294	0
1522713447.035196000	7.20185	1138	0
1522713447.035206000	7.20186	74	1
1522713447.036633000	7.20329	1294	0
1522713447.036917000	7.20357	1294	0
1522713447.036934000	7.20359	74	1
1522713447.037209000	7.20386	1294	0
1522713447.037277000	7.20393	1294	0
1522713447.037288000	7.20394	74	1
1522713447.037535000	7.20419	1294	0
1522713447.037537000	7.20419	1294	0
1522713447.037555000	7.20421	74	1
1522713447.037614000	7.20427	1294	0
1522713447.037823000	7.20448	1294	0
1522713447.037825000	7.20448	1294	0
1522713447.037843000	7.2045	74	1
1522713447.038097000	7.20475	1294	0
1522713447.038099000	7.20475	1294	0
1522713447.038113000	7.20477	74	1
1522713447.038229000	7.20488	1294	0
1522713447.038334000	7.20499	1294	0
1522713447.038338000	7.20499	105	0
1522713447.038354000	7.20501	74	1
1522713447.038414000	7.20507	1294	0
1522713447.038498000	7.20515	1294	0
1522713447.038507000	7.20516	74	1
1522713447.038605000	7.20526	1294	0
1522713447.038673000	7.20533	1294	0
1522713447.038686000	7.20534	74	1
1522713447.038798000	7.20545	1294	0
1522713447.038905000	7.20556	1294	0
1522713447.038907000	7.20556	399	0
1522713447.038925000	7.20558	74	1
1522713447.441750000	7.60841	1294	0
1522713447.442054000	7.60871	1294	0
1522713447.442075000	7.60873	74	1
1522713447.442222000	7.60888	1294	0
1522713447.442328000	7.60898	1294	0
1522713447.442340000	7.60899	74	1
1522713447.442496000	7.60915	1294	0
1522713447.442498000	7.60915	1294	0
1522713447.442513000	7.60917	74	1
1522713447.442617000	7.60927	1294	0
1522713447.442780000	7.60944	1294	0
1522713447.442782000	7.60944	1294	0
1522713447.442794000	7.60945	74	1
1522713447.442920000	7.60958	1294	0
1522713447.443067000	7.60972	1294	0
1522713447.443070000	7.60972	825	0
1522713447.443088000	7.60974	74	1
1522713447.447377000	7.61403	1294	0
1522713447.447671000	7.61433	1294	0
1522713447.447689000	7.61434	74	1
1522713447.447794000	7.61445	1294	0
1522713447.447955000	7.61461	1294	0
1522713447.447967000	7.61462	74	1
1522713447.448029000	7.61468	508	0
1522713447.460385000	7.62704	144	1
1522713447.463884000	7.63054	1294	0
1522713447.464221000	7.63088	1294	0
1522713447.464224000	7.63088	1294	0
1522713447.464239000	7.63089	74	1
1522713447.464513000	7.63117	1294	0
1522713447.464515000	7.63117	1294	0
1522713447.464530000	7.63119	74	1
1522713447.464591000	7.63125	1294	0
1522713447.464787000	7.63144	1294	0
1522713447.464790000	7.63145	1294	0
1522713447.464811000	7.63147	74	1
1522713447.464870000	7.63153	1294	0
1522713447.465055000	7.63171	1294	0
1522713447.465069000	7.63172	74	1
1522713447.465136000	7.63179	1294	0
1522713447.465144000	7.6318	1294	0
1522713447.465160000	7.63181	74	1
1522713447.465298000	7.63195	1294	0
1522713447.465300000	7.63196	187	0
1522713447.465314000	7.63197	74	1
1522713447.467210000	7.63387	1294	0
1522713447.467448000	7.6341	1294	0
1522713447.467462000	7.63412	74	1
1522713447.467520000	7.63418	1294	0
1522713447.467784000	7.63444	1294	0
1522713447.467787000	7.63444	1294	0
1522713447.467789000	7.63444	1294	0
1522713447.467804000	7.63446	74	1
1522713447.468008000	7.63466	1294	0
1522713447.468086000	7.63474	1294	0
1522713447.468088000	7.63474	1294	0
1522713447.468101000	7.63476	74	1
1522713447.468271000	7.63493	1294	0
1522713447.468346000	7.635	1294	0
1522713447.468348000	7.635	1294	0
1522713447.468359000	7.63501	74	1
1522713447.468599000	7.63525	1294	0
1522713447.468602000	7.63526	901	0
1522713447.468615000	7.63527	74	1
1522713447.468675000	7.63533	1294	0
1522713447.468779000	7.63543	1294	0
1522713447.468793000	7.63545	74	1
1522713447.468850000	7.6355	1294	0
1522713447.468853000	7.63551	189	0
1522713447.468854000	7.63551	112	0
1522713447.468865000	7.63552	74	1
1522713447.468974000	7.63563	112	1
1522713447.477784000	7.64444	74	0
1522713447.482196000	7.64885	74	0
1522713447.496208000	7.66286	203	0
1522713447.496576000	7.66323	1294	0
1522713447.496601000	7.66326	74	1
1522713447.496888000	7.66354	1294	0
1522713447.496890000	7.66355	1294	0
1522713447.496905000	7.66356	74	1
1522713447.497183000	7.66384	1294	0
1522713447.497185000	7.66384	1294	0
1522713447.497188000	7.66384	1294	0
1522713447.497203000	7.66386	74	1
1522713447.497417000	7.66407	1294	0
1522713447.497481000	7.66414	1294	0
1522713447.497484000	7.66414	1294	0
1522713447.497499000	7.66415	74	1
1522713447.497695000	7.66435	1294	0
1522713447.497759000	7.66441	500	0
1522713447.497761000	7.66442	142	0
1522713447.497771000	7.66443	74	1
1522713447.497884000	7.66454	112	1
1522713447.550779000	7.71743	74	0
1522713447.553442000	7.7201	198	1
1522713447.566619000	7.73327	74	0
1522713447.587941000	7.7546	140	0
1522713447.587944000	7.7546	104	0
1522713447.587993000	7.75465	74	1
1522713447.588059000	7.75471	112	0
1522713447.589119000	7.75577	112	1
1522713447.643008000	7.80966	74	0
1522713447.752994000	7.91965	346	1
1522713447.765491000	7.93215	74	0
1522713447.767481000	7.93414	202	0
1522713447.767835000	7.93449	1294	0
1522713447.767858000	7.93451	74	1
1522713447.768048000	7.9347	1294	0
1522713447.768122000	7.93478	1294	0
1522713447.768133000	7.93479	74	1
1522713447.768336000	7.93499	1294	0
1522713447.768426000	7.93508	1294	0
1522713447.768439000	7.93509	74	1
1522713447.768615000	7.93527	1294	0
1522713447.768712000	7.93537	1294	0
1522713447.768723000	7.93538	74	1
1522713447.768789000	7.93544	1294	0
1522713447.768796000	7.93545	1294	0
1522713447.768810000	7.93547	74	1
1522713447.768907000	7.93556	1294	0
1522713447.768991000	7.93565	1294	0
1522713447.769007000	7.93566	74	1
1522713447.769070000	7.93572	1294	0
1522713447.769073000	7.93573	1294	0
1522713447.769075000	7.93573	1294	0
1522713447.769087000	7.93574	74	1
1522713447.769199000	7.93585	1294	0
1522713447.769270000	7.93593	1294	0
1522713447.769280000	7.93594	74	1
1522713447.769340000	7.936	1294	0
1522713447.769342000	7.936	1294	0
1522713447.769355000	7.93601	74	1
1522713447.769416000	7.93607	1294	0
1522713447.769489000	7.93614	1294	0
1522713447.769500000	7.93616	74	1
1522713447.769560000	7.93622	1294	0
1522713447.769624000	7.93628	1294	0
1522713447.769626000	7.93628	1294	0
1522713447.769628000	7.93628	1294	0
1522713447.769640000	7.9363	74	1
1522713447.769748000	7.9364	1294	0
1522713447.769884000	7.93654	1294	0
1522713447.769887000	7.93654	1294	0
1522713447.769897000	7.93655	74	1
1522713447.769954000	7.93661	1294	0
1522713447.770039000	7.93669	1294	0
1522713447.770050000	7.93671	74	1
1522713447.770177000	7.93683	1294	0
1522713447.770180000	7.93684	1294	0
1522713447.770196000	7.93685	74	1
1522713447.770253000	7.93691	1294	0
1522713447.770327000	7.93698	1294	0
1522713447.770336000	7.93699	74	1
1522713447.770442000	7.9371	1294	0
1522713447.770514000	7.93717	1294	0
1522713447.770525000	7.93718	74	1
1522713447.770759000	7.93741	1294	0
1522713447.770825000	7.93748	1294	0
1522713447.770834000	7.93749	74	1
1522713447.771038000	7.93769	1294	0
1522713447.771103000	7.93776	1294	0
1522713447.771116000	7.93777	74	1
1522713447.771338000	7.93799	1294	0
1522713447.771340000	7.93799	1294	0
1522713447.771354000	7.93801	74	1
1522713447.771415000	7.93807	1294	0
1522713447.771562000	7.93822	1294	0
1522713447.771573000	7.93823	74	1
1522713447.771629000	7.93828	1294	0
1522713447.771632000	7.93829	1294	0
1522713447.771645000	7.9383	74	1
1522713447.771705000	7.93836	1294	0
1522713447.771773000	7.93843	74	1
1522713447.771881000	7.93854	1294	0
1522713447.771954000	7.93861	1294	0
1522713447.771956000	7.93861	1294	0
1522713447.771958000	7.93861	1294	0
1522713447.771971000	7.93863	74	1
1522713447.772172000	7.93883	1294	0
1522713447.772174000	7.93883	1294	0
1522713447.772186000	7.93884	74	1
1522713447.772246000	7.9389	1294	0
1522713447.772249000	7.9389	1294	0
1522713447.772264000	7.93892	74	1
1522713447.772460000	7.93912	1294	0
1522713447.772527000	7.93918	1294	0
1522713447.772529000	7.93918	1294	0
1522713447.772540000	7.9392	74	1
1522713447.772723000	7.93938	1294	0
1522713447.772998000	7.93965	1294	0
1522713447.773013000	7.93967	74	1
1522713447.773173000	7.93983	840	0
1522713447.773786000	7.94044	112	1
1522713447.804689000	7.97134	174	1
1522713447.817777000	7.98443	74	0
1522713447.843280000	8.00994	214	0
1522713447.843282000	8.00994	104	0
1522713447.843349000	8.01	74	1
1522713447.843417000	8.01007	112	0
1522713447.844274000	8.01093	112	1
1522713447.895937000	8.06259	74	0
1522713448.006023000	8.17268	401	1
1522713448.019179000	8.18583	74	0
1522713448.026329000	8.19298	347	1
1522713448.039870000	8.20653	140	0
1522713448.039947000	8.2066	104	0
1522713448.039949000	8.2066	112	0
1522713448.039964000	8.20662	74	1
1522713448.040667000	8.20732	112	1
1522713448.053225000	8.21988	74	0
1522713448.061866000	8.22852	140	0
1522713448.061869000	8.22852	104	0
1522713448.061871000	8.22853	112	0
1522713448.061898000	8.22855	74	1
1522713448.062590000	8.22924	112	1
1522713448.124479000	8.29113	74	0
1522713449.921150000	10.0878	309	1
1522713449.933825000	10.1005	74	0
1522713449.955127000	10.1218	140	0
1522713449.955129000	10.1218	104	0
1522713449.955166000	10.1218	74	1
1522713449.955232000	10.1219	112	0
1522713449.955558000	10.1222	112	1
1522713450.009307000	10.176	74	0
