1522727007.891369000	0	74	1
1522727007.911806000	0.020437	140	1
1522727007.911808000	0.0204389	104	1
1522727007.911854000	0.0204849	74	0
1522727007.911933000	0.0205638	112	1
1522727007.912291000	0.0209219	112	0
1522727008.276538000	0.385169	74	1
1522727010.506409000	2.61504	188	0
1522727010.710650000	2.81928	108	0
1522727010.711007000	2.81964	188	0
1522727010.862274000	2.9709	189	0
1522727010.862339000	2.97097	74	1
1522727010.862582000	2.97121	108	0
1522727010.908951000	3.01758	234	1
1522727010.909056000	3.01769	328	1
1522727010.909058000	3.01769	112	1
1522727010.909089000	3.01772	74	0
1522727010.909358000	3.01799	112	0
1522727011.032399000	3.14103	74	1
1522727011.043338000	3.15197	74	1
1522727011.091054000	3.19968	148	1
1522727011.091056000	3.19969	289	1
1522727011.091058000	3.19969	104	1
1522727011.091090000	3.19972	74	0
1522727011.168440000	3.27707	191	0
1522727011.168635000	3.27727	108	0
1522727011.224039000	3.33267	74	1
1522727011.224041000	3.33267	74	1
1522727011.259195000	3.36783	147	1
1522727011.259281000	3.36791	332	1
1522727011.259284000	3.36791	104	1
1522727011.259313000	3.36794	74	0
1522727011.423100000	3.53173	192	0
1522727011.423296000	3.53193	108	0
1522727011.495757000	3.60439	86	1
1522727011.497949000	3.60658	86	1
1522727011.629135000	3.73777	108	0
1522727011.629515000	3.73815	195	0
1522727011.744396000	3.85303	86	1
1522727011.744398000	3.85303	86	1
1522727012.036635000	4.14527	108	0
1522727012.036743000	4.14537	195	0
1522727012.193167000	4.3018	86	1
1522727012.226575000	4.33521	171	1
1522727012.226683000	4.33531	293	1
1522727012.226685000	4.33532	104	1
1522727012.226712000	4.33534	74	0
1522727012.226788000	4.33542	112	1
1522727012.227066000	4.3357	112	0
1522727012.312489000	4.42112	74	1
1522727012.349163000	4.45779	147	1
1522727012.349165000	4.4578	313	1
1522727012.349167000	4.4578	104	1
1522727012.349200000	4.45783	74	0
1522727012.436289000	4.54492	198	0
1522727012.583237000	4.69187	86	1
1522727012.844567000	4.9532	108	0
1522727012.844927000	4.95356	200	0
1522727012.907225000	5.01586	86	1
1522727012.909521000	5.01815	86	1
1522727012.909523000	5.01815	86	1
1522727012.941563000	5.05019	171	1
1522727012.941650000	5.05028	282	1
1522727012.941652000	5.05028	104	1
1522727012.941653000	5.05028	112	1
1522727012.941667000	5.0503	74	0
1522727012.941999000	5.05063	112	0
1522727013.034142000	5.14277	74	1
1522727014.624571000	6.7332	208	0
1522727014.818203000	6.92683	74	1
1522727014.826191000	6.93482	209	0
1522727014.826509000	6.93514	108	0
1522727014.852945000	6.96158	170	1
1522727014.852948000	6.96158	304	1
1522727014.852950000	6.96158	112	1
1522727014.853000000	6.96163	74	0
1522727014.853404000	6.96203	112	0
1522727014.878596000	6.98723	74	1
1522727014.915827000	7.02446	148	1
1522727014.915830000	7.02446	317	1
1522727014.915833000	7.02446	112	1
1522727014.915880000	7.02451	74	0
1522727014.916281000	7.02491	112	0
1522727014.925338000	7.03397	209	0
1522727014.967362000	7.07599	74	1
1522727015.003586000	7.11222	148	1
1522727015.003686000	7.11232	297	1
1522727015.003709000	7.11234	74	0
1522727015.004083000	7.11271	104	1
1522727015.004149000	7.11278	112	1
1522727015.004167000	7.1128	74	0
1522727015.004256000	7.11289	112	0
1522727015.093794000	7.20243	210	0
1522727015.312374000	7.42101	74	1
1522727015.352019000	7.46065	147	1
1522727015.352022000	7.46065	330	1
1522727015.352063000	7.46069	74	0
1522727015.352133000	7.46076	104	1
1522727015.352135000	7.46077	112	1
1522727015.352154000	7.46078	74	0
1522727015.352587000	7.46122	112	0
1522727015.386641000	7.49527	211	0
1522727015.444400000	7.55303	74	1
1522727015.490337000	7.59897	74	1
1522727015.526761000	7.63539	171	1
1522727015.526848000	7.63548	330	1
1522727015.526850000	7.63548	112	1
1522727015.526869000	7.6355	74	0
1522727015.527312000	7.63594	112	0
1522727015.530555000	7.63919	212	0
1522727015.813311000	7.92194	108	0
1522727015.813686000	7.92232	212	0
1522727015.868581000	7.97721	74	1
1522727015.904335000	8.01297	144	1
1522727015.904338000	8.01297	330	1
1522727015.904401000	8.01303	74	0
1522727015.904605000	8.01324	112	1
1522727015.904861000	8.01349	112	0
1522727015.949794000	8.05842	86	1
1522727015.993529000	8.10216	193	0
1522727016.307054000	8.41568	86	1
1522727016.750703000	8.85933	86	1
1522727016.788508000	8.89714	170	1
1522727016.788948000	8.89758	296	1
1522727016.788973000	8.8976	74	0
1522727016.789403000	8.89803	104	1
1522727016.790025000	8.89866	112	1
1522727016.790044000	8.89867	74	0
1522727016.790204000	8.89883	112	0
1522727016.839508000	8.94814	216	1
1522727016.839845000	8.94848	1294	1
1522727016.839881000	8.94851	74	0
1522727016.839949000	8.94858	1294	1
1522727016.840145000	8.94878	1294	1
1522727016.840165000	8.9488	74	0
1522727016.840258000	8.94889	1294	1
1522727016.840532000	8.94916	1294	1
1522727016.840557000	8.94919	74	0
1522727016.986008000	9.09464	1294	1
1522727016.986259000	9.09489	1294	1
1522727016.986291000	9.09492	74	0
1522727016.986363000	9.09499	1294	1
1522727016.986550000	9.09518	1294	1
1522727016.986564000	9.09519	74	0
1522727017.027350000	9.13598	74	1
1522727017.065008000	9.17364	1294	1
1522727017.065186000	9.17382	1294	1
1522727017.065212000	9.17384	74	0
1522727017.065285000	9.17392	1294	1
1522727017.065600000	9.17423	1294	1
1522727017.065617000	9.17425	74	0
1522727017.074260000	9.18289	1294	1
1522727017.074548000	9.18318	1294	1
1522727017.074567000	9.1832	74	0
1522727017.230498000	9.33913	1294	1
1522727017.230741000	9.33937	1294	1
1522727017.230765000	9.3394	74	0
1522727017.230834000	9.33946	1294	1
1522727017.231002000	9.33963	1294	1
1522727017.231018000	9.33965	74	0
1522727017.334856000	9.44349	1294	1
1522727017.346012000	9.45464	1294	1
1522727017.346056000	9.45469	74	0
1522727017.588519000	9.69715	1294	1
1522727017.602028000	9.71066	1294	1
1522727017.602071000	9.7107	74	0
1522727017.629130000	9.73776	1294	1
1522727017.656160000	9.76479	1294	1
1522727017.656201000	9.76483	74	0
1522727017.683288000	9.79192	1294	1
1522727017.711477000	9.82011	1294	1
1522727017.711530000	9.82016	74	0
1522727017.901622000	10.0103	1294	1
1522727017.914933000	10.0236	1294	1
1522727017.914996000	10.0236	74	0
1522727017.983539000	10.0922	1294	1
1522727017.994354000	10.103	1294	1
1522727017.994409000	10.103	74	0
1522727018.016105000	10.1247	1294	1
1522727018.037747000	10.1464	1294	1
1522727018.037787000	10.1464	74	0
1522727018.224235000	10.3329	1294	1
1522727018.241806000	10.3504	1294	1
1522727018.241855000	10.3505	74	0
1522727018.308851000	10.4175	1294	1
1522727018.321932000	10.4306	1294	1
1522727018.321993000	10.4306	74	0
1522727018.348704000	10.4573	1294	1
1522727018.376059000	10.4847	1294	1
1522727018.376115000	10.4847	74	0
1522727018.419762000	10.5284	144	0
1522727018.551245000	10.6599	1294	1
1522727018.565162000	10.6738	1294	1
1522727018.565236000	10.6739	74	0
1522727018.592390000	10.701	1294	1
1522727018.619697000	10.7283	1294	1
1522727018.619761000	10.7284	74	0
1522727018.646059000	10.7547	1294	1
1522727018.673133000	10.7818	1294	1
1522727018.673161000	10.7818	74	0
1522727018.898920000	11.0076	1294	1
1522727018.911348000	11.02	1294	1
1522727018.911379000	11.02	74	0
1522727018.938197000	11.0468	1294	1
1522727018.966213000	11.0748	1294	1
1522727018.966254000	11.0749	74	0
1522727018.992478000	11.1011	1294	1
1522727019.019669000	11.1283	1294	1
1522727019.019713000	11.1283	74	0
1522727019.218161000	11.3268	1294	1
