1522644138.019238000	0	86	1
1522644138.079498000	0.0602601	86	0
1522644138.079530000	0.060292	74	1
1522644138.079708000	0.0604701	276	1
1522644138.140051000	0.120813	74	0
1522644138.158220000	0.138982	1294	0
1522644138.158529000	0.139291	1294	0
1522644138.158532000	0.139294	199	0
1522644138.158560000	0.139322	74	1
1522644138.649930000	0.630692	316	1
1522644138.654138000	0.6349	159	1
1522644138.654345000	0.635107	474	1
1522644138.710575000	0.691337	344	0
1522644138.717580000	0.698342	135	0
1522644138.717614000	0.698376	74	1
1522644138.717832000	0.698594	104	1
1522644138.718210000	0.698972	104	0
1522644138.800767000	0.781529	651	0
1522644138.800807000	0.781569	74	1
1522644138.801029000	0.781791	1294	0
1522644138.801178000	0.78194	1294	0
1522644138.801191000	0.781953	74	1
1522644138.801328000	0.78209	1294	0
1522644138.801488000	0.78225	1294	0
1522644138.801500000	0.782262	74	1
1522644138.801633000	0.782395	1294	0
1522644138.801751000	0.782513	1294	0
1522644138.801762000	0.782524	74	1
1522644138.801934000	0.782696	1294	0
1522644138.801936000	0.782698	650	0
1522644138.801947000	0.782709	74	1
1522644138.806369000	0.787131	1294	0
1522644138.806628000	0.78739	1294	0
1522644138.806653000	0.787415	74	1
1522644138.806717000	0.787479	1294	0
1522644138.806907000	0.787669	1294	0
1522644138.806917000	0.787679	74	1
1522644138.807185000	0.787947	1294	0
1522644138.872431000	0.853193	1294	0
1522644138.872489000	0.853251	74	1
1522644138.872721000	0.853483	1294	0
1522644138.872996000	0.853758	1294	0
1522644138.873011000	0.853773	74	1
1522644138.873327000	0.854089	1294	0
1522644138.873425000	0.854187	1294	0
1522644138.873442000	0.854204	74	1
1522644138.873634000	0.854396	1294	0
1522644138.873704000	0.854466	1294	0
1522644138.873714000	0.854476	74	1
1522644138.873910000	0.854672	1294	0
1522644138.873978000	0.85474	1294	0
1522644138.873987000	0.854749	74	1
1522644138.874175000	0.854937	1294	0
1522644138.874240000	0.855002	1294	0
1522644138.874251000	0.855013	74	1
1522644138.874463000	0.855225	1294	0
1522644138.874466000	0.855228	1294	0
1522644138.874481000	0.855243	74	1
1522644138.874539000	0.855301	1294	0
1522644138.875089000	0.855851	1294	0
1522644138.875104000	0.855866	74	1
1522644138.875365000	0.856127	1294	0
1522644138.880041000	0.860803	1294	0
1522644138.880083000	0.860845	74	1
1522644138.880307000	0.861069	1294	0
1522644138.881586000	0.862348	1294	0
1522644138.881601000	0.862363	74	1
1522644138.881863000	0.862625	1294	0
1522644138.886812000	0.867574	1294	0
1522644138.886851000	0.867613	74	1
1522644138.887121000	0.867883	1294	0
1522644138.892843000	0.873605	1294	0
1522644138.892874000	0.873636	74	1
1522644138.893107000	0.873869	1294	0
1522644138.893385000	0.874147	1294	0
1522644138.893409000	0.874171	74	1
1522644138.893662000	0.874424	1294	0
1522644138.899482000	0.880244	1294	0
1522644138.899527000	0.880289	74	1
1522644138.933161000	0.913923	1294	0
1522644138.933451000	0.914213	1294	0
1522644138.933477000	0.914239	74	1
1522644138.936335000	0.917097	1294	0
1522644138.936606000	0.917368	1294	0
1522644138.936621000	0.917383	74	1
1522644138.936884000	0.917646	1294	0
1522644138.937164000	0.917926	1294	0
1522644138.937178000	0.91794	74	1
1522644138.941841000	0.922603	1294	0
1522644138.942130000	0.922892	1294	0
1522644138.942157000	0.922919	74	1
1522644138.943965000	0.924727	329	1
1522644138.944035000	0.924797	169	1
1522644138.946894000	0.927656	1294	0
1522644138.947186000	0.927948	1294	0
1522644138.947203000	0.927965	74	1
1522644138.949851000	0.930613	1294	0
1522644138.950161000	0.930923	1294	0
1522644138.950178000	0.93094	74	1
1522644138.952372000	0.933134	1294	0
1522644138.952672000	0.933434	1294	0
1522644138.952691000	0.933453	74	1
1522644138.954698000	0.93546	1294	0
1522644138.954847000	0.935609	723	0
1522644138.954862000	0.935624	74	1
1522644138.954993000	0.935755	112	1
1522644139.006565000	0.987327	74	0
1522644139.021465000	1.00223	252	0
1522644139.021812000	1.00257	1294	0
1522644139.021831000	1.00259	74	1
1522644139.021937000	1.0027	1294	0
1522644139.022107000	1.00287	1294	0
1522644139.022120000	1.00288	74	1
1522644139.022233000	1.003	1294	0
1522644139.022300000	1.00306	395	0
1522644139.022302000	1.00306	104	0
1522644139.022304000	1.00307	112	0
1522644139.022319000	1.00308	74	1
1522644139.022996000	1.00376	112	1
1522644139.025636000	1.0064	147	0
1522644139.025997000	1.00676	1294	0
1522644139.026016000	1.00678	74	1
1522644139.026294000	1.00706	1294	0
1522644139.026365000	1.00713	1294	0
1522644139.026377000	1.00714	74	1
1522644139.026594000	1.00736	1294	0
1522644139.026887000	1.00765	1294	0
1522644139.026889000	1.00765	87	0
1522644139.026904000	1.00767	74	1
1522644139.069676000	1.05044	255	1
1522644139.079765000	1.06053	244	1
1522644139.128415000	1.10918	74	0
1522644139.130505000	1.11127	263	0
1522644139.131212000	1.11197	1294	0
1522644139.131232000	1.11199	74	1
1522644139.131451000	1.11221	1294	0
1522644139.131517000	1.11228	1294	0
1522644139.131529000	1.11229	74	1
1522644139.131731000	1.11249	1294	0
1522644139.131816000	1.11258	1294	0
1522644139.131827000	1.11259	74	1
1522644139.132116000	1.11288	1294	0
1522644139.133058000	1.11382	1294	0
1522644139.133071000	1.11383	74	1
1522644139.134091000	1.11485	1294	0
1522644139.134366000	1.11513	1294	0
1522644139.134378000	1.11514	74	1
1522644139.137540000	1.1183	1294	0
1522644139.137817000	1.11858	1294	0
1522644139.137832000	1.11859	74	1
1522644139.138105000	1.11887	1294	0
1522644139.138419000	1.11918	1294	0
1522644139.138431000	1.11919	74	1
1522644139.140565000	1.12133	1294	0
1522644139.140902000	1.12166	1294	0
1522644139.140920000	1.12168	74	1
1522644139.144025000	1.12479	1294	0
1522644139.144301000	1.12506	1294	0
1522644139.144318000	1.12508	74	1
1522644139.144596000	1.12536	1294	0
1522644139.144872000	1.12563	1294	0
1522644139.144886000	1.12565	74	1
1522644139.146797000	1.12756	1294	0
1522644139.147058000	1.12782	1294	0
1522644139.147087000	1.12785	74	1
1522644139.147334000	1.1281	1294	0
1522644139.147628000	1.12839	1294	0
1522644139.147643000	1.12841	74	1
1522644139.149982000	1.13074	1294	0
1522644139.150258000	1.13102	1294	0
1522644139.150273000	1.13104	74	1
1522644139.153847000	1.13461	1294	0
1522644139.154670000	1.13543	1294	0
1522644139.154702000	1.13546	74	1
1522644139.155243000	1.136	1294	0
1522644139.155518000	1.13628	1294	0
1522644139.155534000	1.1363	74	1
1522644139.156414000	1.13718	1294	0
1522644139.156690000	1.13745	1294	0
1522644139.156703000	1.13747	74	1
1522644139.159502000	1.14026	1294	0
1522644139.159794000	1.14056	1294	0
1522644139.159813000	1.14057	74	1
1522644139.160087000	1.14085	1294	0
1522644139.160362000	1.14112	1294	0
1522644139.160379000	1.14114	74	1
1522644139.163155000	1.14392	1294	0
1522644139.163451000	1.14421	1294	0
1522644139.163467000	1.14423	74	1
1522644139.166536000	1.1473	1294	0
1522644139.166829000	1.14759	1294	0
1522644139.166845000	1.14761	74	1
1522644139.168343000	1.14911	1294	0
1522644139.169481000	1.15024	1294	0
1522644139.169505000	1.15027	74	1
1522644139.169755000	1.15052	1294	0
1522644139.170084000	1.15085	1294	0
1522644139.170101000	1.15086	74	1
1522644139.170357000	1.15112	1294	0
1522644139.172548000	1.15331	1294	0
1522644139.172574000	1.15334	74	1
1522644139.172835000	1.1536	1294	0
1522644139.174118000	1.15488	1294	0
1522644139.174133000	1.1549	74	1
1522644139.174396000	1.15516	1294	0
1522644139.176023000	1.15679	1294	0
1522644139.176033000	1.1568	74	1
1522644139.176304000	1.15707	1294	0
1522644139.179584000	1.16035	1294	0
1522644139.179619000	1.16038	74	1
1522644139.179869000	1.16063	1294	0
1522644139.180193000	1.16095	1294	0
1522644139.180207000	1.16097	74	1
1522644139.180486000	1.16125	1294	0
1522644139.195292000	1.17605	1294	0
1522644139.195309000	1.17607	74	1
1522644139.195571000	1.17633	1294	0
1522644139.195861000	1.17662	1294	0
1522644139.195874000	1.17664	74	1
1522644139.196143000	1.1769	1294	0
1522644139.197574000	1.17834	1294	0
1522644139.197586000	1.17835	74	1
1522644139.197774000	1.17854	1294	0
1522644139.197854000	1.17862	1294	0
1522644139.197864000	1.17863	74	1
1522644139.197924000	1.17869	1294	0
1522644139.200031000	1.18079	1294	0
1522644139.200057000	1.18082	74	1
1522644139.200308000	1.18107	1294	0
1522644139.203076000	1.18384	1294	0
1522644139.203113000	1.18388	74	1
1522644139.203345000	1.18411	1294	0
1522644139.203637000	1.1844	1294	0
1522644139.203658000	1.18442	74	1
1522644139.206453000	1.18722	1294	0
1522644139.206729000	1.18749	1294	0
1522644139.206746000	1.18751	74	1
1522644139.207018000	1.18778	1294	0
1522644139.207300000	1.18806	1294	0
1522644139.207314000	1.18808	74	1
1522644139.209255000	1.19002	1294	0
1522644139.209545000	1.19031	1294	0
1522644139.209565000	1.19033	74	1
1522644139.212295000	1.19306	1294	0
1522644139.212568000	1.19333	1294	0
1522644139.212585000	1.19335	74	1
1522644139.213185000	1.19395	1294	0
1522644139.213495000	1.19426	1294	0
1522644139.213510000	1.19427	74	1
1522644139.216173000	1.19693	1294	0
1522644139.216450000	1.19721	1294	0
1522644139.216464000	1.19723	74	1
1522644139.217314000	1.19808	1294	0
1522644139.217592000	1.19835	1294	0
1522644139.217605000	1.19837	74	1
1522644139.218068000	1.19883	1294	0
1522644139.218358000	1.19912	1294	0
1522644139.218372000	1.19913	74	1
1522644139.220737000	1.2015	1294	0
1522644139.221016000	1.20178	1294	0
1522644139.221034000	1.2018	74	1
1522644139.221296000	1.20206	1294	0
1522644139.221589000	1.20235	1294	0
1522644139.221605000	1.20237	74	1
1522644139.223106000	1.20387	1294	0
1522644139.223379000	1.20414	1294	0
1522644139.223394000	1.20416	74	1
1522644139.225665000	1.20643	1294	0
1522644139.225935000	1.2067	1294	0
1522644139.225950000	1.20671	74	1
1522644139.226238000	1.207	1294	0
1522644139.226519000	1.20728	1294	0
1522644139.226533000	1.20729	74	1
1522644139.229809000	1.21057	1294	0
1522644139.230087000	1.21085	1294	0
1522644139.230101000	1.21086	74	1
1522644139.230382000	1.21114	1294	0
1522644139.230656000	1.21142	1294	0
1522644139.230670000	1.21143	74	1
1522644139.230946000	1.21171	1294	0
1522644139.232956000	1.21372	1294	0
1522644139.232970000	1.21373	74	1
1522644139.233226000	1.21399	1294	0
1522644139.233548000	1.21431	1294	0
1522644139.233562000	1.21432	74	1
1522644139.233836000	1.2146	1294	0
1522644139.235311000	1.21607	1294	0
1522644139.235325000	1.21609	74	1
1522644139.235602000	1.21636	1294	0
1522644139.235733000	1.2165	1294	0
1522644139.235746000	1.21651	74	1
1522644139.235900000	1.21666	1294	0
1522644139.254422000	1.23518	1294	0
1522644139.254465000	1.23523	74	1
1522644139.254689000	1.23545	1294	0
1522644139.255409000	1.23617	1294	0
1522644139.255428000	1.23619	74	1
1522644139.255684000	1.23645	1294	0
1522644139.255974000	1.23674	1294	0
1522644139.255993000	1.23675	74	1
1522644139.256264000	1.23703	1294	0
1522644139.256530000	1.23729	1294	0
1522644139.256545000	1.23731	74	1
1522644139.256824000	1.23759	1294	0
1522644139.258177000	1.23894	1294	0
1522644139.258197000	1.23896	74	1
1522644139.258449000	1.23921	1294	0
1522644139.259579000	1.24034	1294	0
1522644139.259600000	1.24036	74	1
1522644139.259842000	1.2406	1294	0
1522644139.260119000	1.24088	1294	0
1522644139.260136000	1.2409	74	1
1522644139.260410000	1.24117	1294	0
1522644139.261816000	1.24258	1294	0
1522644139.261873000	1.24264	74	1
1522644139.267663000	1.24843	1294	0
1522644139.267904000	1.24867	1294	0
1522644139.267928000	1.24869	74	1
1522644139.268170000	1.24893	1294	0
1522644139.268448000	1.24921	1294	0
1522644139.268461000	1.24922	74	1
1522644139.268741000	1.2495	1294	0
1522644139.268943000	1.24971	1038	0
1522644139.268959000	1.24972	74	1
1522644139.270158000	1.25092	112	1
1522644139.367737000	1.3485	74	0
1522644139.379717000	1.36048	321	1
1522644139.420222000	1.40098	145	1
1522644139.438267000	1.41903	74	0
1522644139.439569000	1.42033	203	0
1522644139.439925000	1.42069	1294	0
1522644139.439949000	1.42071	74	1
1522644139.440223000	1.42098	1294	0
1522644139.440551000	1.42131	1294	0
1522644139.440563000	1.42132	74	1
1522644139.440843000	1.42161	1294	0
1522644139.441119000	1.42188	1294	0
1522644139.441135000	1.4219	74	1
1522644139.441418000	1.42218	1294	0
1522644139.441707000	1.42247	1294	0
1522644139.441719000	1.42248	74	1
1522644139.441983000	1.42274	1294	0
1522644139.442664000	1.42343	1294	0
1522644139.442681000	1.42344	74	1
1522644139.442960000	1.42372	1294	0
1522644139.443710000	1.42447	1294	0
1522644139.443728000	1.42449	74	1
1522644139.444006000	1.42477	1294	0
1522644139.444284000	1.42505	1294	0
1522644139.444300000	1.42506	74	1
1522644139.444560000	1.42532	1294	0
1522644139.445225000	1.42599	1294	0
1522644139.445240000	1.426	74	1
1522644139.445503000	1.42627	1294	0
1522644139.446296000	1.42706	1294	0
1522644139.446316000	1.42708	74	1
1522644139.446591000	1.42735	1294	0
1522644139.446868000	1.42763	1294	0
1522644139.446882000	1.42764	74	1
1522644139.447140000	1.4279	1294	0
1522644139.447596000	1.42836	1294	0
1522644139.447611000	1.42837	74	1
1522644139.447872000	1.42863	1294	0
1522644139.448992000	1.42975	1294	0
1522644139.449009000	1.42977	74	1
1522644139.449271000	1.43003	1294	0
1522644139.449545000	1.43031	1294	0
1522644139.449555000	1.43032	74	1
1522644139.449845000	1.43061	1294	0
1522644139.450141000	1.4309	1294	0
1522644139.450156000	1.43092	74	1
1522644139.450433000	1.4312	1294	0
1522644139.451136000	1.4319	1294	0
1522644139.451148000	1.43191	74	1
1522644139.451357000	1.43212	880	0
1522644139.451546000	1.43231	112	1
1522644139.522871000	1.50363	74	0
1522644139.522941000	1.5037	200	0
1522644139.523016000	1.50378	362	0
1522644139.523018000	1.50378	112	0
1522644139.523030000	1.50379	74	1
1522644139.523332000	1.50409	112	1
1522644139.623840000	1.6046	74	0
1522644139.832711000	1.81347	362	1
1522644139.892025000	1.87279	74	0
1522644139.912863000	1.89363	140	0
1522644139.913549000	1.89431	104	0
1522644139.913564000	1.89433	74	1
1522644139.913627000	1.89439	112	0
1522644139.913981000	1.89474	112	1
1522644139.996898000	1.97766	399	1
1522644140.011689000	1.99245	74	0
1522644140.038264000	2.01903	144	1
1522644140.038469000	2.01923	159	1
1522644140.055144000	2.03591	74	0
1522644140.075849000	2.05661	140	0
1522644140.075929000	2.05669	104	0
1522644140.075931000	2.05669	112	0
1522644140.075949000	2.05671	74	1
1522644140.076940000	2.0577	112	1
1522644140.098972000	2.07973	74	0
1522644140.109281000	2.09004	188	1
1522644140.115415000	2.09618	194	0
1522644140.115762000	2.09652	1294	0
1522644140.115784000	2.09655	74	1
1522644140.115849000	2.09661	1294	0
1522644140.116040000	2.0968	1294	0
1522644140.116057000	2.09682	74	1
1522644140.116119000	2.09688	1294	0
1522644140.116343000	2.09711	1294	0
1522644140.116355000	2.09712	74	1
1522644140.116413000	2.09718	1294	0
1522644140.116475000	2.09724	1294	0
1522644140.116486000	2.09725	74	1
1522644140.116623000	2.09738	1294	0
1522644140.116696000	2.09746	1294	0
1522644140.116705000	2.09747	74	1
1522644140.116766000	2.09753	1294	0
1522644140.116990000	2.09775	1294	0
1522644140.117004000	2.09777	74	1
1522644140.117064000	2.09783	1294	0
1522644140.117216000	2.09798	1294	0
1522644140.117229000	2.09799	74	1
1522644140.117291000	2.09805	1294	0
1522644140.117294000	2.09806	143	0
1522644140.117295000	2.09806	159	0
1522644140.117308000	2.09807	74	1
1522644140.117368000	2.09813	1294	0
1522644140.117370000	2.09813	717	0
1522644140.117380000	2.09814	74	1
1522644140.177675000	2.15844	74	0
1522644140.219585000	2.20035	211	0
1522644140.219685000	2.20045	301	0
1522644140.219686000	2.20045	104	0
1522644140.219688000	2.20045	112	0
1522644140.219707000	2.20047	74	1
1522644140.219952000	2.20071	112	1
1522644140.248130000	2.22889	188	1
1522644140.308889000	2.28965	74	0
1522644140.349330000	2.33009	148	0
1522644140.349332000	2.33009	317	0
1522644140.349375000	2.33014	74	1
1522644140.349450000	2.33021	112	0
1522644140.349799000	2.33056	112	1
1522644140.469458000	2.45022	74	0
1522644140.578554000	2.55932	189	1
1522644140.637695000	2.61846	74	0
1522644140.639455000	2.62022	108	1
1522644140.639808000	2.62057	191	1
1522644140.681245000	2.66201	147	0
1522644140.681349000	2.66211	362	0
1522644140.681351000	2.66211	112	0
1522644140.681368000	2.66213	74	1
1522644140.681664000	2.66243	112	1
1522644140.697678000	2.67844	74	0
1522644140.698916000	2.67968	74	0
1522644140.733241000	2.714	147	0
1522644140.733319000	2.71408	328	0
1522644140.733321000	2.71408	104	0
1522644140.733333000	2.7141	74	1
1522644140.780132000	2.76089	74	0
1522644140.864239000	2.845	192	1
1522644140.923179000	2.90394	74	0
1522644140.960249000	2.94101	170	0
1522644140.960335000	2.9411	345	0
1522644140.960338000	2.9411	112	0
1522644140.960362000	2.94112	74	1
1522644140.960758000	2.94152	112	1
1522644140.970015000	2.95078	193	1
1522644141.038092000	3.01885	74	0
1522644141.070463000	3.05122	147	0
1522644141.070567000	3.05133	343	0
1522644141.070569000	3.05133	112	0
1522644141.070596000	3.05136	74	1
1522644141.070998000	3.05176	112	1
1522644141.181019000	3.16178	74	0
1522644141.214068000	3.19483	195	1
1522644141.272934000	3.2537	74	0
1522644141.309107000	3.28987	144	0
1522644141.309199000	3.28996	343	0
1522644141.309202000	3.28996	112	0
1522644141.309226000	3.28999	74	1
1522644141.309616000	3.29038	112	1
1522644141.419116000	3.39988	74	0
1522644141.507086000	3.48785	195	1
1522644141.570881000	3.55164	74	0
1522644141.578355000	3.55912	319	1
1522644141.588060000	3.56882	196	1
1522644141.588240000	3.569	108	1
1522644141.605216000	3.58598	147	0
1522644141.605303000	3.58607	337	0
1522644141.605306000	3.58607	112	0
1522644141.605324000	3.58609	74	1
1522644141.605594000	3.58636	112	1
1522644141.647490000	3.62825	74	0
1522644141.658008000	3.63877	140	0
1522644141.658010000	3.63877	104	0
1522644141.658045000	3.63881	74	1
1522644141.685332000	3.66609	144	0
1522644141.685334000	3.6661	307	0
1522644141.685337000	3.6661	104	0
1522644141.685378000	3.66614	74	1
1522644141.685457000	3.66622	112	0
1522644141.685722000	3.66648	112	1
1522644141.791029000	3.77179	74	0
1522644141.793000000	3.77376	200	1
1522644141.852053000	3.83281	74	0
1522644141.887443000	3.86821	170	0
1522644141.887445000	3.86821	310	0
1522644141.887484000	3.86825	74	1
1522644141.888287000	3.86905	104	0
1522644141.888363000	3.86912	112	0
1522644141.888375000	3.86914	74	1
1522644141.889024000	3.86979	112	1
1522644141.986602000	3.96736	74	0
1522644142.126061000	4.10682	200	1
1522644142.184705000	4.16547	74	0
1522644142.220647000	4.20141	148	0
1522644142.220749000	4.20151	312	0
1522644142.220750000	4.20151	112	0
1522644142.220771000	4.20153	74	1
1522644142.221149000	4.20191	112	1
1522644142.319597000	4.30036	74	0
1522644142.442044000	4.42281	201	1
1522644142.513356000	4.49412	74	0
1522644142.545526000	4.52629	144	0
1522644142.545528000	4.52629	312	0
1522644142.545567000	4.52633	74	1
1522644142.545637000	4.5264	112	0
1522644142.546001000	4.52676	112	1
1522644142.644294000	4.62506	74	0
1522644142.743066000	4.72383	202	1
1522644142.802375000	4.78314	74	0
1522644142.834224000	4.81499	204	1
1522644142.834406000	4.81517	108	1
1522644142.843337000	4.8241	167	0
1522644142.843340000	4.8241	312	0
1522644142.843372000	4.82413	74	1
1522644142.843442000	4.8242	112	0
1522644142.843700000	4.82446	112	1
1522644142.894277000	4.87504	74	0
1522644142.894971000	4.87573	74	0
1522644142.903002000	4.88376	74	0
1522644142.931346000	4.91211	148	0
1522644142.931348000	4.91211	281	0
1522644142.931381000	4.91214	74	1
1522644142.932207000	4.91297	104	0
1522644142.932277000	4.91304	112	0
1522644142.932287000	4.91305	74	1
1522644142.932918000	4.91368	112	1
1522644143.033772000	5.01453	74	0
1522644143.192003000	5.17277	205	1
1522644143.251436000	5.2322	74	0
1522644143.287363000	5.26813	144	0
1522644143.287455000	5.26822	282	0
1522644143.287457000	5.26822	104	0
1522644143.287459000	5.26822	112	0
1522644143.287478000	5.26824	74	1
1522644143.287838000	5.2686	112	1
1522644143.372799000	5.35356	205	1
1522644143.388017000	5.36878	74	0
1522644143.441401000	5.42216	74	0
1522644143.475011000	5.45577	144	0
1522644143.475115000	5.45588	282	0
1522644143.475117000	5.45588	104	0
1522644143.475119000	5.45588	112	0
1522644143.475139000	5.4559	74	1
1522644143.475530000	5.45629	112	1
1522644143.546479000	5.52724	207	1
1522644143.572935000	5.5537	74	0
1522644143.605823000	5.58659	74	0
1522644143.647449000	5.62821	148	0
1522644143.647451000	5.62821	313	0
1522644143.647491000	5.62825	74	1
1522644143.647560000	5.62832	112	0
1522644143.647916000	5.62868	112	1
1522644143.697041000	5.6778	208	1
1522644143.706520000	5.68728	74	0
1522644143.756578000	5.73734	74	0
1522644143.790251000	5.77101	171	0
1522644143.790253000	5.77101	273	0
1522644143.790286000	5.77105	74	1
1522644143.792016000	5.77278	104	0
1522644143.792019000	5.77278	112	0
1522644143.792047000	5.77281	74	1
1522644143.792531000	5.77329	112	1
1522644143.892127000	5.87289	74	0
1522644144.053160000	6.03392	209	1
1522644144.112667000	6.09343	74	0
1522644144.145865000	6.12663	147	0
1522644144.145960000	6.12672	326	0
1522644144.145962000	6.12672	112	0
1522644144.145978000	6.12674	74	1
1522644144.146333000	6.12709	112	1
1522644144.246021000	6.22678	74	0
1522644144.345792000	6.32655	209	1
1522644144.404853000	6.38562	74	0
1522644144.438339000	6.4191	147	0
1522644144.438434000	6.4192	295	0
1522644144.438450000	6.41921	74	1
1522644144.439728000	6.42049	104	0
1522644144.439730000	6.42049	112	0
1522644144.439758000	6.42052	74	1
1522644144.440302000	6.42106	112	1
1522644144.448660000	6.42942	210	1
1522644144.507030000	6.48779	74	0
1522644144.543002000	6.52376	144	0
1522644144.543324000	6.52409	326	0
1522644144.543332000	6.52409	112	0
1522644144.543358000	6.52412	74	1
1522644144.543537000	6.5243	112	1
1522644144.552753000	6.53351	211	1
1522644144.603158000	6.58392	192	1
1522644144.612207000	6.59297	74	0
1522644144.644868000	6.62563	148	0
1522644144.644871000	6.62563	328	0
1522644144.644924000	6.62569	74	1
1522644144.644996000	6.62576	112	0
1522644144.645324000	6.62609	112	1
1522644144.701471000	6.68223	74	0
1522644144.703747000	6.68451	74	0
1522644144.745602000	6.72636	216	0
1522644144.745876000	6.72664	1294	0
1522644144.745895000	6.72666	74	1
1522644144.746156000	6.72692	1294	0
1522644144.746258000	6.72702	1294	0
1522644144.746276000	6.72704	74	1
1522644144.746447000	6.72721	1294	0
1522644144.746528000	6.72729	1294	0
1522644144.746540000	6.7273	74	1
1522644144.746729000	6.72749	1294	0
1522644144.747042000	6.7278	1294	0
1522644144.747062000	6.72782	74	1
1522644144.747238000	6.728	1015	0
1522644144.765525000	6.74629	1294	0
1522644144.765582000	6.74634	74	1
1522644144.765649000	6.74641	1294	0
1522644144.765782000	6.74654	1294	0
1522644144.765795000	6.74656	74	1
1522644144.766058000	6.74682	1294	0
1522644144.766430000	6.74719	1294	0
1522644144.766446000	6.74721	74	1
1522644144.766705000	6.74747	1294	0
1522644144.767019000	6.74778	1294	0
1522644144.767045000	6.74781	74	1
1522644144.767315000	6.74808	1294	0
1522644144.767591000	6.74835	1294	0
1522644144.767605000	6.74837	74	1
1522644144.767888000	6.74865	1294	0
1522644144.768164000	6.74893	1294	0
1522644144.768176000	6.74894	74	1
1522644144.768525000	6.74929	1294	0
1522644144.768821000	6.74958	1294	0
1522644144.768833000	6.74959	74	1
1522644144.769097000	6.74986	1294	0
1522644144.769375000	6.75014	1294	0
1522644144.769387000	6.75015	74	1
1522644144.770025000	6.75079	1294	0
1522644144.770314000	6.75108	1294	0
1522644144.770329000	6.75109	74	1
1522644144.771096000	6.75186	1294	0
1522644144.771370000	6.75213	1294	0
1522644144.771386000	6.75215	74	1
1522644144.771447000	6.75221	548	0
1522644144.968111000	6.94887	74	1
1522644145.095012000	7.07577	1294	0
1522644145.095247000	7.07601	1294	0
1522644145.095250000	7.07601	1294	0
1522644145.095272000	7.07603	74	1
1522644145.095548000	7.07631	1294	0
1522644145.095551000	7.07631	1294	0
1522644145.095554000	7.07632	1294	0
1522644145.095576000	7.07634	74	1
1522644145.095651000	7.07641	1294	0
1522644145.095753000	7.07651	1294	0
1522644145.095769000	7.07653	74	1
1522644145.095852000	7.07661	1294	0
1522644145.095857000	7.07662	1294	0
1522644145.095859000	7.07662	1294	0
1522644145.095878000	7.07664	74	1
1522644145.096096000	7.07686	1294	0
1522644145.096164000	7.07693	1294	0
1522644145.096173000	7.07694	74	1
1522644145.096438000	7.0772	1108	0
1522644145.101164000	7.08193	1294	0
1522644145.101202000	7.08196	74	1
1522644145.101433000	7.0822	1294	0
1522644145.102067000	7.08283	1294	0
1522644145.102086000	7.08285	74	1
1522644145.102342000	7.0831	1294	0
1522644145.102529000	7.08329	926	0
1522644145.102545000	7.08331	74	1
1522644145.118765000	7.09953	1294	0
1522644145.119020000	7.09978	1294	0
1522644145.119051000	7.09981	74	1
1522644145.119128000	7.09989	1294	0
1522644145.119405000	7.10017	1294	0
1522644145.119416000	7.10018	74	1
1522644145.119681000	7.10044	1294	0
1522644145.119958000	7.10072	1294	0
1522644145.119972000	7.10073	74	1
1522644145.120953000	7.10172	1294	0
1522644145.121245000	7.10201	1294	0
1522644145.121258000	7.10202	74	1
1522644145.121326000	7.10209	1294	0
1522644145.121564000	7.10233	1294	0
1522644145.121578000	7.10234	74	1
1522644145.121865000	7.10263	1294	0
1522644145.122136000	7.1029	1294	0
1522644145.122148000	7.10291	74	1
1522644145.122381000	7.10314	1102	0
1522644145.123875000	7.10464	1294	0
1522644145.123890000	7.10465	74	1
1522644145.124006000	7.10477	1294	0
1522644145.124169000	7.10493	1294	0
1522644145.124183000	7.10494	74	1
1522644145.124285000	7.10505	1294	0
1522644145.124349000	7.10511	1294	0
1522644145.124360000	7.10512	74	1
1522644145.124442000	7.1052	1294	0
1522644145.124574000	7.10534	1294	0
1522644145.124587000	7.10535	74	1
1522644145.124654000	7.10542	1294	0
1522644145.124720000	7.10548	1294	0
1522644145.124730000	7.10549	74	1
1522644145.124853000	7.10561	1294	0
1522644145.124926000	7.10569	1294	0
1522644145.124935000	7.1057	74	1
1522644145.125014000	7.10578	1294	0
1522644145.125317000	7.10608	1294	0
1522644145.125330000	7.10609	74	1
1522644145.125459000	7.10622	901	0
1522644145.128938000	7.1097	1294	0
1522644145.128971000	7.10973	74	1
1522644145.129069000	7.10983	1294	0
1522644145.129138000	7.1099	1294	0
1522644145.129150000	7.10991	74	1
1522644145.129210000	7.10997	1294	0
1522644145.129345000	7.11011	1294	0
1522644145.129360000	7.11012	74	1
1522644145.129421000	7.11018	1294	0
1522644145.129486000	7.11025	1294	0
1522644145.129496000	7.11026	74	1
1522644145.129635000	7.1104	1294	0
1522644145.129712000	7.11047	1294	0
1522644145.129723000	7.11049	74	1
1522644145.129786000	7.11055	1294	0
1522644145.129917000	7.11068	1294	0
1522644145.129931000	7.11069	74	1
1522644145.130040000	7.1108	1294	0
1522644145.130108000	7.11087	1294	0
1522644145.130120000	7.11088	74	1
1522644145.130176000	7.11094	1294	0
1522644145.130314000	7.11108	1294	0
1522644145.130327000	7.11109	74	1
1522644145.130490000	7.11125	1294	0
1522644145.130589000	7.11135	667	0
1522644145.130592000	7.11135	112	0
1522644145.130610000	7.11137	74	1
1522644145.130765000	7.11153	112	1
1522644145.190744000	7.17151	74	0
1522644145.306184000	7.28695	197	1
1522644145.375356000	7.35612	74	0
1522644145.396378000	7.37714	140	0
1522644145.396380000	7.37714	104	0
1522644145.396443000	7.3772	74	1
1522644145.396510000	7.37727	112	0
1522644145.397398000	7.37816	112	1
1522644145.471908000	7.45267	354	1
1522644145.497763000	7.47852	74	0
1522644145.512229000	7.49299	174	1
1522644145.530968000	7.51173	74	0
1522644145.532388000	7.51315	179	0
1522644145.532744000	7.51351	1294	0
1522644145.532764000	7.51353	74	1
1522644145.533020000	7.51378	1294	0
1522644145.533313000	7.51408	1294	0
1522644145.533326000	7.51409	74	1
1522644145.533605000	7.51437	1294	0
1522644145.533882000	7.51464	1294	0
1522644145.533897000	7.51466	74	1
1522644145.534160000	7.51492	1294	0
1522644145.534456000	7.51522	1294	0
1522644145.534471000	7.51523	74	1
1522644145.534733000	7.5155	1294	0
1522644145.535033000	7.51579	1294	0
1522644145.535048000	7.51581	74	1
1522644145.535305000	7.51607	1294	0
1522644145.535585000	7.51635	1294	0
1522644145.535612000	7.51637	74	1
1522644145.536223000	7.51698	1294	0
1522644145.536503000	7.51727	1294	0
1522644145.536518000	7.51728	74	1
1522644145.537785000	7.51855	1294	0
1522644145.538077000	7.51884	1294	0
1522644145.538093000	7.51886	74	1
1522644145.538708000	7.51947	1294	0
1522644145.538970000	7.51973	1294	0
1522644145.538984000	7.51975	74	1
1522644145.539317000	7.52008	1294	0
1522644145.539607000	7.52037	1294	0
1522644145.539621000	7.52038	74	1
1522644145.540549000	7.52131	1294	0
1522644145.540841000	7.5216	1294	0
1522644145.540854000	7.52162	74	1
1522644145.541779000	7.52254	1294	0
1522644145.542073000	7.52284	1294	0
1522644145.542088000	7.52285	74	1
1522644145.544042000	7.5248	1294	0
1522644145.544313000	7.52507	1294	0
1522644145.544331000	7.52509	74	1
1522644145.544392000	7.52515	1294	0
1522644145.544624000	7.52539	1294	0
1522644145.544639000	7.5254	74	1
1522644145.544901000	7.52566	1294	0
1522644145.545005000	7.52577	1294	0
1522644145.545019000	7.52578	74	1
1522644145.545178000	7.52594	1294	0
1522644145.545302000	7.52606	1294	0
1522644145.545315000	7.52608	74	1
1522644145.545477000	7.52624	1294	0
1522644145.545580000	7.52634	1294	0
1522644145.545593000	7.52636	74	1
1522644145.545652000	7.52641	1294	0
1522644145.545772000	7.52653	1294	0
1522644145.545785000	7.52655	74	1
1522644145.546906000	7.52767	1294	0
1522644145.547182000	7.52794	1294	0
1522644145.547202000	7.52796	74	1
1522644145.548458000	7.52922	1294	0
1522644145.548734000	7.5295	1294	0
1522644145.548749000	7.52951	74	1
1522644145.549383000	7.53014	1294	0
1522644145.549659000	7.53042	1294	0
1522644145.549673000	7.53044	74	1
1522644145.549734000	7.5305	1294	0
1522644145.550265000	7.53103	1294	0
1522644145.550280000	7.53104	74	1
1522644145.550367000	7.53113	1294	0
1522644145.550556000	7.53132	1294	0
1522644145.550569000	7.53133	74	1
1522644145.550656000	7.53142	1294	0
1522644145.550939000	7.5317	1294	0
1522644145.550953000	7.53171	74	1
1522644145.551130000	7.53189	1294	0
1522644145.551422000	7.53218	1294	0
1522644145.551438000	7.5322	74	1
1522644145.551759000	7.53252	1294	0
1522644145.552034000	7.5328	1294	0
1522644145.552048000	7.53281	74	1
1522644145.552311000	7.53307	1294	0
1522644145.552604000	7.53337	1294	0
1522644145.552619000	7.53338	74	1
1522644145.552778000	7.53354	849	0
1522644145.553090000	7.53385	112	1
1522644145.604299000	7.58506	214	0
1522644145.604302000	7.58506	104	0
1522644145.604362000	7.58512	74	1
1522644145.619910000	7.60067	417	1
1522644145.663231000	7.64399	74	0
1522644145.700336000	7.6811	140	0
1522644145.700415000	7.68118	104	0
1522644145.700416000	7.68118	112	0
1522644145.700430000	7.68119	74	1
1522644145.701514000	7.68228	112	1
1522644145.800829000	7.78159	74	0
1522644147.666951000	9.64771	309	1
1522644147.725974000	9.70674	74	0
1522644147.746572000	9.72733	140	0
1522644147.746575000	9.72734	104	0
1522644147.746577000	9.72734	112	0
1522644147.746610000	9.72737	74	1
1522644147.746962000	9.72772	112	1
1522644147.844787000	9.82555	74	0
1522644149.679731000	11.6605	347	1
1522644149.749555000	11.7303	74	0
1522644149.769225000	11.75	140	0
1522644149.769227000	11.75	104	0
1522644149.769229000	11.75	112	0
1522644149.769257000	11.75	74	1
1522644149.770109000	11.7509	112	1
1522644149.867617000	11.8484	74	0
