1522730395.061123000	0	315	1
1522730395.074029000	0.0129061	74	0
1522730395.114120000	0.0529971	140	0
1522730395.114122000	0.052999	104	0
1522730395.114123000	0.0530002	112	0
1522730395.114161000	0.0530381	74	1
1522730395.114499000	0.0533762	112	1
1522730395.125587000	0.0644641	86	1
1522730395.167122000	0.105999	74	0
1522730397.441609000	2.38049	188	1
1522730397.455810000	2.39469	74	0
1522730397.502603000	2.44148	234	0
1522730397.502709000	2.44159	298	0
1522730397.502726000	2.4416	74	1
1522730397.503471000	2.44235	104	0
1522730397.503537000	2.44241	112	0
1522730397.503549000	2.44243	74	1
1522730397.503804000	2.44268	112	1
1522730397.515998000	2.45487	74	0
1522730397.668661000	2.60754	188	1
1522730397.693323000	2.6322	74	0
1522730397.730383000	2.66926	148	0
1522730397.730487000	2.66936	320	0
1522730397.730488000	2.66937	112	0
1522730397.730508000	2.66939	74	1
1522730397.730859000	2.66974	112	1
1522730397.783279000	2.72216	74	0
1522730397.916574000	2.85545	189	1
1522730397.929481000	2.86836	74	0
1522730397.964140000	2.90302	147	0
1522730397.964244000	2.90312	366	0
1522730397.964245000	2.90312	112	0
1522730397.964264000	2.90314	74	1
1522730397.964638000	2.90352	112	1
1522730398.020135000	2.95901	74	0
1522730398.144442000	3.08332	191	1
1522730398.160336000	3.09921	74	0
1522730398.195856000	3.13473	147	0
1522730398.195952000	3.13483	327	0
1522730398.195954000	3.13483	104	0
1522730398.195972000	3.13485	74	1
1522730398.196034000	3.13491	112	0
1522730398.196323000	3.1352	112	1
1522730398.235906000	3.17478	192	1
1522730398.247967000	3.18684	74	0
1522730398.254698000	3.19358	74	0
1522730398.289177000	3.22805	147	0
1522730398.289296000	3.22817	359	0
1522730398.289299000	3.22818	112	0
1522730398.289323000	3.2282	74	1
1522730398.289741000	3.22862	112	1
1522730398.341954000	3.28083	74	0
1522730399.071592000	4.01047	196	1
1522730399.084474000	4.02335	74	0
1522730399.117054000	4.05593	170	0
1522730399.117168000	4.05605	362	0
1522730399.117171000	4.05605	112	0
1522730399.117193000	4.05607	74	1
1522730399.117615000	4.05649	112	1
1522730399.171621000	4.1105	74	0
1522730399.275008000	4.21389	198	1
1522730399.287184000	4.22606	74	0
1522730399.321054000	4.25993	147	0
1522730399.321056000	4.25993	319	0
1522730399.321058000	4.25994	104	0
1522730399.321116000	4.25999	74	1
1522730399.321202000	4.26008	112	0
1522730399.321573000	4.26045	112	1
1522730399.377805000	4.31668	74	0
1522730399.822755000	4.76163	199	1
1522730399.835425000	4.7743	74	0
1522730399.872119000	4.811	170	0
1522730399.872121000	4.811	324	0
1522730399.872123000	4.811	104	0
1522730399.872125000	4.811	112	0
1522730399.872171000	4.81105	74	1
1522730399.872570000	4.81145	112	1
1522730399.926438000	4.86532	74	0
1522730400.401176000	5.34005	203	1
1522730400.438038000	5.37692	74	0
1522730400.473369000	5.41225	170	0
1522730400.473474000	5.41235	348	0
1522730400.473476000	5.41235	112	0
1522730400.473495000	5.41237	74	1
1522730400.473812000	5.41269	112	1
1522730400.501956000	5.44083	203	1
1522730400.521117000	5.45999	74	0
1522730400.556636000	5.49551	147	0
1522730400.556728000	5.4956	375	0
1522730400.556730000	5.49561	112	0
1522730400.556753000	5.49563	74	1
1522730400.557147000	5.49602	112	1
1522730400.619885000	5.55876	74	0
1522730400.677861000	5.61674	204	1
1522730400.695147000	5.63402	74	0
1522730400.732766000	5.67164	144	0
1522730400.732769000	5.67165	332	0
1522730400.732810000	5.67169	74	1
1522730400.732889000	5.67177	104	0
1522730400.732891000	5.67177	112	0
1522730400.732905000	5.67178	74	1
1522730400.733290000	5.67217	112	1
1522730400.772699000	5.71158	205	1
1522730400.787298000	5.72618	74	0
1522730400.827445000	5.76632	144	0
1522730400.827861000	5.76674	362	0
1522730400.827863000	5.76674	112	0
1522730400.827879000	5.76676	74	1
1522730400.828361000	5.76724	112	1
1522730400.896964000	5.83584	74	0
1522730401.080910000	6.01979	207	1
1522730401.103464000	6.04234	74	0
1522730401.137460000	6.07634	147	0
1522730401.137904000	6.07678	361	0
1522730401.137906000	6.07678	112	0
1522730401.137929000	6.07681	74	1
1522730401.138398000	6.07728	112	1
1522730401.196595000	6.13547	74	0
1522730401.235064000	6.17394	208	1
1522730401.248528000	6.18741	74	0
1522730401.283214000	6.22209	147	0
1522730401.283307000	6.22218	360	0
1522730401.283322000	6.2222	74	1
1522730401.283668000	6.22255	112	0
1522730401.284097000	6.22297	112	1
1522730401.337315000	6.27619	74	0
1522730402.946985000	7.88586	216	1
1522730402.964826000	7.9037	74	0
1522730403.005141000	7.94402	170	0
1522730403.005143000	7.94402	341	0
1522730403.005191000	7.94407	74	1
1522730403.005277000	7.94415	112	0
1522730403.005645000	7.94452	112	1
1522730403.019429000	7.95831	74	0
1522730403.714225000	8.6531	198	1
1522730403.726853000	8.66573	74	0
1522730403.812547000	8.75142	216	0
1522730403.812878000	8.75175	1294	0
1522730403.812880000	8.75176	1294	0
1522730403.812904000	8.75178	74	1
1522730403.813162000	8.75204	1294	0
1522730403.813243000	8.75212	1294	0
1522730403.813257000	8.75213	74	1
1522730403.813430000	8.75231	1294	0
1522730403.813505000	8.75238	1294	0
1522730403.813515000	8.75239	74	1
1522730403.813766000	8.75264	1294	0
1522730403.813988000	8.75287	1066	0
1522730403.813990000	8.75287	135	0
1522730403.814020000	8.7529	74	1
1522730403.831729000	8.77061	1294	0
1522730403.831732000	8.77061	1294	0
1522730403.831789000	8.77067	74	1
1522730403.832018000	8.7709	1294	0
1522730403.832020000	8.7709	1294	0
1522730403.832038000	8.77092	74	1
1522730403.832099000	8.77098	1294	0
1522730403.832231000	8.77111	1294	0
1522730403.832243000	8.77112	74	1
1522730403.832304000	8.77118	1294	0
1522730403.832307000	8.77118	1294	0
1522730403.832323000	8.7712	74	1
1522730403.832585000	8.77146	1294	0
1522730403.832588000	8.77147	1294	0
1522730403.832602000	8.77148	74	1
1522730403.832663000	8.77154	1294	0
1522730403.832827000	8.7717	1294	0
1522730403.832829000	8.77171	1176	0
1522730403.832842000	8.77172	74	1
1522730403.834595000	8.77347	74	1
1522730403.834876000	8.77375	1294	0
1522730403.835225000	8.7741	1294	0
1522730403.835240000	8.77412	74	1
1522730403.835480000	8.77436	1294	0
1522730403.835545000	8.77442	1294	0
1522730403.835558000	8.77444	74	1
1522730403.835765000	8.77464	1294	0
1522730403.835768000	8.77465	573	0
1522730403.835792000	8.77467	86	1
1522730403.835945000	8.77482	1294	0
1522730403.835961000	8.77484	74	1
1522730404.204080000	9.14296	1294	0
1522730404.204083000	9.14296	1294	0
1522730404.204085000	9.14296	1294	0
1522730404.204142000	9.14302	74	1
1522730404.204223000	9.1431	1294	0
1522730404.204226000	9.1431	1294	0
1522730404.204242000	9.14312	74	1
1522730404.204321000	9.1432	1294	0
1522730404.204324000	9.1432	1294	0
1522730404.204334000	9.14321	74	1
1522730404.204434000	9.14331	1294	0
1522730404.204437000	9.14331	1294	0
1522730404.204440000	9.14332	750	0
1522730404.204461000	9.14334	86	1
1522730404.204591000	9.14347	1294	0
1522730404.204605000	9.14348	86	1
1522730404.204665000	9.14354	1294	0
1522730404.204675000	9.14355	86	1
1522730404.204747000	9.14362	1294	0
1522730404.204769000	9.14365	74	1
1522730404.210379000	9.14926	1294	0
1522730404.210479000	9.14936	1294	0
1522730404.210495000	9.14937	74	1
1522730404.210639000	9.14952	1294	0
1522730404.210755000	9.14963	1294	0
1522730404.210770000	9.14965	74	1
1522730404.210850000	9.14973	1002	0
1522730404.229268000	9.16815	1294	0
1522730404.229287000	9.16816	74	1
1522730404.229562000	9.16844	1294	0
1522730404.229632000	9.16851	1294	0
1522730404.229645000	9.16852	74	1
1522730404.229776000	9.16865	1294	0
1522730404.229846000	9.16872	1294	0
1522730404.229857000	9.16873	74	1
1522730404.229914000	9.16879	1294	0
1522730404.230052000	9.16893	1294	0
1522730404.230065000	9.16894	74	1
1522730404.230126000	9.169	1294	0
1522730404.230196000	9.16907	1294	0
1522730404.230199000	9.16908	187	0
1522730404.230218000	9.1691	86	1
1522730404.230366000	9.16924	1294	0
1522730404.230382000	9.16926	86	1
1522730404.230445000	9.16932	1294	0
1522730404.230458000	9.16934	86	1
1522730404.230518000	9.1694	1294	0
1522730404.230528000	9.16941	86	1
1522730404.230705000	9.16958	1294	0
1522730404.230724000	9.1696	74	1
1522730404.233083000	9.17196	1294	0
1522730404.233378000	9.17226	1294	0
1522730404.233391000	9.17227	74	1
1522730404.233654000	9.17253	1294	0
1522730404.233726000	9.1726	1294	0
1522730404.233737000	9.17261	74	1
1522730404.233944000	9.17282	1294	0
1522730404.234020000	9.1729	1294	0
1522730404.234022000	9.1729	1294	0
1522730404.234033000	9.17291	74	1
1522730404.234233000	9.17311	1294	0
1522730404.234301000	9.17318	1294	0
1522730404.234312000	9.17319	74	1
1522730404.234497000	9.17337	1294	0
1522730404.234566000	9.17344	1294	0
1522730404.234577000	9.17345	74	1
1522730404.234788000	9.17367	1294	0
1522730404.234857000	9.17373	1294	0
1522730404.234868000	9.17375	74	1
1522730404.234958000	9.17384	901	0
1522730404.235108000	9.17399	1294	0
1522730404.235121000	9.174	74	1
1522730404.235275000	9.17415	1294	0
1522730404.235578000	9.17446	1294	0
1522730404.235580000	9.17446	208	0
1522730404.235581000	9.17446	112	0
1522730404.235596000	9.17447	74	1
1522730404.235738000	9.17462	112	1
1522730404.259892000	9.19877	74	0
1522730404.335887000	9.27476	197	1
1522730404.348853000	9.28773	74	0
1522730404.369959000	9.30884	140	0
1522730404.369961000	9.30884	104	0
1522730404.370017000	9.30889	74	1
1522730404.370083000	9.30896	112	0
1522730404.370970000	9.30985	112	1
1522730404.423023000	9.3619	74	0
1522730404.547117000	9.48599	344	1
1522730404.560916000	9.49979	74	0
1522730404.560998000	9.49988	180	0
1522730404.561358000	9.50024	1294	0
1522730404.561361000	9.50024	1294	0
1522730404.561382000	9.50026	74	1
1522730404.561539000	9.50042	1294	0
1522730404.561628000	9.50051	1294	0
1522730404.561639000	9.50052	74	1
1522730404.561702000	9.50058	1294	0
1522730404.561818000	9.50069	1294	0
1522730404.561829000	9.50071	74	1
1522730404.561892000	9.50077	1294	0
1522730404.561894000	9.50077	1294	0
1522730404.561908000	9.50079	74	1
1522730404.561968000	9.50085	1294	0
1522730404.562112000	9.50099	1294	0
1522730404.562126000	9.501	74	1
1522730404.562187000	9.50106	74	1
1522730404.562188000	9.50107	1294	0
1522730404.562192000	9.50107	1294	0
1522730404.562207000	9.50108	74	1
1522730404.562268000	9.50115	1294	0
1522730404.562335000	9.50121	1294	0
1522730404.562349000	9.50123	74	1
1522730404.562408000	9.50129	1294	0
1522730404.562411000	9.50129	1294	0
1522730404.562421000	9.5013	74	1
1522730404.562480000	9.50136	1294	0
1522730404.562482000	9.50136	1294	0
1522730404.562495000	9.50137	74	1
1522730404.562711000	9.50159	1294	0
1522730404.562713000	9.50159	1294	0
1522730404.562724000	9.5016	74	1
1522730404.562786000	9.50166	1294	0
1522730404.562852000	9.50173	1294	0
1522730404.562862000	9.50174	74	1
1522730404.562985000	9.50186	1294	0
1522730404.562987000	9.50186	1294	0
1522730404.562998000	9.50188	74	1
1522730404.563057000	9.50193	1294	0
1522730404.563248000	9.50213	1294	0
1522730404.563262000	9.50214	74	1
1522730404.563321000	9.5022	1294	0
1522730404.563323000	9.5022	1294	0
1522730404.563335000	9.50221	74	1
1522730404.563395000	9.50227	1294	0
1522730404.563397000	9.50227	1294	0
1522730404.563410000	9.50229	74	1
1522730404.563471000	9.50235	1294	0
1522730404.563543000	9.50242	1294	0
1522730404.563552000	9.50243	74	1
1522730404.563612000	9.50249	1294	0
1522730404.563614000	9.50249	1294	0
1522730404.563616000	9.50249	1294	0
1522730404.563631000	9.50251	74	1
1522730404.563692000	9.50257	1294	0
1522730404.563744000	9.50262	74	1
1522730404.563759000	9.50264	1294	0
1522730404.563822000	9.5027	1294	0
1522730404.563824000	9.5027	1294	0
1522730404.563835000	9.50271	74	1
1522730404.563895000	9.50277	1294	0
1522730404.563960000	9.50284	1294	0
1522730404.563971000	9.50285	74	1
1522730404.564027000	9.5029	1294	0
1522730404.564098000	9.50297	1294	0
1522730404.564108000	9.50299	74	1
1522730404.564171000	9.50305	1294	0
1522730404.564173000	9.50305	1294	0
1522730404.564185000	9.50306	74	1
1522730404.564529000	9.50341	1294	0
1522730404.564764000	9.50364	1294	0
1522730404.564778000	9.50366	74	1
1522730404.564839000	9.50372	1294	0
1522730404.564841000	9.50372	1294	0
1522730404.564854000	9.50373	74	1
1522730404.565058000	9.50394	1294	0
1522730404.565118000	9.504	1294	0
1522730404.565129000	9.50401	74	1
1522730404.565189000	9.50407	1294	0
1522730404.565191000	9.50407	350	0
1522730404.565214000	9.50409	86	1
1522730404.565393000	9.50427	1294	0
1522730404.565413000	9.50429	74	1
1522730404.565615000	9.50449	112	1
1522730404.592979000	9.53186	371	1
1522730404.606044000	9.54492	74	0
1522730404.611747000	9.55062	175	1
1522730404.626684000	9.56556	140	0
1522730404.626686000	9.56556	104	0
1522730404.626742000	9.56562	74	1
1522730404.626811000	9.56569	112	0
1522730404.627564000	9.56644	112	1
1522730404.665766000	9.60464	214	0
1522730404.665769000	9.60465	104	0
1522730404.665829000	9.60471	74	1
1522730404.665897000	9.60477	112	0
1522730404.666178000	9.60506	112	1
1522730404.718897000	9.65777	74	0
1522730404.954519000	9.8934	378	1
1522730404.981313000	9.92019	74	0
1522730405.002726000	9.9416	140	0
1522730405.002728000	9.94161	104	0
1522730405.002730000	9.94161	112	0
1522730405.002761000	9.94164	74	1
1522730405.003554000	9.94243	112	1
1522730405.055846000	9.99472	74	0
