1522654430.093432000	0	316	1
1522654430.110113000	0.016681	344	0
1522654430.115261000	0.0218291	159	1
1522654430.115716000	0.022284	475	1
1522654430.134584000	0.041152	135	0
1522654430.134586000	0.0411541	104	0
1522654430.134613000	0.0411811	74	1
1522654430.134808000	0.0413761	104	1
1522654430.151484000	0.0580521	74	0
1522654430.228422000	0.13499	652	0
1522654430.228693000	0.135261	1294	0
1522654430.228708000	0.135276	74	1
1522654430.228773000	0.135341	1294	0
1522654430.228953000	0.135521	1294	0
1522654430.228962000	0.13553	74	1
1522654430.229023000	0.135591	1294	0
1522654430.229249000	0.135817	1294	0
1522654430.229259000	0.135827	74	1
1522654430.229319000	0.135887	1294	0
1522654430.229760000	0.136328	1294	0
1522654430.229775000	0.136343	74	1
1522654430.229916000	0.136484	751	0
1522654430.233287000	0.139855	1294	0
1522654430.233316000	0.139884	74	1
1522654430.233575000	0.140143	1294	0
1522654430.233661000	0.140229	1294	0
1522654430.233672000	0.14024	74	1
1522654430.233848000	0.140416	1294	0
1522654430.233945000	0.140513	1294	0
1522654430.233956000	0.140524	74	1
1522654430.234129000	0.140697	1294	0
1522654430.234419000	0.140987	1294	0
1522654430.234431000	0.140999	74	1
1522654430.245164000	0.151732	1294	0
1522654430.245367000	0.151935	1294	0
1522654430.245385000	0.151953	74	1
1522654430.245450000	0.152018	1294	0
1522654430.245606000	0.152174	1294	0
1522654430.245619000	0.152187	74	1
1522654430.245678000	0.152246	1294	0
1522654430.245744000	0.152312	1294	0
1522654430.245755000	0.152323	74	1
1522654430.245885000	0.152453	1294	0
1522654430.245951000	0.152519	1294	0
1522654430.245961000	0.152529	74	1
1522654430.246021000	0.152589	1294	0
1522654430.246163000	0.152731	1294	0
1522654430.246175000	0.152743	74	1
1522654430.246236000	0.152804	1294	0
1522654430.246316000	0.152884	1294	0
1522654430.246327000	0.152895	74	1
1522654430.246451000	0.153019	1294	0
1522654430.246516000	0.153084	1294	0
1522654430.246526000	0.153094	74	1
1522654430.246750000	0.153318	1294	0
1522654430.247021000	0.153589	1294	0
1522654430.247033000	0.153601	74	1
1522654430.247741000	0.154309	1294	0
1522654430.248030000	0.154598	1294	0
1522654430.248043000	0.154611	74	1
1522654430.248306000	0.154874	1294	0
1522654430.248581000	0.155149	1294	0
1522654430.248593000	0.155161	74	1
1522654430.249285000	0.155853	1294	0
1522654430.249559000	0.156127	1294	0
1522654430.249570000	0.156138	74	1
1522654430.251074000	0.157642	1294	0
1522654430.251349000	0.157917	1294	0
1522654430.251372000	0.15794	74	1
1522654430.251646000	0.158214	1294	0
1522654430.251923000	0.158491	1294	0
1522654430.251935000	0.158503	74	1
1522654430.252659000	0.159227	1294	0
1522654430.252928000	0.159496	1294	0
1522654430.252949000	0.159517	74	1
1522654430.266456000	0.173024	1294	0
1522654430.266729000	0.173297	1294	0
1522654430.266760000	0.173328	74	1
1522654430.267421000	0.173989	1294	0
1522654430.267697000	0.174265	1294	0
1522654430.267717000	0.174285	74	1
1522654430.267992000	0.17456	1294	0
1522654430.268939000	0.175507	1294	0
1522654430.268971000	0.175539	74	1
1522654430.269890000	0.176458	1294	0
1522654430.269958000	0.176526	1294	0
1522654430.269971000	0.176539	74	1
1522654430.270167000	0.176735	1294	0
1522654430.270233000	0.176801	1294	0
1522654430.270244000	0.176812	74	1
1522654430.270457000	0.177025	1294	0
1522654430.270524000	0.177092	1294	0
1522654430.270535000	0.177103	74	1
1522654430.270594000	0.177162	698	0
1522654430.270871000	0.177439	112	1
1522654430.327419000	0.233987	74	0
1522654430.372633000	0.279201	328	1
1522654430.373158000	0.279726	169	1
1522654430.389715000	0.296283	74	0
1522654430.391349000	0.297917	74	0
1522654430.409051000	0.315619	252	0
1522654430.409387000	0.315955	1294	0
1522654430.409420000	0.315988	74	1
1522654430.409662000	0.31623	1294	0
1522654430.409939000	0.316507	1294	0
1522654430.409953000	0.316521	74	1
1522654430.410232000	0.3168	1294	0
1522654430.410307000	0.316875	425	0
1522654430.410309000	0.316877	112	0
1522654430.410311000	0.316879	147	0
1522654430.410327000	0.316895	74	1
1522654430.410667000	0.317235	1294	0
1522654430.410781000	0.317349	1294	0
1522654430.410797000	0.317365	74	1
1522654430.410961000	0.317529	1294	0
1522654430.411082000	0.31765	1294	0
1522654430.411084000	0.317652	87	0
1522654430.411112000	0.31768	86	1
1522654430.411170000	0.317738	86	1
1522654430.411253000	0.317821	1294	0
1522654430.411268000	0.317836	74	1
1522654430.412101000	0.318669	112	1
1522654430.479067000	0.385635	74	0
1522654430.496637000	0.403205	248	1
1522654430.523827000	0.430395	74	0
1522654430.544379000	0.450947	142	0
1522654430.544382000	0.45095	104	0
1522654430.544438000	0.451006	74	1
1522654430.544505000	0.451073	112	0
1522654430.548866000	0.455434	112	1
1522654430.604031000	0.510599	74	0
1522654430.632575000	0.539143	250	1
1522654430.652402000	0.55897	74	0
1522654430.653245000	0.559813	262	0
1522654430.653635000	0.560203	1294	0
1522654430.653661000	0.560229	74	1
1522654430.653734000	0.560302	1294	0
1522654430.653741000	0.560309	1294	0
1522654430.653761000	0.560329	74	1
1522654430.653878000	0.560446	1294	0
1522654430.653881000	0.560449	1294	0
1522654430.653893000	0.560461	74	1
1522654430.653953000	0.560521	1294	0
1522654430.653956000	0.560524	1294	0
1522654430.653968000	0.560536	74	1
1522654430.654144000	0.560712	1294	0
1522654430.654212000	0.56078	1294	0
1522654430.654214000	0.560782	1294	0
1522654430.654228000	0.560796	74	1
1522654430.654289000	0.560857	1294	0
1522654430.654435000	0.561003	1294	0
1522654430.654446000	0.561014	74	1
1522654430.654508000	0.561076	1294	0
1522654430.654572000	0.56114	1294	0
1522654430.654583000	0.561151	74	1
1522654430.654712000	0.56128	1294	0
1522654430.654780000	0.561348	1294	0
1522654430.654791000	0.561359	74	1
1522654430.654849000	0.561417	1294	0
1522654430.654999000	0.561567	1294	0
1522654430.655013000	0.561581	74	1
1522654430.655074000	0.561642	1294	0
1522654430.655139000	0.561707	1294	0
1522654430.655150000	0.561718	74	1
1522654430.655293000	0.561861	1294	0
1522654430.655368000	0.561936	1294	0
1522654430.655380000	0.561948	74	1
1522654430.655569000	0.562137	1294	0
1522654430.655643000	0.562211	1294	0
1522654430.655653000	0.562221	74	1
1522654430.656289000	0.562857	1294	0
1522654430.656565000	0.563133	1294	0
1522654430.656576000	0.563144	74	1
1522654430.656859000	0.563427	1294	0
1522654430.657136000	0.563704	1294	0
1522654430.657147000	0.563715	74	1
1522654430.657209000	0.563777	1294	0
1522654430.657411000	0.563979	1294	0
1522654430.657426000	0.563994	74	1
1522654430.657705000	0.564273	1294	0
1522654430.658009000	0.564577	1294	0
1522654430.658021000	0.564589	74	1
1522654430.658316000	0.564884	1294	0
1522654430.658318000	0.564886	1294	0
1522654430.658333000	0.564901	74	1
1522654430.658600000	0.565168	1294	0
1522654430.658893000	0.565461	1294	0
1522654430.658906000	0.565474	74	1
1522654430.659187000	0.565755	1294	0
1522654430.659259000	0.565827	1294	0
1522654430.659276000	0.565844	74	1
1522654430.659464000	0.566032	1294	0
1522654430.659534000	0.566102	1294	0
1522654430.659547000	0.566115	74	1
1522654430.659806000	0.566374	1294	0
1522654430.659872000	0.56644	74	1
1522654430.660081000	0.566649	1294	0
1522654430.660358000	0.566926	1294	0
1522654430.660372000	0.56694	74	1
1522654430.660635000	0.567203	1294	0
1522654430.660794000	0.567362	1294	0
1522654430.660808000	0.567376	74	1
1522654430.660940000	0.567508	1294	0
1522654430.661102000	0.56767	1294	0
1522654430.661118000	0.567686	74	1
1522654430.661373000	0.567941	1294	0
1522654430.661697000	0.568265	1294	0
1522654430.661717000	0.568285	74	1
1522654430.661969000	0.568537	1294	0
1522654430.662268000	0.568836	1294	0
1522654430.662280000	0.568848	74	1
1522654430.662546000	0.569114	1294	0
1522654430.662871000	0.569439	1294	0
1522654430.662884000	0.569452	74	1
1522654430.662987000	0.569555	646	0
1522654430.663007000	0.569575	86	1
1522654430.663310000	0.569878	1294	0
1522654430.663328000	0.569896	74	1
1522654430.669140000	0.575708	722	0
1522654430.669486000	0.576054	1294	0
1522654430.669506000	0.576074	74	1
1522654430.669570000	0.576138	1294	0
1522654430.669763000	0.576331	1294	0
1522654430.669776000	0.576344	74	1
1522654430.670041000	0.576609	1294	0
1522654430.671128000	0.577696	1294	0
1522654430.671142000	0.57771	74	1
1522654430.671423000	0.577991	1294	0
1522654430.671491000	0.578059	1294	0
1522654430.671504000	0.578072	74	1
1522654430.671681000	0.578249	1294	0
1522654430.671747000	0.578315	1294	0
1522654430.671759000	0.578327	74	1
1522654430.671977000	0.578545	1294	0
1522654430.672272000	0.57884	1294	0
1522654430.672285000	0.578853	74	1
1522654430.672548000	0.579116	1294	0
1522654430.672659000	0.579227	1294	0
1522654430.672672000	0.57924	74	1
1522654430.672838000	0.579406	1294	0
1522654430.672938000	0.579506	1294	0
1522654430.672948000	0.579516	74	1
1522654430.673245000	0.579813	1294	0
1522654430.673363000	0.579931	1294	0
1522654430.673377000	0.579945	74	1
1522654430.673536000	0.580104	1294	0
1522654430.673656000	0.580224	1294	0
1522654430.673669000	0.580237	74	1
1522654430.673950000	0.580518	1294	0
1522654430.674227000	0.580795	1294	0
1522654430.674238000	0.580806	74	1
1522654430.674481000	0.581049	1294	0
1522654430.674548000	0.581116	1294	0
1522654430.674558000	0.581126	74	1
1522654430.674740000	0.581308	1294	0
1522654430.674809000	0.581377	1294	0
1522654430.674819000	0.581387	74	1
1522654430.675030000	0.581598	1294	0
1522654430.675106000	0.581674	1294	0
1522654430.675116000	0.581684	74	1
1522654430.675310000	0.581878	1294	0
1522654430.675376000	0.581944	1294	0
1522654430.675386000	0.581954	74	1
1522654430.675617000	0.582185	1294	0
1522654430.675678000	0.582246	1294	0
1522654430.675688000	0.582256	74	1
1522654430.675891000	0.582459	1294	0
1522654430.676194000	0.582762	1294	0
1522654430.676208000	0.582776	74	1
1522654430.676344000	0.582912	1294	0
1522654430.676474000	0.583042	1294	0
1522654430.676485000	0.583053	74	1
1522654430.676636000	0.583204	1294	0
1522654430.676769000	0.583337	1294	0
1522654430.676787000	0.583355	74	1
1522654430.677043000	0.583611	1294	0
1522654430.677319000	0.583887	1294	0
1522654430.677333000	0.583901	74	1
1522654430.679532000	0.5861	1294	0
1522654430.679713000	0.586281	1294	0
1522654430.679729000	0.586297	74	1
1522654430.679808000	0.586376	1294	0
1522654430.680014000	0.586582	1294	0
1522654430.680058000	0.586626	74	1
1522654430.680120000	0.586688	1294	0
1522654430.680307000	0.586875	1294	0
1522654430.680322000	0.58689	74	1
1522654430.680387000	0.586955	1294	0
1522654430.680584000	0.587152	1294	0
1522654430.680597000	0.587165	74	1
1522654430.680688000	0.587256	1294	0
1522654430.680884000	0.587452	1294	0
1522654430.680898000	0.587466	74	1
1522654430.680974000	0.587542	1294	0
1522654430.681067000	0.587635	1294	0
1522654430.681078000	0.587646	74	1
1522654430.681167000	0.587735	1294	0
1522654430.681242000	0.58781	1294	0
1522654430.681253000	0.587821	74	1
1522654430.681539000	0.588107	1294	0
1522654430.686011000	0.592579	1294	0
1522654430.686031000	0.592599	74	1
1522654430.686164000	0.592732	834	0
1522654430.688065000	0.594633	1294	0
1522654430.688092000	0.59466	74	1
1522654430.688157000	0.594725	1294	0
1522654430.688233000	0.594801	1294	0
1522654430.688244000	0.594812	74	1
1522654430.688334000	0.594902	1294	0
1522654430.688416000	0.594984	1294	0
1522654430.688427000	0.594995	74	1
1522654430.688488000	0.595056	1294	0
1522654430.688613000	0.595181	1294	0
1522654430.688626000	0.595194	74	1
1522654430.688707000	0.595275	1294	0
1522654430.688770000	0.595338	1294	0
1522654430.688781000	0.595349	74	1
1522654430.691083000	0.597651	1294	0
1522654430.691363000	0.597931	1294	0
1522654430.691375000	0.597943	74	1
1522654430.691495000	0.598063	1294	0
1522654430.691645000	0.598213	1294	0
1522654430.691648000	0.598216	96	0
1522654430.691671000	0.598239	86	1
1522654430.691788000	0.598356	1294	0
1522654430.691802000	0.59837	86	1
1522654430.691962000	0.59853	1294	0
1522654430.691976000	0.598544	86	1
1522654430.692260000	0.598828	1294	0
1522654430.692275000	0.598843	74	1
1522654430.692965000	0.599533	112	1
1522654430.709030000	0.615598	86	1
1522654430.709293000	0.615861	86	1
1522654430.709583000	0.616151	86	1
1522654430.748853000	0.655421	74	0
1522654430.811288000	0.717856	317	1
1522654430.827702000	0.73427	74	0
1522654430.828151000	0.734719	203	0
1522654430.828518000	0.735086	1294	0
1522654430.828521000	0.735089	1294	0
1522654430.828544000	0.735112	74	1
1522654430.828736000	0.735304	1294	0
1522654430.828811000	0.735379	1294	0
1522654430.828824000	0.735392	74	1
1522654430.829014000	0.735582	1294	0
1522654430.829082000	0.73565	1294	0
1522654430.829093000	0.735661	74	1
1522654430.829154000	0.735722	1294	0
1522654430.829224000	0.735792	1294	0
1522654430.829238000	0.735806	74	1
1522654430.829314000	0.735882	1294	0
1522654430.829380000	0.735948	1294	0
1522654430.829393000	0.735961	74	1
1522654430.829452000	0.73602	1294	0
1522654430.829472000	0.73604	74	1
1522654430.829521000	0.736089	1294	0
1522654430.829594000	0.736162	1294	0
1522654430.829605000	0.736173	74	1
1522654430.829663000	0.736231	1294	0
1522654430.829732000	0.7363	1294	0
1522654430.829745000	0.736313	74	1
1522654430.829808000	0.736376	1294	0
1522654430.829873000	0.736441	1294	0
1522654430.829884000	0.736452	74	1
1522654430.829944000	0.736512	1294	0
1522654430.830012000	0.73658	1294	0
1522654430.830023000	0.736591	74	1
1522654430.830084000	0.736652	1294	0
1522654430.830151000	0.736719	1294	0
1522654430.830161000	0.736729	74	1
1522654430.830222000	0.73679	1294	0
1522654430.830287000	0.736855	1294	0
1522654430.830296000	0.736864	74	1
1522654430.830357000	0.736925	1294	0
1522654430.830441000	0.737009	1294	0
1522654430.830452000	0.73702	74	1
1522654430.830508000	0.737076	1294	0
1522654430.830578000	0.737146	1294	0
1522654430.830588000	0.737156	74	1
1522654430.830648000	0.737216	1294	0
1522654430.830781000	0.737349	1294	0
1522654430.830783000	0.737351	784	0
1522654430.830785000	0.737353	112	0
1522654430.830800000	0.737368	74	1
1522654430.830971000	0.737539	112	1
1522654430.855089000	0.761657	145	1
1522654430.871996000	0.778564	74	0
1522654430.872396000	0.778964	200	0
1522654430.872552000	0.77912	362	0
1522654430.872554000	0.779122	112	0
1522654430.872575000	0.779143	74	1
1522654430.872890000	0.779458	112	1
1522654430.928835000	0.835403	74	0
1522654431.097010000	1.00358	362	1
1522654431.114682000	1.02125	74	0
1522654431.132323000	1.03889	144	1
1522654431.135353000	1.04192	140	0
1522654431.135359000	1.04193	104	0
1522654431.135407000	1.04198	74	1
1522654431.135470000	1.04204	112	0
1522654431.136355000	1.04292	112	1
1522654431.137991000	1.04456	378	1
1522654431.144418000	1.05099	159	1
1522654431.154523000	1.06109	74	0
1522654431.160700000	1.06727	74	0
1522654431.173600000	1.08017	194	0
1522654431.173940000	1.08051	1294	0
1522654431.173966000	1.08053	74	1
1522654431.174237000	1.08081	1294	0
1522654431.174305000	1.08087	1294	0
1522654431.174319000	1.08089	74	1
1522654431.174510000	1.08108	1294	0
1522654431.174575000	1.08114	1294	0
1522654431.174577000	1.08115	1294	0
1522654431.174591000	1.08116	74	1
1522654431.174809000	1.08138	1294	0
1522654431.174881000	1.08145	1294	0
1522654431.174884000	1.08145	1294	0
1522654431.174895000	1.08146	74	1
1522654431.175106000	1.08167	1294	0
1522654431.175175000	1.08174	1294	0
1522654431.175178000	1.08175	1294	0
1522654431.175191000	1.08176	74	1
1522654431.175411000	1.08198	1294	0
1522654431.175695000	1.08226	1294	0
1522654431.175697000	1.08227	143	0
1522654431.175701000	1.08227	112	0
1522654431.175719000	1.08229	74	1
1522654431.178050000	1.08462	112	1
1522654431.179226000	1.08579	159	0
1522654431.179582000	1.08615	1294	0
1522654431.179596000	1.08616	74	1
1522654431.179686000	1.08625	597	0
1522654431.181742000	1.08831	140	0
1522654431.181760000	1.08833	74	1
1522654431.181821000	1.08839	104	0
1522654431.240337000	1.1469	74	0
1522654431.248254000	1.15482	188	1
1522654431.273681000	1.18025	74	0
1522654431.316690000	1.22326	211	0
1522654431.316828000	1.2234	330	0
1522654431.316830000	1.2234	112	0
1522654431.316855000	1.22342	74	1
1522654431.317243000	1.22381	112	1
1522654431.333721000	1.24029	74	0
1522654431.349365000	1.25593	188	1
1522654431.365000000	1.27157	74	0
1522654431.406354000	1.31292	148	0
1522654431.406458000	1.31303	321	0
1522654431.406460000	1.31303	112	0
1522654431.406478000	1.31305	74	1
1522654431.406827000	1.3134	112	1
1522654431.463458000	1.37003	74	0
1522654431.563357000	1.46993	189	1
1522654431.581296000	1.48786	74	0
1522654431.619239000	1.52581	171	0
1522654431.619341000	1.52591	372	0
1522654431.619343000	1.52591	112	0
1522654431.619361000	1.52593	74	1
1522654431.619715000	1.52628	112	1
1522654431.655366000	1.56193	191	1
1522654431.671528000	1.5781	74	0
1522654431.708189000	1.61476	147	0
1522654431.708192000	1.61476	333	0
1522654431.708234000	1.6148	74	1
1522654431.708315000	1.61488	104	0
1522654431.708317000	1.61489	112	0
1522654431.708329000	1.6149	74	1
1522654431.708701000	1.61527	112	1
1522654431.754960000	1.66153	192	1
1522654431.766080000	1.67265	74	0
1522654431.772759000	1.67933	74	0
1522654431.806613000	1.71318	147	0
1522654431.806719000	1.71329	344	0
1522654431.806721000	1.71329	112	0
1522654431.806741000	1.71331	74	1
1522654431.807078000	1.71365	112	1
1522654431.863496000	1.77006	74	0
1522654432.051311000	1.95788	193	1
1522654432.067313000	1.97388	74	0
1522654432.099636000	2.0062	147	0
1522654432.099737000	2.0063	342	0
1522654432.099739000	2.00631	112	0
1522654432.099759000	2.00633	74	1
1522654432.100146000	2.00671	112	1
1522654432.179765000	2.08633	74	0
1522654432.349172000	2.25574	195	1
1522654432.365986000	2.27255	74	0
1522654432.401433000	2.308	144	0
1522654432.401835000	2.3084	342	0
1522654432.401838000	2.30841	112	0
1522654432.401859000	2.30843	74	1
1522654432.402047000	2.30861	112	1
1522654432.458637000	2.36521	74	0
1522654432.634336000	2.5409	195	1
1522654432.650442000	2.55701	74	0
1522654432.688084000	2.59465	171	0
1522654432.688088000	2.59466	332	0
1522654432.688136000	2.5947	74	1
1522654432.688218000	2.59479	112	0
1522654432.688615000	2.59518	112	1
1522654432.728611000	2.63518	196	1
1522654432.744928000	2.6515	74	0
1522654432.780371000	2.68694	147	0
1522654432.780373000	2.68694	295	0
1522654432.780414000	2.68698	74	1
1522654432.780810000	2.68738	104	0
1522654432.780897000	2.68746	112	0
1522654432.780915000	2.68748	74	1
1522654432.781798000	2.68837	112	1
1522654432.837901000	2.74447	74	0
1522654432.905302000	2.81187	199	1
1522654432.921527000	2.82809	74	0
1522654432.934240000	2.84081	316	1
1522654432.950759000	2.85733	74	0
1522654432.956900000	2.86347	148	0
1522654432.957000000	2.86357	333	0
1522654432.957002000	2.86357	112	0
1522654432.957018000	2.86359	74	1
1522654432.957406000	2.86397	112	1
1522654432.970400000	2.87697	140	0
1522654432.970402000	2.87697	104	0
1522654432.970472000	2.87704	74	1
1522654433.014982000	2.92155	74	0
1522654433.268497000	3.17507	200	1
1522654433.285900000	3.19247	74	0
1522654433.320194000	3.22676	148	0
1522654433.320196000	3.22676	308	0
1522654433.320241000	3.22681	74	1
1522654433.320557000	3.22713	112	0
1522654433.320771000	3.22734	112	1
1522654433.377107000	3.28367	74	0
1522654433.537173000	3.44374	200	1
1522654433.557756000	3.46432	74	0
1522654433.594250000	3.50082	171	0
1522654433.594252000	3.50082	299	0
1522654433.594290000	3.50086	74	1
1522654433.594372000	3.50094	104	0
1522654433.594698000	3.50127	112	0
1522654433.594713000	3.50128	74	1
1522654433.594773000	3.50134	112	1
1522654433.650904000	3.55747	74	0
1522654433.833608000	3.74018	201	1
1522654433.852469000	3.75904	74	0
1522654433.886492000	3.79306	144	0
1522654433.886494000	3.79306	325	0
1522654433.886531000	3.7931	74	1
1522654433.886615000	3.79318	112	0
1522654433.886984000	3.79355	112	1
1522654433.943840000	3.85041	74	0
1522654434.133006000	4.03957	202	1
1522654434.149369000	4.05594	74	0
1522654434.185560000	4.09213	147	0
1522654434.185675000	4.09224	335	0
1522654434.185678000	4.09225	112	0
1522654434.185698000	4.09227	74	1
1522654434.186063000	4.09263	112	1
1522654434.242264000	4.14883	74	0
1522654434.432217000	4.33878	203	1
1522654434.447691000	4.35426	74	0
1522654434.484246000	4.39081	170	0
1522654434.484341000	4.39091	337	0
1522654434.484343000	4.39091	112	0
1522654434.484354000	4.39092	74	1
1522654434.484631000	4.3912	112	1
1522654434.541858000	4.44843	74	0
1522654434.562871000	4.46944	203	1
1522654434.580901000	4.48747	74	0
1522654434.620367000	4.52694	147	0
1522654434.620369000	4.52694	308	0
1522654434.620404000	4.52697	74	1
1522654434.620781000	4.52735	104	0
1522654434.620849000	4.52742	112	0
1522654434.620861000	4.52743	74	1
1522654434.621299000	4.52787	112	1
1522654434.646144000	4.55271	74	0
1522654434.727494000	4.63406	204	1
1522654434.744696000	4.65126	74	0
1522654434.779558000	4.68613	144	0
1522654434.779664000	4.68623	337	0
1522654434.779666000	4.68623	112	0
1522654434.779688000	4.68626	74	1
1522654434.780092000	4.68666	112	1
1522654434.836290000	4.74286	74	0
1522654434.858730000	4.7653	205	1
1522654434.879553000	4.78612	74	0
1522654434.918910000	4.82548	144	0
1522654434.918912000	4.82548	308	0
1522654434.918950000	4.82552	74	1
1522654434.919708000	4.82628	104	0
1522654434.919775000	4.82634	112	0
1522654434.919788000	4.82636	74	1
1522654434.920387000	4.82696	112	1
1522654434.977133000	4.8837	74	0
1522654435.108361000	5.01493	205	1
1522654435.135549000	5.04212	74	0
1522654435.171307000	5.07788	147	0
1522654435.171401000	5.07797	336	0
1522654435.171403000	5.07797	112	0
1522654435.171423000	5.07799	74	1
1522654435.171808000	5.07838	112	1
1522654435.227040000	5.13361	74	0
1522654435.390381000	5.29695	187	1
1522654435.406451000	5.31302	74	0
1522654435.492670000	5.39924	216	0
1522654435.493004000	5.39957	1294	0
1522654435.493023000	5.39959	74	1
1522654435.493268000	5.39984	1294	0
1522654435.493354000	5.39992	1294	0
1522654435.493366000	5.39993	74	1
1522654435.493547000	5.40012	1294	0
1522654435.493629000	5.4002	1294	0
1522654435.493640000	5.40021	74	1
1522654435.493836000	5.4004	1294	0
1522654435.493911000	5.40048	1294	0
1522654435.493923000	5.40049	74	1
1522654435.494102000	5.40067	1228	0
1522654435.494594000	5.40116	1294	0
1522654435.494609000	5.40118	74	1
1522654435.494871000	5.40144	1294	0
1522654435.494974000	5.40154	1294	0
1522654435.494986000	5.40155	74	1
1522654435.495162000	5.40173	1294	0
1522654435.495248000	5.40182	1294	0
1522654435.495259000	5.40183	74	1
1522654435.495440000	5.40201	1294	0
1522654435.495507000	5.40208	1294	0
1522654435.495519000	5.40209	74	1
1522654435.495576000	5.40214	1294	0
1522654435.495733000	5.4023	1294	0
1522654435.495747000	5.40232	74	1
1522654435.495804000	5.40237	1294	0
1522654435.495870000	5.40244	1294	0
1522654435.495881000	5.40245	74	1
1522654435.496011000	5.40258	1294	0
1522654435.496076000	5.40264	1216	0
1522654435.496086000	5.40265	74	1
1522654435.497185000	5.40375	1294	0
1522654435.497490000	5.40406	1294	0
1522654435.497508000	5.40408	74	1
1522654435.497757000	5.40433	1294	0
1522654435.497822000	5.40439	1294	0
1522654435.497834000	5.4044	74	1
1522654435.498030000	5.4046	1294	0
1522654435.498329000	5.4049	1294	0
1522654435.498350000	5.40492	74	1
1522654435.498408000	5.40498	390	0
1522654435.702338000	5.60891	74	1
1522654435.718418000	5.62499	86	1
1522654435.923343000	5.82991	1294	0
1522654435.923346000	5.82991	1294	0
1522654435.923402000	5.82997	74	1
1522654435.923561000	5.83013	1294	0
1522654435.923646000	5.83021	1294	0
1522654435.923658000	5.83023	74	1
1522654435.923720000	5.83029	1294	0
1522654435.923865000	5.83043	1294	0
1522654435.923873000	5.83044	74	1
1522654435.924007000	5.83057	1294	0
1522654435.924140000	5.83071	1294	0
1522654435.924155000	5.83072	74	1
1522654435.924215000	5.83078	1294	0
1522654435.924295000	5.83086	1294	0
1522654435.924307000	5.83088	74	1
1522654435.924419000	5.83099	1294	0
1522654435.924513000	5.83108	1294	0
1522654435.924515000	5.83108	205	0
1522654435.924537000	5.8311	86	1
1522654435.924713000	5.83128	1294	0
1522654435.924729000	5.8313	74	1
1522654435.924876000	5.83144	1294	0
1522654435.924878000	5.83145	117	0
1522654435.924891000	5.83146	74	1
1522654435.933736000	5.8403	1294	0
1522654435.933990000	5.84056	1294	0
1522654435.934009000	5.84058	74	1
1522654435.934143000	5.84071	1294	0
1522654435.934292000	5.84086	1294	0
1522654435.934310000	5.84088	74	1
1522654435.934420000	5.84099	1294	0
1522654435.934562000	5.84113	1294	0
1522654435.934573000	5.84114	74	1
1522654435.934840000	5.84141	1294	0
1522654435.934957000	5.84153	1294	0
1522654435.934969000	5.84154	74	1
1522654435.935134000	5.8417	1294	0
1522654435.935237000	5.8418	1294	0
1522654435.935240000	5.84181	132	0
1522654435.935260000	5.84183	86	1
1522654435.935412000	5.84198	1294	0
1522654435.935424000	5.84199	86	1
1522654435.935745000	5.84231	1294	0
1522654435.935759000	5.84233	86	1
1522654435.936032000	5.8426	1294	0
1522654435.936050000	5.84262	74	1
1522654435.936328000	5.8429	1294	0
1522654435.936433000	5.843	1294	0
1522654435.936448000	5.84302	74	1
1522654435.936617000	5.84318	1294	0
1522654435.936723000	5.84329	1294	0
1522654435.936736000	5.8433	74	1
1522654435.937001000	5.84357	1294	0
1522654435.937207000	5.84378	973	0
1522654435.937221000	5.84379	74	1
1522654435.941538000	5.84811	144	1
1522654435.946650000	5.85322	1294	0
1522654435.946754000	5.85332	1294	0
1522654435.946771000	5.85334	74	1
1522654435.946933000	5.8535	1294	0
1522654435.947014000	5.85358	1294	0
1522654435.947025000	5.85359	74	1
1522654435.947212000	5.85378	1294	0
1522654435.947285000	5.85385	1294	0
1522654435.947300000	5.85387	74	1
1522654435.947502000	5.85407	1294	0
1522654435.947571000	5.85414	1294	0
1522654435.947583000	5.85415	74	1
1522654435.947782000	5.85435	1294	0
1522654435.948074000	5.85464	1294	0
1522654435.948096000	5.85466	74	1
1522654435.948156000	5.85472	1294	0
1522654435.948456000	5.85502	1294	0
1522654435.948458000	5.85503	187	0
1522654435.948492000	5.85506	86	1
1522654435.948778000	5.85535	1294	0
1522654435.948793000	5.85536	74	1
1522654435.950763000	5.85733	1294	0
1522654435.950921000	5.85749	1294	0
1522654435.950931000	5.8575	74	1
1522654435.951057000	5.85763	1294	0
1522654435.951198000	5.85777	1294	0
1522654435.951208000	5.85778	74	1
1522654435.951266000	5.85783	1294	0
1522654435.951333000	5.8579	1294	0
1522654435.951343000	5.85791	74	1
1522654435.951472000	5.85804	1294	0
1522654435.951539000	5.85811	1294	0
1522654435.951554000	5.85812	74	1
1522654435.951771000	5.85834	74	1
1522654435.951774000	5.85834	1294	0
1522654435.951835000	5.8584	1294	0
1522654435.951845000	5.85841	74	1
1522654435.952062000	5.85863	1294	0
1522654435.952064000	5.85863	901	0
1522654435.952083000	5.85865	86	1
1522654435.952282000	5.85885	1294	0
1522654435.952297000	5.85887	86	1
1522654435.952358000	5.85893	1294	0
1522654435.952361000	5.85893	313	0
1522654435.952375000	5.85894	74	1
1522654435.952385000	5.85895	86	1
1522654435.952628000	5.8592	1294	0
1522654435.952643000	5.85921	86	1
1522654435.952703000	5.85927	1294	0
1522654435.952715000	5.85928	86	1
1522654435.952778000	5.85935	1294	0
1522654435.952780000	5.85935	112	0
1522654435.952797000	5.85936	74	1
1522654435.953440000	5.86001	112	1
1522654435.962752000	5.86932	74	0
1522654435.970668000	5.87724	74	0
1522654435.981892000	5.88846	203	0
1522654435.982241000	5.88881	1294	0
1522654435.982264000	5.88883	74	1
1522654435.982520000	5.88909	1294	0
1522654435.982587000	5.88916	1294	0
1522654435.982598000	5.88917	74	1
1522654435.982757000	5.88933	1294	0
1522654435.982843000	5.88941	1294	0
1522654435.982846000	5.88941	500	0
1522654435.982869000	5.88944	86	1
1522654435.983138000	5.88971	1294	0
1522654435.983154000	5.88972	86	1
1522654435.983212000	5.88978	1294	0
1522654435.983215000	5.88978	1294	0
1522654435.983227000	5.8898	86	1
1522654435.983236000	5.8898	86	1
1522654435.984338000	5.89091	1294	0
1522654435.984355000	5.89092	86	1
1522654435.984630000	5.8912	1294	0
1522654435.984632000	5.8912	104	0
1522654435.984634000	5.8912	112	0
1522654435.984648000	5.89122	74	1
1522654435.984656000	5.89122	74	1
1522654435.984997000	5.89157	112	1
1522654436.042944000	5.94951	74	0
1522654436.091530000	5.9981	197	1
1522654436.107650000	6.01422	74	0
1522654436.128326000	6.03489	140	0
1522654436.128328000	6.0349	104	0
1522654436.128386000	6.03495	74	1
1522654436.128454000	6.03502	112	0
1522654436.129910000	6.03648	112	1
1522654436.186553000	6.09312	74	0
1522654436.282141000	6.18871	349	1
1522654436.303599000	6.21017	74	0
1522654436.303693000	6.21026	180	0
1522654436.303994000	6.21056	1294	0
1522654436.304015000	6.21058	74	1
1522654436.304081000	6.21065	1294	0
1522654436.304183000	6.21075	1294	0
1522654436.304195000	6.21076	74	1
1522654436.304285000	6.21085	1294	0
1522654436.304370000	6.21094	1294	0
1522654436.304383000	6.21095	74	1
1522654436.304491000	6.21106	1294	0
1522654436.304493000	6.21106	1294	0
1522654436.304511000	6.21108	74	1
1522654436.304646000	6.21121	1294	0
1522654436.304763000	6.21133	1294	0
1522654436.304775000	6.21134	74	1
1522654436.304836000	6.2114	1294	0
1522654436.304921000	6.21149	1294	0
1522654436.304934000	6.2115	74	1
1522654436.305049000	6.21162	1294	0
1522654436.305052000	6.21162	1294	0
1522654436.305063000	6.21163	74	1
1522654436.305224000	6.21179	1294	0
1522654436.305285000	6.21185	1294	0
1522654436.305297000	6.21186	74	1
1522654436.305358000	6.21193	1294	0
1522654436.305361000	6.21193	1294	0
1522654436.305372000	6.21194	74	1
1522654436.305524000	6.21209	1294	0
1522654436.305597000	6.21217	1294	0
1522654436.305599000	6.21217	1294	0
1522654436.305609000	6.21218	74	1
1522654436.305668000	6.21224	1294	0
1522654436.305670000	6.21224	1294	0
1522654436.305681000	6.21225	74	1
1522654436.305800000	6.21237	1294	0
1522654436.305866000	6.21243	1294	0
1522654436.305875000	6.21244	74	1
1522654436.305932000	6.2125	1294	0
1522654436.305935000	6.2125	1294	0
1522654436.305946000	6.21251	74	1
1522654436.306133000	6.2127	1294	0
1522654436.306202000	6.21277	1294	0
1522654436.306204000	6.21277	1294	0
1522654436.306215000	6.21278	74	1
1522654436.306276000	6.21284	1294	0
1522654436.306432000	6.213	1294	0
1522654436.306444000	6.21301	74	1
1522654436.306505000	6.21307	1294	0
1522654436.306507000	6.21308	1294	0
1522654436.306518000	6.21309	74	1
1522654436.306578000	6.21315	1294	0
1522654436.306727000	6.21329	1294	0
1522654436.306740000	6.21331	74	1
1522654436.306800000	6.21337	1294	0
1522654436.306802000	6.21337	1294	0
1522654436.306813000	6.21338	74	1
1522654436.306871000	6.21344	1294	0
1522654436.307005000	6.21357	1294	0
1522654436.307017000	6.21359	74	1
1522654436.307078000	6.21365	1294	0
1522654436.307146000	6.21371	1294	0
1522654436.307149000	6.21372	1294	0
1522654436.307159000	6.21373	74	1
1522654436.307281000	6.21385	1294	0
1522654436.307349000	6.21392	1294	0
1522654436.307361000	6.21393	74	1
1522654436.307422000	6.21399	1294	0
1522654436.307648000	6.21422	1294	0
1522654436.307662000	6.21423	74	1
1522654436.307723000	6.21429	1294	0
1522654436.307789000	6.21436	1294	0
1522654436.307798000	6.21437	74	1
1522654436.307942000	6.21451	1294	0
1522654436.308024000	6.21459	1294	0
1522654436.308033000	6.2146	74	1
1522654436.308095000	6.21466	1294	0
1522654436.308098000	6.21467	1294	0
1522654436.308101000	6.21467	792	0
1522654436.308125000	6.21469	86	1
1522654436.308267000	6.21484	1294	0
1522654436.308283000	6.21485	74	1
1522654436.308388000	6.21496	74	1
1522654436.308759000	6.21533	112	1
1522654436.328469000	6.23504	173	1
1522654436.344748000	6.25132	74	0
1522654436.366843000	6.27341	216	0
1522654436.366846000	6.27341	104	0
1522654436.366899000	6.27347	74	1
1522654436.367244000	6.27381	112	0
1522654436.367433000	6.274	112	1
1522654436.424012000	6.33058	74	0
1522654436.539043000	6.44561	400	1
1522654436.555073000	6.46164	74	0
1522654436.577626000	6.48419	142	0
1522654436.577800000	6.48437	104	0
1522654436.577802000	6.48437	112	0
1522654436.577815000	6.48438	74	1
1522654436.578268000	6.48484	112	1
1522654436.638004000	6.54457	74	0
1522654438.461588000	8.36816	309	1
1522654438.478454000	8.38502	74	0
1522654438.498667000	8.40524	142	0
1522654438.498669000	8.40524	104	0
1522654438.498671000	8.40524	112	0
1522654438.498713000	8.40528	74	1
1522654438.499069000	8.40564	112	1
1522654438.555806000	8.46237	74	0
1522654441.043423000	10.95	346	1
1522654441.062762000	10.9693	74	0
1522654441.083008000	10.9896	142	0
1522654441.083010000	10.9896	104	0
1522654441.083012000	10.9896	112	0
1522654441.083073000	10.9896	74	1
1522654441.084194000	10.9908	112	1
1522654441.139744000	11.0463	74	0
