1527867820.285497000	0	355	1
1527867820.307430000	0.0219331	87	0
1527867820.530076000	0.244579	325	0
1527867820.530272000	0.244775	1412	0
1527867820.530572000	0.245075	1412	0
1527867820.530868000	0.245371	1412	0
1527867820.531089000	0.245592	180	0
1527867820.531440000	0.245943	1412	0
1527867820.531856000	0.246359	1412	0
1527867820.532062000	0.246565	1412	0
1527867820.532234000	0.246737	188	0
1527867820.532447000	0.24695	675	0
1527867820.532672000	0.247175	1412	0
1527867820.532745000	0.247248	125	1
1527867820.532894000	0.247397	1412	0
1527867820.533083000	0.247586	693	0
1527867820.533563000	0.248066	1412	0
1527867820.533828000	0.248331	1412	0
1527867820.534030000	0.248533	1412	0
1527867820.534220000	0.248723	188	0
1527867820.534447000	0.24895	1189	0
1527867820.535662000	0.250165	122	1
1527867820.584155000	0.298658	1412	0
1527867820.584358000	0.298861	1412	0
1527867820.584611000	0.299114	1412	0
1527867820.584773000	0.299276	198	0
1527867820.585343000	0.299846	1241	0
1527867820.586653000	0.301156	110	1
1527867820.605631000	0.320134	1412	0
1527867820.605802000	0.320305	252	0
1527867820.608661000	0.323164	101	1
1527867820.619634000	0.334137	1412	0
1527867820.619810000	0.334313	802	0
1527867820.622660000	0.337163	101	1
1527867820.637467000	0.35197	1412	0
1527867820.637644000	0.352147	1007	0
1527867820.640691000	0.355194	101	1
1527867820.656887000	0.37139	1412	0
1527867820.657078000	0.371581	1412	0
1527867820.657376000	0.371879	1412	0
1527867820.657546000	0.372049	188	0
1527867820.657744000	0.372247	84	0
1527867820.659671000	0.374174	110	1
1527867820.673360000	0.387863	1412	0
1527867820.673521000	0.388024	168	0
1527867820.675681000	0.390184	101	1
1527867820.692483000	0.406986	1412	0
1527867820.692667000	0.40717	1412	0
1527867820.692999000	0.407502	1412	0
1527867820.693171000	0.407674	198	0
1527867820.693362000	0.407865	84	0
1527867820.712965000	0.427468	1412	0
1527867820.713125000	0.427628	151	0
1527867820.727353000	0.441856	1412	0
1527867820.727543000	0.442046	1412	0
1527867820.728214000	0.442717	1412	0
1527867820.728389000	0.442892	188	0
1527867820.728582000	0.443085	84	0
1527867820.751051000	0.465554	792	0
1527867820.763072000	0.477575	1412	0
1527867820.763294000	0.477797	1412	0
1527867820.763595000	0.478098	1412	0
1527867820.763769000	0.478272	188	0
1527867820.763982000	0.478485	673	0
1527867820.768787000	0.48329	125	1
1527867820.780169000	0.494672	119	1
1527867820.786159000	0.500662	260	0
1527867820.788699000	0.503202	98	1
1527867821.143510000	0.858013	389	1
1527867821.143606000	0.858109	1412	1
1527867821.143655000	0.858158	916	1
1527867821.145697000	0.8602	330	1
1527867821.160519000	0.875022	87	0
1527867821.171240000	0.885743	87	0
1527867821.287936000	1.00244	466	0
1527867821.290573000	1.00508	80	0
1527867821.295749000	1.01025	107	1
1527867821.409894000	1.1244	215	1
1527867821.427328000	1.14183	87	0
1527867821.456441000	1.17094	234	0
1527867821.456845000	1.17135	1412	0
1527867821.457053000	1.17156	1412	0
1527867821.457259000	1.17176	1412	0
1527867821.457439000	1.17194	180	0
1527867821.457664000	1.17217	1412	0
1527867821.457864000	1.17237	1412	0
1527867821.458057000	1.17256	1071	0
1527867821.459969000	1.17447	92	0
1527867821.460178000	1.17468	226	0
1527867821.498746000	1.21325	234	0
1527867821.533118000	1.24762	380	0
1527867821.533291000	1.24779	1117	0
1527867821.536105000	1.25061	92	0
1527867821.536486000	1.25099	120	0
1527867821.576124000	1.29063	1412	0
1527867821.777370000	1.49187	1412	0
1527867821.777637000	1.49214	1412	0
1527867822.176961000	1.89146	180	0
1527867822.177152000	1.89165	1412	0
1527867822.279848000	1.99435	128	1
1527867822.280073000	1.99458	125	1
1527867822.618082000	2.33259	864	1
1527867822.636039000	2.35054	87	0
1527867822.655356000	2.36986	428	1
1527867822.671181000	2.38568	87	0
1527867822.775302000	2.4898	345	1
1527867822.792300000	2.5068	87	0
1527867822.802353000	2.51686	527	0
1527867822.804793000	2.5193	101	1
1527867822.810807000	2.52531	328	0
1527867822.810997000	2.5255	487	0
1527867822.813798000	2.5283	101	1
1527867822.963792000	2.6783	420	0
1527867822.964045000	2.67855	961	0
1527867822.964330000	2.67883	317	0
1527867822.966810000	2.68131	104	1
1527867823.055885000	2.77039	246	1
1527867823.055962000	2.77047	144	1
1527867823.074175000	2.78868	87	0
1527867823.126154000	2.84066	1412	0
1527867823.126345000	2.84085	1412	0
1527867823.126601000	2.8411	1412	0
1527867823.126778000	2.84128	531	0
1527867823.126961000	2.84146	92	0
1527867823.127169000	2.84167	180	0
1527867823.129065000	2.84357	116	1
1527867823.163046000	2.87755	756	1
1527867823.163123000	2.87763	190	1
1527867823.179338000	2.89384	87	0
1527867823.272999000	2.9875	642	0
1527867823.273107000	2.98761	165	0
1527867823.275822000	2.99032	104	1
1527867823.907972000	3.62248	232	1
1527867823.915305000	3.62981	1412	1
1527867823.915347000	3.62985	137	1
1527867823.917763000	3.63227	1412	1
1527867823.917832000	3.63233	1412	1
1527867823.917854000	3.63236	245	1
1527867823.917913000	3.63242	843	1
1527867823.923902000	3.63841	87	0
1527867823.932314000	3.64682	87	0
1527867823.937778000	3.65228	87	0
1527867823.958897000	3.6734	485	0
1527867823.959080000	3.67358	330	0
1527867823.961864000	3.67637	110	1
1527867824.013257000	3.72776	325	0
1527867824.013683000	3.72819	1412	0
1527867824.013879000	3.72838	997	0
1527867824.015859000	3.73036	104	1
1527867824.015926000	3.73043	92	0
1527867824.016146000	3.73065	292	0
1527867824.018863000	3.73337	101	1
1527867824.192099000	3.9066	1412	1
1527867824.192141000	3.90664	343	1
1527867824.208830000	3.92333	87	0
1527867824.298017000	4.01252	427	0
1527867824.298234000	4.01274	1412	0
1527867824.298438000	4.01294	1412	0
1527867824.298737000	4.01324	1412	0
1527867824.298909000	4.01341	188	0
1527867824.299110000	4.01361	298	0
1527867824.300908000	4.01541	116	1
1527867824.394569000	4.10907	1054	0
1527867824.397931000	4.11243	98	1
1527867824.468357000	4.18286	524	1
1527867824.468457000	4.18296	1412	1
1527867824.468499000	4.183	1412	1
1527867824.468534000	4.18304	965	1
1527867824.500345000	4.21485	87	0
1527867824.587844000	4.30235	376	0
1527867824.590259000	4.30476	80	0
1527867824.590903000	4.30541	104	1
1527867825.189152000	4.90366	1391	1
1527867825.207455000	4.92196	87	0
1527867826.158041000	5.87254	309	0
1527867826.158254000	5.87276	163	0
1527867826.158424000	5.87293	201	0
1527867826.161545000	5.87605	107	1
1527867826.163673000	5.87818	333	1
1527867826.163748000	5.87825	1412	1
1527867826.163773000	5.87828	989	1
1527867826.171896000	5.8864	251	1
1527867826.181548000	5.89605	87	0
1527867826.188420000	5.90292	87	0
1527867826.276268000	5.99077	372	0
1527867826.279179000	5.99368	80	0
1527867826.279613000	5.99412	107	1
1527867826.370196000	6.0847	554	0
1527867826.370342000	6.08485	306	0
1527867826.370551000	6.08505	159	0
1527867826.374370000	6.08887	121	1
1527867826.376522000	6.09103	252	1
1527867826.390007000	6.10451	87	0
1527867826.931615000	6.64612	926	0
1527867826.931809000	6.64631	1412	0
1527867826.932015000	6.64652	1412	0
1527867826.932198000	6.6467	1412	0
1527867826.932372000	6.64688	180	0
1527867826.932609000	6.64711	1412	0
1527867826.932808000	6.64731	1354	0
1527867826.933220000	6.64772	1412	0
1527867826.933540000	6.64804	1412	0
1527867826.933778000	6.64828	1412	0
1527867826.933949000	6.64845	188	0
1527867826.934175000	6.64868	1218	0
1527867826.935393000	6.6499	1412	0
1527867826.936316000	6.65082	1412	0
1527867826.936342000	6.65085	119	1
1527867826.936996000	6.6515	1412	0
1527867826.937172000	6.65167	188	0
1527867826.937366000	6.65187	84	0
1527867826.937436000	6.65194	125	1
1527867826.962430000	6.67693	1412	0
1527867826.962600000	6.6771	737	0
1527867826.964179000	6.67868	1412	0
1527867826.964471000	6.67897	1412	0
1527867826.964839000	6.67934	1412	0
1527867826.965020000	6.67952	180	0
1527867826.965251000	6.67975	1412	0
1527867826.965455000	6.67996	1412	0
1527867826.965659000	6.68016	1412	0
1527867826.965830000	6.68033	180	0
1527867826.966688000	6.68119	1412	0
1527867826.966687000	6.68119	107	1
1527867826.966887000	6.68139	367	0
1527867826.967527000	6.68203	1412	0
1527867826.967774000	6.68228	1412	0
1527867826.967981000	6.68248	125	1
1527867826.968092000	6.6826	1412	0
1527867826.968267000	6.68277	188	0
1527867826.968919000	6.68342	1412	0
1527867826.969092000	6.68359	184	0
1527867826.970035000	6.68454	1412	0
1527867826.970332000	6.68483	1412	0
1527867826.970556000	6.68506	113	1
1527867826.970629000	6.68513	1412	0
1527867826.970822000	6.68533	188	0
1527867826.971103000	6.68561	1198	0
1527867826.972953000	6.68746	1412	0
1527867826.973209000	6.68771	1412	0
1527867826.973510000	6.68801	1412	0
1527867826.973643000	6.68815	110	1
1527867826.973676000	6.68818	188	0
1527867826.973929000	6.68843	965	0
1527867826.974146000	6.68865	1412	0
1527867826.974348000	6.68885	1304	0
1527867826.974962000	6.68947	749	0
1527867826.977445000	6.69195	1412	0
1527867826.977714000	6.69222	1329	0
1527867826.978303000	6.69281	1412	0
1527867826.978511000	6.69301	1412	0
1527867826.978685000	6.69319	351	0
1527867826.978887000	6.69339	351	0
1527867826.982092000	6.69659	125	1
1527867826.985043000	6.69955	101	1
1527867828.280678000	7.99518	310	1
1527867828.280792000	7.9953	144	1
1527867828.298306000	8.01281	87	0
1527867828.349000000	8.0635	1412	0
1527867828.349191000	8.06369	1412	0
1527867828.349475000	8.06398	1412	0
1527867828.349663000	8.06417	753	0
1527867828.349843000	8.06435	92	0
1527867828.350054000	8.06456	255	0
1527867828.353673000	8.06818	116	1
1527867829.353544000	9.06805	982	1
1527867829.353622000	9.06813	294	1
1527867829.358344000	9.07285	304	1
1527867829.358430000	9.07293	1412	1
1527867829.358455000	9.07296	1412	1
1527867829.358477000	9.07298	989	1
1527867829.370780000	9.08528	87	0
1527867829.379472000	9.09398	87	0
1527867829.468947000	9.18345	401	1
1527867829.477616000	9.19212	399	0
1527867829.480737000	9.19524	98	1
1527867829.485548000	9.20005	90	0
1527867829.488775000	9.20328	98	1
1527867829.502935000	9.21744	281	0
1527867829.503154000	9.21766	1400	0
1527867829.503920000	9.21842	513	0
1527867829.505337000	9.21984	592	0
1527867829.505708000	9.22021	107	1
1527867829.507202000	9.2217	635	0
1527867829.508121000	9.22262	467	0
1527867829.509689000	9.22419	101	1
1527867829.510675000	9.22518	697	0
1527867829.513737000	9.22824	98	1
1527867829.513997000	9.2285	494	0
1527867829.514625000	9.22913	835	0
1527867829.516560000	9.23106	649	0
1527867829.516789000	9.23129	104	1
1527867829.517597000	9.2321	519	0
1527867829.518352000	9.23286	439	0
1527867829.520103000	9.23461	701	0
1527867829.520721000	9.23522	98	1
1527867829.522072000	9.23658	616	0
1527867829.523700000	9.2382	104	1
1527867829.524902000	9.23941	568	0
1527867829.525409000	9.23991	654	0
1527867829.526527000	9.24103	583	0
1527867829.526792000	9.2413	689	0
1527867829.527695000	9.2422	107	1
1527867829.533367000	9.24787	102	0
1527867829.534705000	9.24921	113	0
1527867829.535735000	9.25024	101	1
1527867829.625055000	9.33956	285	0
1527867829.625237000	9.33974	103	0
1527867829.627742000	9.34225	101	1
1527867829.630692000	9.3452	203	0
1527867829.633771000	9.34827	98	1
1527867829.721062000	9.43556	1412	1
1527867829.721105000	9.43561	1412	1
1527867829.721147000	9.43565	478	1
1527867829.721209000	9.43571	843	1
1527867829.741286000	9.45579	87	0
1527867829.766675000	9.48118	612	0
1527867829.769736000	9.48424	101	1
1527867830.335157000	10.0497	1007	1
1527867830.335230000	10.0497	94	1
1527867830.353678000	10.0682	87	0
1527867830.453051000	10.1676	284	0
1527867830.453243000	10.1677	365	0
1527867830.455769000	10.1703	104	1
1527867830.456334000	10.1708	115	0
1527867830.458744000	10.1732	98	1
1527867831.015765000	10.7303	476	1
1527867831.015860000	10.7304	109	1
1527867831.024277000	10.7388	304	1
1527867831.027182000	10.7417	480	1
1527867831.027252000	10.7418	87	1
1527867831.034561000	10.7491	87	0
1527867831.041282000	10.7558	87	0
1527867831.045385000	10.7599	87	0
1527867831.155361000	10.8699	312	0
1527867831.155538000	10.87	103	0
1527867831.157838000	10.8723	110	1
1527867831.160342000	10.8748	92	0
1527867831.160547000	10.8751	116	0
1527867831.162845000	10.8773	101	1
1527867831.170123000	10.8846	309	0
1527867831.170298000	10.8848	151	0
1527867831.172830000	10.8873	101	1
1527867831.173478000	10.888	92	0
1527867831.173873000	10.8884	222	0
1527867831.175908000	10.8904	101	1
1527867831.311911000	11.0264	245	0
1527867831.312777000	11.0273	141	0
1527867831.314844000	11.0293	101	1
1527867831.317940000	11.0324	92	0
1527867831.318136000	11.0326	318	0
1527867831.320821000	11.0353	101	1
1527867831.811182000	11.5257	393	1
1527867831.811271000	11.5258	259	1
1527867831.828344000	11.5428	87	0
1527867832.313195000	12.0277	305	1
1527867832.313330000	12.0278	1412	1
1527867832.313355000	12.0279	1412	1
1527867832.313378000	12.0279	1412	1
1527867832.313423000	12.0279	1412	1
1527867832.313463000	12.028	1412	1
1527867832.313496000	12.028	1412	1
1527867832.313533000	12.028	1412	1
1527867832.313573000	12.0281	1412	1
1527867832.313606000	12.0281	1412	1
1527867832.313642000	12.0281	1412	1
1527867832.313691000	12.0282	1412	1
1527867832.313714000	12.0282	1412	1
1527867832.313751000	12.0283	1412	1
1527867832.314872000	12.0294	1412	1
1527867832.314993000	12.0295	1412	1
1527867832.315058000	12.0296	1412	1
1527867832.315083000	12.0296	1412	1
1527867832.315118000	12.0296	1412	1
1527867832.315167000	12.0297	1412	1
1527867832.315190000	12.0297	1412	1
1527867832.316866000	12.0314	1412	1
1527867832.316894000	12.0314	1412	1
1527867832.316930000	12.0314	1412	1
1527867832.316963000	12.0315	1412	1
1527867832.317004000	12.0315	1412	1
1527867832.317039000	12.0315	1412	1
1527867832.318862000	12.0334	1412	1
1527867832.318890000	12.0334	1412	1
1527867832.318931000	12.0334	1412	1
1527867832.318960000	12.0335	1412	1
1527867832.318998000	12.0335	1412	1
1527867832.319032000	12.0335	1412	1
1527867832.319067000	12.0336	1412	1
1527867832.320892000	12.0354	767	1
1527867832.326866000	12.0414	255	0
1527867832.327152000	12.0417	146	0
1527867832.329448000	12.044	87	0
1527867832.329878000	12.0444	107	1
1527867832.331916000	12.0464	102	0
1527867832.332141000	12.0466	314	0
1527867832.334919000	12.0494	101	1
1527867832.335984000	12.0505	87	0
1527867832.337209000	12.0517	87	0
1527867832.400896000	12.1154	379	1
1527867832.403023000	12.1175	297	1
1527867832.418274000	12.1328	87	0
1527867832.455304000	12.1698	377	1
1527867832.473501000	12.188	87	0
1527867832.484136000	12.1986	344	1
1527867832.484221000	12.1987	273	1
1527867832.501074000	12.2156	87	0
1527867832.522288000	12.2368	260	0
1527867832.522476000	12.237	279	0
1527867832.525935000	12.2404	104	1
1527867832.532406000	12.2469	92	0
1527867832.532796000	12.2473	186	0
1527867832.534059000	12.2486	233	0
1527867832.534259000	12.2488	118	0
1527867832.535126000	12.2496	107	1
1527867832.538672000	12.2532	92	0
1527867832.538863000	12.2534	131	0
1527867832.541915000	12.2564	101	1
1527867832.639499000	12.354	313	0
1527867832.639683000	12.3542	146	0
1527867832.641897000	12.3564	101	1
1527867832.644268000	12.3588	92	0
1527867832.644471000	12.359	177	0
1527867832.646914000	12.3614	101	1
1527867832.690353000	12.4049	400	0
1527867832.691100000	12.4056	1412	1
1527867832.691147000	12.4057	407	1
1527867832.693964000	12.4085	98	1
1527867832.698108000	12.4126	80	0
1527867832.698311000	12.4128	556	0
1527867832.698522000	12.413	803	0
1527867832.700187000	12.4147	92	0
1527867832.700386000	12.4149	238	0
1527867832.704763000	12.4193	104	1
1527867832.708102000	12.4226	87	0
1527867832.709910000	12.4244	104	1
1527867832.750460000	12.465	913	1
1527867832.750552000	12.4651	266	1
1527867832.767073000	12.4816	87	0
1527867832.856579000	12.5711	773	0
1527867832.856680000	12.5712	177	0
1527867832.859939000	12.5744	104	1
1527867832.870335000	12.5848	471	1
1527867832.887113000	12.6016	87	0
1527867833.009094000	12.7236	235	0
1527867833.009343000	12.7238	473	0
1527867833.012010000	12.7265	104	1
1527867833.074147000	12.7887	333	0
1527867833.074284000	12.7888	146	0
1527867833.077006000	12.7915	101	1
1527867833.078366000	12.7929	92	0
1527867833.078958000	12.7935	177	0
1527867833.080989000	12.7955	101	1
1527867833.596768000	13.3113	470	1
1527867833.596866000	13.3114	259	1
1527867833.612988000	13.3275	87	0
1527867833.767163000	13.4817	306	0
1527867833.767338000	13.4818	146	0
1527867833.769973000	13.4845	104	1
1527867833.772834000	13.4873	92	0
1527867833.773471000	13.488	131	0
1527867833.775954000	13.4905	101	1
1527867833.836250000	13.5508	392	1
1527867833.836317000	13.5508	257	1
1527867833.854184000	13.5687	87	0
1527867833.969356000	13.6839	259	0
1527867833.969540000	13.684	146	0
1527867833.971981000	13.6865	104	1
1527867833.973004000	13.6875	92	0
1527867833.973214000	13.6877	278	0
1527867833.975974000	13.6905	101	1
1527867834.092121000	13.8066	395	1
1527867834.092212000	13.8067	254	1
1527867834.120225000	13.8347	87	0
1527867834.439215000	14.1537	256	0
1527867834.439333000	14.1538	146	0
1527867834.442079000	14.1566	104	1
1527867834.445512000	14.16	92	0
1527867834.445699000	14.1602	94	0
1527867834.448087000	14.1626	101	1
1527867834.512074000	14.2266	394	1
1527867834.512163000	14.2267	255	1
1527867834.538064000	14.2526	87	0
1527867834.854262000	14.5688	260	0
1527867834.854460000	14.569	146	0
1527867834.857105000	14.5716	104	1
1527867834.858748000	14.5733	92	0
1527867834.858889000	14.5734	131	0
1527867834.861090000	14.5756	101	1
1527867835.167952000	14.8825	396	1
1527867835.168048000	14.8826	264	1
1527867835.184390000	14.8989	87	0
1527867835.305578000	15.0201	303	0
1527867835.305771000	15.0203	146	0
1527867835.308049000	15.0226	104	1
1527867835.309114000	15.0236	92	0
1527867835.309329000	15.0238	327	0
1527867835.312026000	15.0265	101	1
1527867835.661106000	15.3756	393	1
1527867835.661199000	15.3757	263	1
1527867835.684499000	15.399	87	0
1527867835.831915000	15.5464	255	0
1527867835.832064000	15.5466	148	0
1527867835.835181000	15.5497	104	1
1527867835.836116000	15.5506	92	0
1527867835.836805000	15.5513	282	0
1527867835.839152000	15.5537	101	1
1527867835.898676000	15.6132	392	1
1527867835.898743000	15.6132	258	1
1527867835.917027000	15.6315	87	0
1527867835.927009000	15.6415	87	0
1527867836.231335000	15.9458	235	0
1527867836.231524000	15.946	148	0
1527867836.234118000	15.9486	107	1
1527867836.235208000	15.9497	92	0
1527867836.235431000	15.9499	338	0
1527867836.238105000	15.9526	101	1
1527867836.489520000	16.204	390	1
1527867836.489604000	16.2041	264	1
1527867836.507089000	16.2216	87	0
1527867836.819590000	16.5341	235	0
1527867836.819705000	16.5342	148	0
1527867836.822154000	16.5367	104	1
1527867836.824017000	16.5385	92	0
1527867836.824223000	16.5387	226	0
1527867836.827174000	16.5417	101	1
1527867836.905714000	16.6202	991	1
1527867836.905800000	16.6203	266	1
1527867836.923784000	16.6383	87	0
1527867837.038627000	16.7531	256	0
1527867837.038817000	16.7533	148	0
1527867837.041247000	16.7557	104	1
1527867837.043609000	16.7581	92	0
1527867837.043817000	16.7583	127	0
1527867837.046157000	16.7607	101	1
1527867837.119767000	16.8343	913	1
1527867837.119845000	16.8343	262	1
1527867837.147376000	16.8619	87	0
1527867837.476719000	17.1912	235	0
1527867837.476834000	17.1913	148	0
1527867837.480259000	17.1948	104	1
1527867837.481206000	17.1957	92	0
1527867837.481415000	17.1959	154	0
1527867837.484266000	17.1988	101	1
1527867837.544046000	17.2585	390	1
1527867837.544137000	17.2586	259	1
1527867837.560265000	17.2748	87	0
1527867837.689153000	17.4037	235	0
1527867837.689280000	17.4038	148	0
1527867837.692274000	17.4068	104	1
1527867837.693773000	17.4083	92	0
1527867837.693970000	17.4085	155	0
1527867837.696265000	17.4108	101	1
1527867837.848880000	17.5634	468	1
1527867837.848957000	17.5635	255	1
1527867837.865796000	17.5803	87	0
1527867837.987721000	17.7022	255	0
1527867837.987910000	17.7024	148	0
1527867837.990307000	17.7048	104	1
1527867837.992381000	17.7069	92	0
1527867837.992926000	17.7074	141	0
1527867837.995271000	17.7098	101	1
1527867838.264370000	17.9789	393	1
1527867838.264446000	17.9789	265	1
1527867838.280533000	17.995	87	0
1527867838.387622000	18.1021	256	0
1527867838.387742000	18.1022	148	0
1527867838.390327000	18.1048	104	1
1527867838.391257000	18.1058	92	0
1527867838.391595000	18.1061	312	0
1527867838.394295000	18.1088	101	1
1527867838.616751000	18.3313	394	1
1527867838.616848000	18.3314	260	1
1527867838.634211000	18.3487	87	0
1527867838.751856000	18.4664	236	0
1527867838.752025000	18.4665	148	0
1527867838.754262000	18.4688	104	1
1527867838.755962000	18.4705	92	0
1527867838.756176000	18.4707	265	0
1527867838.758250000	18.4728	101	1
1527867839.046785000	18.7613	395	1
1527867839.046863000	18.7614	261	1
1527867839.062911000	18.7774	87	0
1527867839.179111000	18.8936	356	0
1527867839.179297000	18.8938	148	0
1527867839.182321000	18.8968	104	1
1527867839.182360000	18.8969	92	0
1527867839.182842000	18.8973	319	0
1527867839.185262000	18.8998	101	1
1527867839.367888000	19.0824	389	1
1527867839.367981000	19.0825	260	1
1527867839.385612000	19.1001	87	0
1527867839.492333000	19.2068	309	0
1527867839.492493000	19.207	148	0
1527867839.495376000	19.2099	104	1
1527867839.497819000	19.2123	92	0
1527867839.497978000	19.2125	121	0
1527867839.500364000	19.2149	101	1
1527867839.611583000	19.3261	393	1
1527867839.611657000	19.3262	257	1
1527867839.627736000	19.3422	87	0
1527867839.798289000	19.5128	236	0
1527867839.798410000	19.5129	148	0
1527867839.801397000	19.5159	104	1
1527867839.803040000	19.5175	92	0
1527867839.803189000	19.5177	162	0
1527867839.805375000	19.5199	101	1
1527867839.832380000	19.5469	392	1
1527867839.832482000	19.547	260	1
1527867839.849802000	19.5643	87	0
1527867839.965622000	19.6801	281	0
1527867839.965809000	19.6803	148	0
1527867839.968398000	19.6829	104	1
1527867839.970769000	19.6853	92	0
1527867839.970993000	19.6855	146	0
1527867839.973339000	19.6878	101	1
1527867840.048772000	19.7633	394	1
1527867840.048845000	19.7633	256	1
1527867840.065203000	19.7797	87	0
1527867840.200876000	19.9154	235	0
1527867840.201143000	19.9156	148	0
1527867840.203353000	19.9179	104	1
1527867840.206319000	19.9208	92	0
1527867840.208435000	19.9229	130	0
1527867840.209310000	19.9238	101	1
1527867840.479881000	20.1944	995	1
1527867840.479964000	20.1945	264	1
1527867840.497748000	20.2123	87	0
1527867840.822448000	20.537	302	0
1527867840.822615000	20.5371	148	0
1527867840.825422000	20.5399	104	1
1527867840.826941000	20.5414	92	0
1527867840.828253000	20.5428	241	0
1527867840.829361000	20.5439	101	1
1527867843.218312000	22.9328	889	1
1527867843.218403000	22.9329	1412	1
1527867843.218428000	22.9329	1412	1
1527867843.218464000	22.933	1412	1
1527867843.218518000	22.933	1383	1
1527867843.237050000	22.9516	87	0
1527867843.241741000	22.9562	87	0
1527867843.344629000	23.0591	414	0
1527867843.347303000	23.0618	104	1
1527867843.350718000	23.0652	80	0
1527867843.353309000	23.0678	98	1
1527867843.424712000	23.1392	394	1
1527867843.424799000	23.1393	270	1
1527867843.440759000	23.1553	87	0
1527867843.611940000	23.3264	235	0
1527867843.612128000	23.3266	148	0
1527867843.615310000	23.3298	104	1
1527867843.618188000	23.3327	92	0
1527867843.618402000	23.3329	297	0
1527867843.620295000	23.3348	101	1
1527867843.717321000	23.4318	468	1
1527867843.717387000	23.4319	261	1
1527867843.734019000	23.4485	87	0
1527867843.866179000	23.5807	256	0
1527867843.866365000	23.5809	148	0
1527867843.869375000	23.5839	104	1
1527867843.870258000	23.5848	92	0
1527867843.870472000	23.585	268	0
1527867843.873353000	23.5879	101	1
1527867844.043862000	23.7584	390	1
1527867844.043923000	23.7584	261	1
1527867844.060031000	23.7745	87	0
1527867844.189854000	23.9044	233	0
1527867844.190040000	23.9045	148	0
1527867844.191896000	23.9064	92	0
1527867844.192301000	23.9068	105	0
1527867844.192369000	23.9069	107	1
1527867844.195333000	23.9098	98	1
1527867844.467001000	24.1815	394	1
1527867844.467116000	24.1816	271	1
1527867844.483092000	24.1976	87	0
1527867844.630251000	24.3448	232	0
1527867844.630438000	24.3449	148	0
1527867844.633378000	24.3479	104	1
1527867844.637076000	24.3516	92	0
1527867844.637285000	24.3518	139	0
1527867844.639364000	24.3539	101	1
1527867844.894477000	24.609	393	1
1527867844.894570000	24.6091	275	1
1527867844.910781000	24.6253	87	0
1527867845.259432000	24.9739	256	0
1527867845.260252000	24.9748	148	0
1527867845.262433000	24.9769	104	1
1527867845.264754000	24.9793	92	0
1527867845.264922000	24.9794	338	0
1527867845.267440000	24.9819	101	1
1527867848.361425000	28.0759	392	1
1527867848.361492000	28.076	258	1
1527867848.377564000	28.0921	87	0
1527867848.488936000	28.2034	279	0
1527867848.489042000	28.2035	148	0
1527867848.491668000	28.2062	104	1
1527867848.494247000	28.2088	92	0
1527867848.494403000	28.2089	142	0
1527867848.496656000	28.2112	101	1
1527867849.062985000	28.7775	394	1
1527867849.063047000	28.7775	261	1
1527867849.091702000	28.8062	394	1
1527867849.092393000	28.8069	87	0
1527867849.108076000	28.8226	87	0
1527867849.205834000	28.9203	358	0
1527867849.205956000	28.9205	148	0
1527867849.208672000	28.9232	107	1
1527867849.209884000	28.9244	92	0
1527867849.212191000	28.9267	156	0
1527867849.212669000	28.9272	101	1
1527867849.324809000	29.0393	394	1
1527867849.324863000	29.0394	260	1
1527867849.341911000	29.0564	87	0
1527867849.647641000	29.3621	307	0
1527867849.647770000	29.3623	148	0
1527867849.650741000	29.3652	104	1
1527867849.651897000	29.3664	92	0
1527867849.652023000	29.3665	167	0
1527867849.655721000	29.3702	101	1
1527867849.747151000	29.4617	390	1
1527867849.747244000	29.4617	258	1
1527867849.764602000	29.4791	87	0
1527867850.082896000	29.7974	258	0
1527867850.083009000	29.7975	148	0
1527867850.085766000	29.8003	104	1
1527867850.087278000	29.8018	92	0
1527867850.087554000	29.8021	96	0
1527867850.089747000	29.8043	101	1
1527867850.238881000	29.9534	991	1
1527867850.238944000	29.9534	260	1
1527867850.256353000	29.9709	87	0
1527867850.378963000	30.0935	255	0
1527867850.379089000	30.0936	148	0
1527867850.381882000	30.0964	104	1
1527867850.382829000	30.0973	92	0
1527867850.383024000	30.0975	178	0
1527867850.385779000	30.1003	101	1
1527867850.762748000	30.4773	401	1
1527867850.762825000	30.4773	260	1
1527867850.780325000	30.4948	87	0
1527867851.111362000	30.8259	256	0
1527867851.111546000	30.826	148	0
1527867851.114787000	30.8293	92	0
1527867851.114814000	30.8293	104	1
1527867851.115340000	30.8298	110	0
1527867851.117761000	30.8323	101	1
1527867851.198905000	30.9134	900	1
1527867851.198996000	30.9135	257	1
1527867851.216148000	30.9307	87	0
1527867851.513147000	31.2277	303	0
1527867851.513331000	31.2278	148	0
1527867851.515806000	31.2303	104	1
1527867851.518739000	31.2332	92	0
1527867851.518929000	31.2334	150	0
1527867851.521770000	31.2363	101	1
1527867851.691279000	31.4058	470	1
1527867851.691341000	31.4058	262	1
1527867851.709220000	31.4237	87	0
1527867851.881567000	31.5961	258	0
1527867851.881686000	31.5962	148	0
1527867851.884870000	31.5994	104	1
1527867851.885411000	31.5999	92	0
1527867851.885606000	31.6001	111	0
1527867851.887848000	31.6024	101	1
1527867851.989884000	31.7044	394	1
1527867851.989979000	31.7045	256	1
1527867852.003826000	31.7183	100	0
1527867852.006850000	31.7214	98	1
1527867852.007521000	31.722	87	0
1527867852.119304000	31.8338	232	0
1527867852.119436000	31.8339	148	0
1527867852.121874000	31.8364	104	1
1527867852.123682000	31.8382	92	0
1527867852.123836000	31.8383	92	0
1527867852.126866000	31.8414	101	1
1527867852.637233000	32.3517	392	1
1527867852.637319000	32.3518	259	1
1527867852.654381000	32.3689	87	0
1527867852.776551000	32.4911	235	0
1527867852.776742000	32.4912	148	0
1527867852.779851000	32.4944	104	1
1527867852.780620000	32.4951	92	0
1527867852.780904000	32.4954	105	0
1527867852.782867000	32.4974	101	1
1527867853.058304000	32.7728	391	1
1527867853.058401000	32.7729	258	1
1527867853.075012000	32.7895	87	0
1527867853.231339000	32.9458	255	0
1527867853.231520000	32.946	148	0
1527867853.233962000	32.9485	104	1
1527867853.235052000	32.9496	92	0
1527867853.235416000	32.9499	142	0
1527867853.237928000	32.9524	101	1
1527867853.287056000	33.0016	389	1
1527867853.287153000	33.0017	260	1
1527867853.304899000	33.0194	87	0
1527867853.618478000	33.333	232	0
1527867853.618646000	33.3331	148	0
1527867853.620971000	33.3355	104	1
1527867853.623101000	33.3376	92	0
1527867853.623252000	33.3378	91	0
1527867853.625948000	33.3405	101	1
1527867854.564884000	34.2794	389	1
1527867854.564957000	34.2795	256	1
1527867854.583030000	34.2975	87	0
1527867854.730579000	34.4451	258	0
1527867854.730843000	34.4453	148	0
1527867854.733339000	34.4478	104	1
1527867854.736680000	34.4512	92	0
1527867854.736964000	34.4515	216	0
1527867854.739347000	34.4539	101	1
1527867854.902849000	34.6174	391	1
1527867854.902940000	34.6174	260	1
1527867854.919380000	34.6339	87	0
1527867855.051714000	34.7662	259	0
1527867855.051899000	34.7664	148	0
1527867855.054403000	34.7689	104	1
1527867855.057168000	34.7717	92	0
1527867855.057378000	34.7719	339	0
1527867855.059357000	34.7739	101	1
1527867855.142786000	34.8573	395	1
1527867855.142877000	34.8574	261	1
1527867855.171424000	34.8859	395	1
1527867855.172044000	34.8865	87	0
1527867855.188421000	34.9029	87	0
1527867855.290383000	35.0049	256	0
1527867855.290532000	35.005	148	0
1527867855.293442000	35.0079	107	1
1527867855.295477000	35.01	92	0
1527867855.295658000	35.0102	264	0
1527867855.298483000	35.013	101	1
1527867855.644071000	35.3586	393	1
1527867855.644147000	35.3586	260	1
1527867855.660379000	35.3749	87	0
1527867855.993392000	35.7079	358	0
1527867855.993561000	35.7081	148	0
1527867855.996433000	35.7109	104	1
1527867855.997853000	35.7124	92	0
1527867855.998013000	35.7125	321	0
1527867856.000496000	35.715	101	1
1527867856.176901000	35.8914	991	1
1527867856.176995000	35.8915	260	1
1527867856.197068000	35.9116	87	0
1527867856.324220000	36.0387	309	0
1527867856.324414000	36.0389	148	0
1527867856.327438000	36.0419	104	1
1527867856.328604000	36.0431	92	0
1527867856.328792000	36.0433	155	0
1527867856.331484000	36.046	101	1
1527867856.575694000	36.2902	402	1
1527867856.575785000	36.2903	259	1
1527867856.594637000	36.3091	87	0
1527867856.713834000	36.4283	233	0
1527867856.713958000	36.4285	148	0
1527867856.716502000	36.431	104	1
1527867856.718358000	36.4329	92	0
1527867856.718565000	36.4331	137	0
1527867856.721453000	36.436	101	1
1527867856.889689000	36.6042	900	1
1527867856.889834000	36.6043	265	1
1527867856.907183000	36.6217	87	0
1527867857.040538000	36.755	258	0
1527867857.040717000	36.7552	148	0
1527867857.043512000	36.758	104	1
1527867857.045225000	36.7597	92	0
1527867857.045365000	36.7599	112	0
1527867857.047497000	36.762	101	1
1527867857.398926000	37.1134	470	1
1527867857.399018000	37.1135	258	1
1527867857.415610000	37.1301	87	0
1527867857.627883000	37.3424	256	0
1527867857.629769000	37.3443	148	0
1527867857.630584000	37.3451	104	1
1527867857.631989000	37.3465	92	0
1527867857.632712000	37.3472	262	0
1527867857.634572000	37.3491	101	1
1527867857.725748000	37.4403	389	1
1527867857.725834000	37.4403	258	1
1527867857.741741000	37.4562	87	0
1527867857.870021000	37.5845	328	0
1527867857.870166000	37.5847	148	0
1527867857.872602000	37.5871	104	1
1527867857.873863000	37.5884	92	0
1527867857.874021000	37.5885	279	0
1527867857.876602000	37.5911	101	1
1527867857.942535000	37.657	393	1
1527867857.942607000	37.6571	259	1
1527867857.960482000	37.675	87	0
1527867858.064450000	37.779	235	0
1527867858.064619000	37.7791	148	0
1527867858.067546000	37.782	104	1
1527867858.068177000	37.7827	92	0
1527867858.069209000	37.7837	259	0
1527867858.070526000	37.785	101	1
1527867858.173991000	37.8885	390	1
1527867858.174068000	37.8886	260	1
1527867858.190035000	37.9045	87	0
1527867858.311161000	38.0257	235	0
1527867858.311280000	38.0258	148	0
1527867858.314628000	38.0291	104	1
1527867858.316746000	38.0312	92	0
1527867858.317168000	38.0317	316	0
1527867858.319522000	38.034	101	1
1527867858.491945000	38.2064	390	1
1527867858.492004000	38.2065	260	1
1527867858.509378000	38.2239	87	0
1527867858.622233000	38.3367	233	0
1527867858.622346000	38.3368	148	0
1527867858.625641000	38.3401	104	1
1527867858.627331000	38.3418	92	0
1527867858.627490000	38.342	145	0
1527867858.630635000	38.3451	101	1
1527867858.779065000	38.4936	393	1
1527867858.779151000	38.4937	256	1
1527867858.798894000	38.5134	87	0
1527867858.924574000	38.6391	258	0
1527867858.924714000	38.6392	148	0
1527867858.927655000	38.6422	104	1
1527867858.929067000	38.6436	92	0
1527867858.929225000	38.6437	204	0
1527867858.931711000	38.6462	101	1
1527867860.044578000	39.7591	391	1
1527867860.044639000	39.7591	260	1
1527867860.061485000	39.776	87	0
1527867860.191292000	39.9058	258	0
1527867860.191398000	39.9059	148	0
1527867860.193918000	39.9084	104	1
1527867860.195442000	39.9099	92	0
1527867860.195653000	39.9102	196	0
1527867860.197929000	39.9124	101	1
1527867860.256907000	39.9714	391	1
1527867860.257001000	39.9715	256	1
1527867860.273811000	39.9883	87	0
1527867860.412617000	40.1271	235	0
1527867860.412757000	40.1273	148	0
1527867860.415273000	40.1298	92	0
1527867860.415471000	40.13	102	0
1527867860.415915000	40.1304	110	1
1527867860.639883000	40.3544	394	1
1527867860.639960000	40.3545	261	1
1527867860.656106000	40.3706	87	0
1527867860.782694000	40.4972	233	0
1527867860.782883000	40.4974	148	0
1527867860.785907000	40.5004	104	1
1527867860.787201000	40.5017	92	0
1527867860.787612000	40.5021	314	0
1527867860.789897000	40.5044	101	1
1527867861.050970000	40.7655	990	1
1527867861.051035000	40.7655	265	1
1527867861.068582000	40.7831	87	0
1527867861.177215000	40.8917	258	0
1527867861.177355000	40.8919	148	0
1527867861.179976000	40.8945	104	1
1527867861.182637000	40.8971	92	0
1527867861.182762000	40.8973	133	0
1527867861.185969000	40.9005	101	1
1527867861.701457000	41.416	402	1
1527867861.701548000	41.4161	256	1
1527867861.728234000	41.4427	87	0
1527867861.848962000	41.5635	281	0
1527867861.849068000	41.5636	148	0
1527867861.852013000	41.5665	104	1
1527867861.854287000	41.5688	92	0
1527867861.854447000	41.5689	315	0
1527867861.857001000	41.5715	101	1
1527867861.925110000	41.6396	897	1
1527867861.925172000	41.6397	256	1
1527867861.943105000	41.6576	87	0
1527867862.061384000	41.7759	332	0
1527867862.061543000	41.776	148	0
1527867862.063464000	41.778	92	0
1527867862.063642000	41.7781	193	0
1527867862.064037000	41.7785	110	1
1527867862.969605000	42.6841	469	1
1527867862.969667000	42.6842	260	1
1527867862.986880000	42.7014	87	0
1527867863.098770000	42.8133	333	0
1527867863.098898000	42.8134	148	0
1527867863.101280000	42.8158	104	1
1527867863.104926000	42.8194	92	0
1527867863.105084000	42.8196	221	0
1527867863.107266000	42.8218	101	1
1527867863.406448000	43.121	394	1
1527867863.406515000	43.121	257	1
1527867863.422376000	43.1369	87	0
1527867863.553399000	43.2679	233	0
1527867863.553543000	43.268	148	0
1527867863.556320000	43.2708	104	1
1527867863.559263000	43.2738	92	0
1527867863.560265000	43.2748	323	0
1527867863.562293000	43.2768	101	1
1527867863.637385000	43.3519	390	1
1527867863.637460000	43.352	257	1
1527867863.653666000	43.3682	87	0
1527867864.008231000	43.7227	256	0
1527867864.008351000	43.7229	148	0
1527867864.011338000	43.7258	104	1
1527867864.012855000	43.7274	92	0
1527867864.013015000	43.7275	284	0
1527867864.015344000	43.7298	101	1
1527867864.047447000	43.762	389	1
1527867864.047533000	43.762	261	1
1527867864.064991000	43.7795	87	0
1527867864.181798000	43.8963	256	0
1527867864.181982000	43.8965	148	0
1527867864.184269000	43.8988	104	1
1527867864.184934000	43.8994	92	0
1527867864.185369000	43.8999	197	0
1527867864.187259000	43.9018	101	1
1527867864.287499000	44.002	393	1
1527867864.287593000	44.0021	259	1
1527867864.304127000	44.0186	87	0
1527867864.425508000	44.14	306	0
1527867864.425667000	44.1402	148	0
1527867864.428376000	44.1429	104	1
1527867864.430245000	44.1447	92	0
1527867864.430386000	44.1449	287	0
1527867864.433353000	44.1479	101	1
1527867864.779852000	44.4944	391	1
1527867864.779913000	44.4944	259	1
1527867864.797054000	44.5116	87	0
1527867864.924640000	44.6391	256	0
1527867864.924829000	44.6393	148	0
1527867864.927331000	44.6418	104	1
1527867864.928968000	44.6435	92	0
1527867864.929735000	44.6442	321	0
1527867864.931317000	44.6458	101	1
1527867865.055472000	44.77	390	1
1527867865.055539000	44.77	257	1
1527867865.072230000	44.7867	87	0
1527867865.208507000	44.923	233	0
1527867865.208662000	44.9232	148	0
1527867865.211401000	44.9259	104	1
1527867865.213148000	44.9277	92	0
1527867865.213308000	44.9278	244	0
1527867865.216415000	44.9309	101	1
1527867865.376610000	45.0911	389	1
1527867865.376705000	45.0912	260	1
1527867865.393576000	45.1081	87	0
1527867865.514955000	45.2295	235	0
1527867865.515070000	45.2296	148	0
1527867865.518423000	45.2329	104	1
1527867865.521285000	45.2358	92	0
1527867865.521413000	45.2359	237	0
1527867865.524404000	45.2389	101	1
1527867865.802669000	45.5172	390	1
1527867865.802759000	45.5173	257	1
1527867865.820054000	45.5346	87	0
1527867865.945593000	45.6601	256	0
1527867865.945701000	45.6602	148	0
1527867865.948428000	45.6629	104	1
1527867865.949369000	45.6639	92	0
1527867865.949513000	45.664	170	0
1527867865.952406000	45.6669	101	1
1527867866.263326000	45.9778	995	1
1527867866.263415000	45.9779	261	1
1527867866.280670000	45.9952	87	0
1527867866.403144000	46.1176	237	0
1527867866.403263000	46.1178	148	0
1527867866.406429000	46.1209	104	1
1527867866.407754000	46.1223	92	0
1527867866.407912000	46.1224	268	0
1527867866.410411000	46.1249	101	1
1527867866.524764000	46.2393	407	1
1527867866.524825000	46.2393	258	1
1527867866.543377000	46.2579	87	0
1527867866.666354000	46.3809	236	0
1527867866.666539000	46.381	148	0
1527867866.669431000	46.3839	104	1
1527867866.670790000	46.3853	92	0
1527867866.671461000	46.386	234	0
1527867866.673504000	46.388	101	1
1527867866.865926000	46.5804	898	1
1527867866.866020000	46.5805	260	1
1527867866.884244000	46.5987	87	0
1527867867.005234000	46.7197	258	0
1527867867.005351000	46.7199	148	0
1527867867.008235000	46.7227	92	0
1527867867.008493000	46.723	107	1
1527867867.008718000	46.7232	281	0
1527867867.011437000	46.7259	98	1
1527867867.277909000	46.9924	472	1
1527867867.277968000	46.9925	262	1
1527867867.294486000	47.009	87	0
1527867867.564607000	47.2791	236	0
1527867867.564798000	47.2793	148	0
1527867867.567505000	47.282	104	1
1527867867.570602000	47.2851	92	0
1527867867.571013000	47.2855	113	0
1527867867.573471000	47.288	101	1
1527867867.717801000	47.4323	394	1
1527867867.717899000	47.4324	257	1
1527867867.746502000	47.461	87	0
1527867867.746568000	47.4611	394	1
1527867867.764733000	47.4792	87	0
1527867867.854638000	47.5691	283	0
1527867867.856875000	47.5714	148	0
1527867867.857514000	47.572	107	1
1527867867.858259000	47.5728	92	0
1527867867.858401000	47.5729	262	0
1527867867.860503000	47.575	101	1
1527867868.201937000	47.9164	393	1
1527867868.201997000	47.9165	261	1
1527867868.220203000	47.9347	87	0
1527867868.345539000	48.06	333	0
1527867868.345738000	48.0602	148	0
1527867868.348110000	48.0626	92	0
1527867868.348304000	48.0628	244	0
1527867868.348488000	48.063	110	1
1527867868.629980000	48.3445	389	1
1527867868.630053000	48.3446	258	1
1527867868.646887000	48.3614	87	0
1527867868.979542000	48.694	330	0
1527867868.982077000	48.6966	148	0
1527867868.982219000	48.6967	92	0
1527867868.982414000	48.6969	125	0
1527867868.982575000	48.6971	110	1
1527867869.278989000	48.9935	390	1
1527867869.279080000	48.9936	257	1
1527867869.295466000	49.01	87	0
1527867869.425942000	49.1404	233	0
1527867869.426068000	49.1406	148	0
1527867869.428646000	49.1431	104	1
1527867869.431053000	49.1456	92	0
1527867869.431402000	49.1459	272	0
1527867869.433651000	49.1482	101	1
1527867869.590016000	49.3045	393	1
1527867869.590108000	49.3046	260	1
1527867869.609324000	49.3238	87	0
1527867869.720897000	49.4354	233	0
1527867869.721038000	49.4355	148	0
1527867869.723663000	49.4382	104	1
1527867869.725044000	49.4395	92	0
1527867869.727638000	49.4421	98	1
1527867869.728164000	49.4427	313	0
1527867869.730573000	49.4451	98	1
1527867870.148966000	49.8635	393	1
1527867870.149059000	49.8636	256	1
1527867870.166985000	49.8815	87	0
1527867870.476379000	50.1909	281	0
1527867870.476582000	50.1911	148	0
1527867870.479702000	50.1942	104	1
1527867870.480075000	50.1946	92	0
1527867870.480498000	50.195	183	0
1527867870.482698000	50.1972	101	1
1527867870.682298000	50.3968	390	1
1527867870.682359000	50.3969	260	1
1527867870.699098000	50.4136	87	0
1527867871.033878000	50.7484	325	0
1527867871.033990000	50.7485	148	0
1527867871.036743000	50.7512	104	1
1527867871.038102000	50.7526	92	0
1527867871.038407000	50.7529	247	0
1527867871.040741000	50.7552	101	1
1527867871.179158000	50.8937	388	1
1527867871.179228000	50.8937	262	1
1527867871.197936000	50.9124	87	0
1527867871.311052000	51.0256	235	0
1527867871.311170000	51.0257	148	0
1527867871.313756000	51.0283	104	1
1527867871.315001000	51.0295	92	0
1527867871.315219000	51.0297	198	0
1527867871.317745000	51.0322	101	1
1527867871.572205000	51.2867	994	1
1527867871.572298000	51.2868	259	1
1527867871.588456000	51.303	87	0
1527867871.725262000	51.4398	235	0
1527867871.725389000	51.4399	148	0
1527867871.727790000	51.4423	104	1
1527867871.727861000	51.4424	92	0
1527867871.728689000	51.4432	260	0
1527867871.730783000	51.4453	101	1
1527867872.012895000	51.7274	402	1
1527867872.012990000	51.7275	256	1
1527867872.029587000	51.7441	87	0
1527867872.163386000	51.8779	256	0
1527867872.163497000	51.878	148	0
1527867872.166807000	51.8813	104	1
1527867872.172198000	51.8867	92	0
1527867872.174091000	51.8886	321	0
1527867872.174707000	51.8892	101	1
1527867872.898424000	52.6129	896	1
1527867872.898511000	52.613	260	1
1527867872.915431000	52.6299	87	0
1527867873.066822000	52.7813	259	0
1527867873.067007000	52.7815	148	0
1527867873.069856000	52.7844	104	1
1527867873.071989000	52.7865	92	0
1527867873.072196000	52.7867	140	0
1527867873.074836000	52.7893	101	1
1527867873.166984000	52.8815	468	1
1527867873.167051000	52.8816	259	1
1527867873.184721000	52.8992	87	0
1527867873.295879000	53.0104	233	0
1527867873.296062000	53.0106	148	0
1527867873.297834000	53.0123	92	0
1527867873.298040000	53.0125	237	0
1527867873.298784000	53.0133	110	1
1527867873.848384000	53.5629	392	1
1527867873.848460000	53.563	257	1
1527867873.864757000	53.5793	87	0
1527867873.993201000	53.7077	258	0
1527867873.993339000	53.7078	148	0
1527867873.995898000	53.7104	104	1
1527867873.996472000	53.711	92	0
1527867873.997170000	53.7117	239	0
1527867873.998825000	53.7133	101	1
1527867874.627288000	54.3418	391	1
1527867874.627380000	54.3419	257	1
1527867874.644008000	54.3585	87	0
1527867874.943941000	54.6584	255	0
1527867874.944142000	54.6586	148	0
1527867874.946962000	54.6615	104	1
1527867874.947914000	54.6624	92	0
1527867874.948123000	54.6626	333	0
1527867874.950954000	54.6655	101	1
1527867875.118949000	54.8335	389	1
1527867875.119012000	54.8335	256	1
1527867875.135255000	54.8498	87	0
1527867875.264650000	54.9792	258	0
1527867875.264775000	54.9793	148	0
1527867875.267981000	54.9825	104	1
1527867875.270379000	54.9849	92	0
1527867875.270568000	54.9851	239	0
1527867875.272982000	54.9875	101	1
1527867875.567266000	55.2818	391	1
1527867875.567361000	55.2819	257	1
1527867875.583383000	55.2979	87	0
1527867875.691972000	55.4065	335	0
1527867875.692134000	55.4066	148	0
1527867875.695018000	55.4095	104	1
1527867875.696778000	55.4113	92	0
1527867875.697195000	55.4117	148	0
1527867875.699996000	55.4145	101	1
1527867875.840232000	55.5547	394	1
1527867875.840308000	55.5548	261	1
1527867875.857814000	55.5723	87	0
1527867875.999506000	55.714	329	0
1527867875.999690000	55.7142	148	0
1527867876.001941000	55.7164	104	1
1527867876.004157000	55.7187	92	0
1527867876.004770000	55.7193	250	0
1527867876.006944000	55.7214	101	1
1527867876.299545000	56.014	393	1
1527867876.299629000	56.0141	265	1
1527867876.316696000	56.0312	87	0
1527867876.448327000	56.1628	235	0
1527867876.448515000	56.163	148	0
1527867876.450983000	56.1655	104	1
1527867876.453271000	56.1678	92	0
1527867876.453462000	56.168	279	0
1527867876.455997000	56.1705	101	1
1527867876.619294000	56.3338	393	1
1527867876.619359000	56.3339	258	1
1527867876.636655000	56.3512	87	0
1527867876.962860000	56.6774	256	0
1527867876.962984000	56.6775	148	0
1527867876.964944000	56.6794	92	0
1527867876.965155000	56.6797	302	0
1527867876.966021000	56.6805	110	1
1527867877.050503000	56.765	394	1
1527867877.050578000	56.7651	260	1
1527867877.068495000	56.783	87	0
1527867877.203341000	56.9178	259	0
1527867877.203488000	56.918	148	0
1527867877.206083000	56.9206	104	1
1527867877.206347000	56.9209	92	0
1527867877.206798000	56.9213	113	0
1527867877.209072000	56.9236	101	1
1527867877.800821000	57.5153	993	1
1527867877.800886000	57.5154	257	1
1527867877.817385000	57.5319	87	0
1527867877.952326000	57.6668	326	0
1527867877.952466000	57.667	148	0
1527867877.955127000	57.6696	104	1
1527867877.957270000	57.6718	92	0
1527867877.957509000	57.672	242	0
1527867877.960136000	57.6746	101	1
1527867878.310284000	58.0248	401	1
1527867878.310350000	58.0249	257	1
1527867878.327643000	58.0421	87	0
1527867878.459172000	58.1737	235	0
1527867878.459368000	58.1739	148	0
1527867878.462156000	58.1767	104	1
1527867878.463894000	58.1784	92	0
1527867878.464085000	58.1786	131	0
1527867878.466151000	58.1807	101	1
1527867879.121963000	58.8365	901	1
1527867879.122027000	58.8365	256	1
1527867879.139091000	58.8536	87	0
1527867879.265191000	58.9797	256	0
1527867879.265388000	58.9799	148	0
1527867879.268209000	58.9827	104	1
1527867879.268787000	58.9833	92	0
1527867879.268940000	58.9834	257	0
1527867879.271211000	58.9857	101	1
1527867880.201222000	59.9157	470	1
1527867880.201300000	59.9158	259	1
1527867880.218336000	59.9328	87	0
1527867880.362373000	60.0769	255	0
1527867880.362480000	60.077	148	0
1527867880.365680000	60.0802	104	1
1527867880.373085000	60.0876	92	0
1527867880.373277000	60.0878	209	0
1527867880.375660000	60.0902	101	1
1527867880.407712000	60.1222	391	1
1527867880.407792000	60.1223	257	1
1527867880.422021000	60.1365	100	0
1527867880.424680000	60.1392	98	1
1527867880.592364000	60.3069	235	0
1527867880.592533000	60.307	148	0
1527867880.595696000	60.3102	101	1
1527867880.597162000	60.3117	92	0
1527867880.597525000	60.312	193	0
1527867880.599685000	60.3142	101	1
1527867880.656856000	60.3714	390	1
1527867880.656923000	60.3714	257	1
1527867880.674578000	60.3891	87	0
1527867880.801882000	60.5164	235	0
1527867880.802015000	60.5165	148	0
1527867880.804693000	60.5192	104	1
1527867880.806280000	60.5208	92	0
1527867880.806644000	60.5211	293	0
1527867880.808683000	60.5232	101	1
1527867880.877905000	60.5924	391	1
1527867880.877993000	60.5925	257	1
1527867880.895550000	60.6101	87	0
1527867881.016166000	60.7307	255	0
1527867881.016308000	60.7308	148	0
1527867881.018699000	60.7332	104	1
1527867881.021391000	60.7359	92	0
1527867881.021600000	60.7361	207	0
1527867881.023691000	60.7382	101	1
1527867881.347068000	61.0616	389	1
1527867881.347157000	61.0617	259	1
1527867881.363490000	61.078	87	0
1527867881.506335000	61.2208	235	0
1527867881.506474000	61.221	148	0
1527867881.509729000	61.2242	104	1
1527867881.510683000	61.2252	92	0
1527867881.510857000	61.2254	185	0
1527867881.513745000	61.2282	101	1
1527867882.068316000	61.7828	390	1
1527867882.068407000	61.7829	259	1
1527867882.084968000	61.7995	87	0
1527867882.259955000	61.9745	258	0
1527867882.260680000	61.9752	148	0
1527867882.262682000	61.9772	104	1
1527867882.268610000	61.9831	92	0
1527867882.269010000	61.9835	190	0
1527867882.271699000	61.9862	101	1
1527867882.297167000	62.0117	391	1
1527867882.297258000	62.0118	260	1
1527867882.313733000	62.0282	87	0
1527867882.438130000	62.1526	258	0
1527867882.438315000	62.1528	148	0
1527867882.440709000	62.1552	104	1
1527867882.442126000	62.1566	92	0
1527867882.442337000	62.1568	275	0
1527867882.444733000	62.1592	101	1
1527867882.532131000	62.2466	394	1
1527867882.532220000	62.2467	261	1
1527867882.550746000	62.2652	87	0
1527867882.879775000	62.5943	356	0
1527867882.879896000	62.5944	148	0
1527867882.882822000	62.5973	104	1
1527867882.883634000	62.5981	92	0
1527867882.883793000	62.5983	305	0
1527867882.886859000	62.6014	101	1
1527867883.082111000	62.7966	394	1
1527867883.082171000	62.7967	262	1
1527867883.099632000	62.8141	87	0
1527867883.103174000	62.8177	87	0
1527867883.242054000	62.9566	309	0
1527867883.242243000	62.9567	148	0
1527867883.244741000	62.9592	107	1
1527867883.248913000	62.9634	92	0
1527867883.249120000	62.9636	229	0
1527867883.251728000	62.9662	101	1
1527867883.526281000	63.2408	996	1
1527867883.526372000	63.2409	264	1
1527867883.545698000	63.2602	87	0
1527867883.679825000	63.3943	235	0
1527867883.679939000	63.3944	148	0
1527867883.682868000	63.3974	104	1
1527867883.683957000	63.3985	92	0
1527867883.684101000	63.3986	306	0
1527867883.686840000	63.4013	101	1
1527867883.714157000	63.4287	92	0
1527867883.716839000	63.4313	98	1
1527867883.790337000	63.5048	402	1
1527867883.790426000	63.5049	264	1
1527867883.808643000	63.5231	87	0
1527867883.917486000	63.632	256	0
1527867883.917707000	63.6322	148	0
1527867883.920865000	63.6354	104	1
1527867883.920951000	63.6355	92	0
1527867883.921408000	63.6359	197	0
1527867883.923854000	63.6384	101	1
1527867884.229042000	63.9435	899	1
1527867884.229134000	63.9436	258	1
1527867884.246687000	63.9612	87	0
1527867884.373414000	64.0879	258	0
1527867884.373590000	64.0881	148	0
1527867884.375893000	64.0904	104	1
1527867884.378240000	64.0927	92	0
1527867884.378397000	64.0929	263	0
1527867884.380925000	64.0954	101	1
1527867884.498482000	64.213	471	1
1527867884.498573000	64.2131	259	1
1527867884.514767000	64.2293	87	0
1527867884.645451000	64.36	303	0
1527867884.645622000	64.3601	148	0
1527867884.648708000	64.3632	92	0
1527867884.648965000	64.3635	107	1
1527867884.649584000	64.3641	338	0
1527867884.651893000	64.3664	98	1
1527867884.829384000	64.5439	390	1
1527867884.829476000	64.544	264	1
1527867884.846026000	64.5605	87	0
1527867884.965919000	64.6804	258	0
1527867884.966108000	64.6806	148	0
1527867884.968928000	64.6834	104	1
1527867884.970647000	64.6852	92	0
1527867884.970816000	64.6853	96	0
1527867884.972960000	64.6875	101	1
1527867885.269213000	64.9837	395	1
1527867885.269273000	64.9838	260	1
1527867885.287049000	65.0016	87	0
1527867885.413422000	65.1279	236	0
1527867885.413625000	65.1281	148	0
1527867885.415953000	65.1305	104	1
1527867885.417389000	65.1319	92	0
1527867885.417585000	65.1321	202	0
1527867885.419956000	65.1345	101	1
1527867885.542984000	65.2575	391	1
1527867885.543078000	65.2576	258	1
1527867885.561702000	65.2762	87	0
1527867885.712955000	65.4275	236	0
1527867885.713153000	65.4277	148	0
1527867885.715980000	65.4305	104	1
1527867885.718317000	65.4328	92	0
1527867885.719848000	65.4344	327	0
1527867885.720883000	65.4354	101	1
1527867886.039392000	65.7539	394	1
1527867886.039468000	65.754	267	1
1527867886.057510000	65.772	87	0
1527867886.191977000	65.9065	256	0
1527867886.192176000	65.9067	148	0
1527867886.194910000	65.9094	92	0
1527867886.194992000	65.9095	104	1
1527867886.195044000	65.9095	189	0
1527867886.197926000	65.9124	101	1
1527867886.405164000	66.1197	389	1
1527867886.405220000	66.1197	262	1
1527867886.421749000	66.1363	87	0
1527867886.885401000	66.5999	258	0
1527867886.885524000	66.6	148	0
1527867886.888036000	66.6025	104	1
1527867886.890304000	66.6048	92	0
1527867886.890516000	66.605	99	0
1527867886.893025000	66.6075	101	1
1527867887.094608000	66.8091	394	1
1527867887.094667000	66.8092	271	1
1527867887.111244000	66.8257	87	0
1527867887.219939000	66.9344	235	0
1527867887.220047000	66.9346	148	0
1527867887.223055000	66.9376	104	1
1527867887.224783000	66.9393	92	0
1527867887.224941000	66.9394	316	0
1527867887.227046000	66.9415	101	1
1527867887.355499000	67.07	372	1
1527867887.355589000	67.0701	1412	1
1527867887.355613000	67.0701	1412	1
1527867887.355641000	67.0701	1412	1
1527867887.355674000	67.0702	1063	1
1527867887.374051000	67.0886	87	0
1527867887.385083000	67.0996	1412	1
1527867887.386229000	67.1007	87	0
1527867887.403858000	67.1184	87	0
1527867887.446562000	67.1611	948	1
1527867887.446649000	67.1612	264	1
1527867887.467379000	67.1819	87	0
1527867887.488281000	67.2028	392	0
1527867887.491002000	67.2055	101	1
1527867887.496806000	67.2113	80	0
1527867887.500075000	67.2146	98	1
1527867887.606292000	67.3208	266	0
1527867887.606482000	67.321	148	0
1527867887.609100000	67.3236	101	1
1527867887.611558000	67.3261	92	0
1527867887.611876000	67.3264	252	0
1527867887.614070000	67.3286	101	1
1527867887.865724000	67.5802	392	1
1527867887.865798000	67.5803	268	1
1527867887.882050000	67.5966	87	0
1527867888.217632000	67.9321	356	0
1527867888.217746000	67.9322	148	0
1527867888.220132000	67.9346	104	1
1527867888.224357000	67.9389	92	0
1527867888.224515000	67.939	273	0
1527867888.227105000	67.9416	101	1
1527867888.409372000	68.1239	405	1
1527867888.409461000	68.124	261	1
1527867888.427212000	68.1417	87	0
1527867888.587193000	68.3017	309	0
1527867888.587374000	68.3019	148	0
1527867888.590185000	68.3047	104	1
1527867888.591722000	68.3062	92	0
1527867888.591872000	68.3064	164	0
1527867888.594063000	68.3086	101	1
1527867888.746347000	68.4609	897	1
1527867888.746417000	68.4609	259	1
1527867888.764335000	68.4788	87	0
1527867888.884131000	68.5986	258	0
1527867888.884321000	68.5988	148	0
1527867888.887160000	68.6017	104	1
1527867888.888446000	68.6029	92	0
1527867888.888642000	68.6031	277	0
1527867888.891146000	68.6056	101	1
1527867889.297687000	69.0122	467	1
1527867889.297745000	69.0122	260	1
1527867889.315044000	69.0295	87	0
1527867889.438838000	69.1533	235	0
1527867889.438962000	69.1535	148	0
1527867889.442180000	69.1567	104	1
1527867889.444618000	69.1591	92	0
1527867889.445910000	69.1604	113	0
1527867889.447113000	69.1616	101	1
1527867889.692470000	69.407	393	1
1527867889.692529000	69.407	258	1
1527867889.709387000	69.4239	87	0
1527867889.839695000	69.5542	352	0
1527867889.839872000	69.5544	148	0
1527867889.842138000	69.5566	104	1
1527867889.842803000	69.5573	92	0
1527867889.842989000	69.5575	170	0
1527867889.845125000	69.5596	101	1
1527867889.946684000	69.6612	395	1
1527867889.946760000	69.6613	263	1
1527867889.964100000	69.6786	87	0
1527867889.972895000	69.6874	87	0
1527867890.102100000	69.8166	235	0
1527867890.102274000	69.8168	148	0
1527867890.105163000	69.8197	107	1
1527867890.108384000	69.8229	92	0
1527867890.108858000	69.8234	206	0
1527867890.111121000	69.8256	101	1
1527867890.358157000	70.0727	372	1
1527867890.358256000	70.0728	1412	1
1527867890.358281000	70.0728	1412	1
1527867890.358322000	70.0728	1412	1
1527867890.358355000	70.0729	1412	1
1527867890.358390000	70.0729	1412	1
1527867890.358430000	70.0729	1412	1
1527867890.358465000	70.073	1412	1
1527867890.358498000	70.073	1412	1
1527867890.358533000	70.073	1412	1
1527867890.358565000	70.0731	1412	1
1527867890.358599000	70.0731	1412	1
1527867890.358639000	70.0731	1412	1
1527867890.358672000	70.0732	1412	1
1527867890.360164000	70.0747	144	1
1527867890.386246000	70.1007	87	0
1527867890.389368000	70.1039	323	1
1527867890.389416000	70.1039	261	1
1527867890.389627000	70.1041	87	0
1527867890.406920000	70.1214	87	0
1527867890.526015000	70.2405	236	0
1527867890.526132000	70.2406	148	0
1527867890.529266000	70.2438	110	1
1527867890.529928000	70.2444	92	0
1527867890.530846000	70.2453	334	0
1527867890.532235000	70.2467	101	1
1527867890.539553000	70.2541	373	0
1527867890.542229000	70.2567	98	1
1527867890.549154000	70.2637	80	0
1527867890.552163000	70.2667	98	1
1527867890.640642000	70.3551	393	1
1527867890.640733000	70.3552	262	1
1527867890.658214000	70.3727	87	0
1527867890.797746000	70.5122	236	0
1527867890.798280000	70.5128	148	0
1527867890.800277000	70.5148	104	1
1527867890.804650000	70.5192	92	0
1527867890.804806000	70.5193	158	0
1527867890.807251000	70.5218	101	1
1527867891.030662000	70.7452	394	1
1527867891.030747000	70.7452	259	1
1527867891.049196000	70.7637	87	0
1527867891.172717000	70.8872	255	0
1527867891.172912000	70.8874	148	0
1527867891.175201000	70.8897	104	1
1527867891.177202000	70.8917	92	0
1527867891.178752000	70.8933	286	0
1527867891.180200000	70.8947	101	1
1527867891.384143000	71.0986	389	1
1527867891.384218000	71.0987	259	1
1527867891.401141000	71.1156	87	0
1527867891.542607000	71.2571	235	0
1527867891.542722000	71.2572	148	0
1527867891.545308000	71.2598	104	1
1527867891.547198000	71.2617	92	0
1527867891.547361000	71.2619	309	0
1527867891.550293000	71.2648	101	1
1527867891.792562000	71.5071	390	1
1527867891.792630000	71.5071	262	1
1527867891.809622000	71.5241	87	0
1527867891.926028000	71.6405	256	0
1527867891.926145000	71.6406	148	0
1527867891.929342000	71.6438	104	1
1527867891.929930000	71.6444	92	0
1527867891.930076000	71.6446	151	0
1527867891.932255000	71.6468	101	1
1527867892.220604000	71.9351	994	1
1527867892.220694000	71.9352	260	1
1527867892.238382000	71.9529	87	0
1527867892.362505000	72.077	236	0
1527867892.362667000	72.0772	148	0
1527867892.365356000	72.0799	104	1
1527867892.366634000	72.0811	92	0
1527867892.366791000	72.0813	240	0
1527867892.369338000	72.0838	101	1
1527867892.473302000	72.1878	403	1
1527867892.473378000	72.1879	262	1
1527867892.491560000	72.2061	87	0
1527867892.622313000	72.3368	256	0
1527867892.622461000	72.337	148	0
1527867892.625367000	72.3399	104	1
1527867892.626604000	72.3411	92	0
1527867892.626753000	72.3413	277	0
1527867892.629369000	72.3439	101	1
1527867892.912065000	72.6266	390	1
1527867892.912149000	72.6267	259	1
1527867892.944382000	72.6589	390	1
1527867892.944847000	72.6594	87	0
1527867892.972660000	72.6872	87	0
1527867893.081063000	72.7956	358	0
1527867893.081197000	72.7957	148	0
1527867893.084395000	72.7989	107	1
1527867893.088879000	72.8034	92	0
1527867893.089169000	72.8037	254	0
1527867893.091364000	72.8059	101	1
1527867893.138806000	72.8533	901	1
1527867893.138896000	72.8534	261	1
1527867893.157467000	72.872	87	0
1527867893.296182000	73.0107	307	0
1527867893.297715000	73.0122	148	0
1527867893.298040000	73.0125	92	0
1527867893.298233000	73.0127	200	0
1527867893.299335000	73.0138	110	1
1527867893.367890000	73.0824	467	1
1527867893.367978000	73.0825	260	1
1527867893.383972000	73.0985	87	0
1527867893.694230000	73.4087	233	0
1527867893.694356000	73.4089	148	0
1527867893.697430000	73.4119	104	1
1527867893.697619000	73.4121	92	0
1527867893.697779000	73.4123	330	0
1527867893.700431000	73.4149	101	1
1527867893.874784000	73.5893	393	1
1527867893.874843000	73.5893	264	1
1527867893.891850000	73.6064	87	0
1527867894.032704000	73.7472	258	0
1527867894.032839000	73.7473	148	0
1527867894.035427000	73.7499	104	1
1527867894.036334000	73.7508	92	0
1527867894.036475000	73.751	262	0
1527867894.039430000	73.7539	101	1
1527867894.657852000	74.3724	394	1
1527867894.657911000	74.3724	258	1
1527867894.685033000	74.3995	87	0
1527867894.806860000	74.5214	326	0
1527867894.806965000	74.5215	148	0
1527867894.809437000	74.5239	104	1
1527867894.812531000	74.527	92	0
1527867894.812675000	74.5272	157	0
1527867894.815431000	74.5299	101	1
1527867894.947898000	74.6624	390	1
1527867894.947989000	74.6625	264	1
1527867894.964899000	74.6794	87	0
1527867895.095108000	74.8096	258	0
1527867895.095299000	74.8098	148	0
1527867895.098459000	74.813	104	1
1527867895.100678000	74.8152	92	0
1527867895.100897000	74.8154	257	0
1527867895.103415000	74.8179	101	1
1527867895.457638000	75.1721	390	1
1527867895.457732000	75.1722	259	1
1527867895.474405000	75.1889	87	0
1527867895.610326000	75.3248	233	0
1527867895.610519000	75.325	148	0
1527867895.613497000	75.328	104	1
1527867895.614513000	75.329	92	0
1527867895.614721000	75.3292	191	0
1527867895.617476000	75.332	101	1
1527867895.715588000	75.4301	393	1
1527867895.715673000	75.4302	259	1
1527867895.732033000	75.4465	87	0
1527867895.847480000	75.562	258	0
1527867895.847662000	75.5622	148	0
1527867895.850531000	75.565	104	1
1527867895.856352000	75.5709	92	0
1527867895.856498000	75.571	246	0
1527867895.859501000	75.574	101	1
1527867895.924946000	75.6394	390	1
1527867895.925032000	75.6395	264	1
1527867895.941591000	75.6561	87	0
1527867896.427401000	76.1419	233	0
1527867896.427516000	76.142	148	0
1527867896.430603000	76.1451	104	1
1527867896.440985000	76.1555	92	0
1527867896.441109000	76.1556	165	0
1527867896.443572000	76.1581	101	1
1527867896.546700000	76.2612	389	1
1527867896.546774000	76.2613	264	1
1527867896.564384000	76.2789	87	0
1527867896.691886000	76.4064	233	0
1527867896.692001000	76.4065	148	0
1527867896.694532000	76.409	104	1
1527867896.695306000	76.4098	92	0
1527867896.695499000	76.41	185	0
1527867896.697515000	76.412	101	1
1527867896.846847000	76.5614	994	1
1527867896.846940000	76.5614	260	1
1527867896.864203000	76.5787	87	0
1527867897.196561000	76.9111	258	0
1527867897.196682000	76.9112	148	0
1527867897.199625000	76.9141	104	1
1527867897.200488000	76.915	92	0
1527867897.200685000	76.9152	327	0
1527867897.203618000	76.9181	101	1
1527867897.228603000	76.9431	402	1
1527867897.228662000	76.9432	261	1
1527867897.247159000	76.9617	87	0
1527867897.369550000	77.0841	233	0
1527867897.369765000	77.0843	148	0
1527867897.372585000	77.0871	104	1
1527867897.374988000	77.0895	92	0
1527867897.375195000	77.0897	331	0
1527867897.377636000	77.0921	101	1
1527867897.549897000	77.2644	390	1
1527867897.549958000	77.2645	259	1
1527867897.567424000	77.2819	87	0
1527867897.698867000	77.4134	235	0
1527867897.699010000	77.4135	148	0
1527867897.701591000	77.4161	104	1
1527867897.704793000	77.4193	92	0
1527867897.704982000	77.4195	198	0
1527867897.707683000	77.4222	101	1
1527867897.951973000	77.6665	897	1
1527867897.952033000	77.6665	260	1
1527867897.969017000	77.6835	87	0
1527867898.102477000	77.817	255	0
1527867898.102638000	77.8171	148	0
1527867898.105681000	77.8202	104	1
1527867898.109339000	77.8238	92	0
1527867898.109580000	77.8241	307	0
1527867898.111665000	77.8262	101	1
1527867898.400188000	78.1147	466	1
1527867898.400283000	78.1148	258	1
1527867898.427608000	78.1421	87	0
1527867898.543806000	78.2583	259	0
1527867898.543930000	78.2584	148	0
1527867898.546753000	78.2613	104	1
1527867898.548220000	78.2627	92	0
1527867898.548381000	78.2629	312	0
1527867898.550698000	78.2652	101	1
1527867898.670835000	78.3853	392	1
1527867898.670921000	78.3854	260	1
1527867898.688234000	78.4027	87	0
1527867898.835720000	78.5502	355	0
1527867898.835897000	78.5504	148	0
1527867898.838726000	78.5532	104	1
1527867898.845436000	78.5599	92	0
1527867898.845642000	78.5601	324	0
1527867898.848719000	78.5632	101	1
1527867898.901846000	78.6163	393	1
1527867898.901944000	78.6164	262	1
1527867898.917684000	78.6322	87	0
1527867899.032622000	78.7471	310	0
1527867899.032759000	78.7473	148	0
1527867899.035732000	78.7502	104	1
1527867899.042877000	78.7574	92	0
1527867899.043188000	78.7577	211	0
1527867899.045722000	78.7602	101	1
1527867899.259884000	78.9744	395	1
1527867899.259951000	78.9745	261	1
1527867899.276926000	78.9914	87	0
1527867899.412296000	79.1268	235	0
1527867899.412443000	79.1269	158	0
1527867899.415755000	79.1303	104	1
1527867899.438386000	79.1529	301	0
1527867899.440744000	79.1552	98	1
1527867899.500909000	79.2154	391	1
1527867899.500997000	79.2155	259	1
1527867899.517319000	79.2318	87	0
1527867899.645453000	79.36	236	0
1527867899.645669000	79.3602	148	0
1527867899.648766000	79.3633	104	1
1527867899.650687000	79.3652	92	0
1527867899.650831000	79.3653	192	0
1527867899.653760000	79.3683	101	1
1527867900.574870000	80.2894	391	1
1527867900.574931000	80.2894	261	1
1527867900.591767000	80.3063	87	0
1527867900.731721000	80.4462	351	0
1527867900.731838000	80.4463	148	0
1527867900.735224000	80.4497	104	1
1527867900.737186000	80.4517	92	0
1527867900.737866000	80.4524	236	0
1527867900.740143000	80.4546	101	1
1527867900.919381000	80.6339	394	1
1527867900.919456000	80.634	259	1
1527867900.936147000	80.6507	87	0
1527867901.070030000	80.7845	256	0
1527867901.070147000	80.7847	148	0
1527867901.073245000	80.7877	104	1
1527867901.074377000	80.7889	92	0
1527867901.074532000	80.789	154	0
1527867901.077227000	80.7917	101	1
1527867901.419517000	81.134	389	1
1527867901.419591000	81.1341	259	1
1527867901.437195000	81.1517	87	0
1527867901.563311000	81.2778	233	0
1527867901.563457000	81.278	148	0
1527867901.566244000	81.2807	104	1
1527867901.567227000	81.2817	92	0
1527867901.567389000	81.2819	102	0
1527867901.570257000	81.2848	101	1
1527867901.693690000	81.4082	389	1
1527867901.693786000	81.4083	262	1
1527867901.714385000	81.4289	87	0
1527867901.843975000	81.5585	256	0
1527867901.844099000	81.5586	148	0
1527867901.847293000	81.5618	104	1
1527867901.851139000	81.5656	92	0
1527867901.851285000	81.5658	188	0
1527867901.854290000	81.5688	101	1
1527867901.954576000	81.6691	990	1
1527867901.954636000	81.6691	259	1
1527867901.974095000	81.6886	87	0
1527867902.095828000	81.8103	235	0
1527867902.095978000	81.8105	148	0
1527867902.098299000	81.8128	104	1
1527867902.099661000	81.8142	92	0
1527867902.099799000	81.8143	95	0
1527867902.102284000	81.8168	101	1
1527867902.584729000	82.2992	405	1
1527867902.584785000	82.2993	258	1
1527867902.603139000	82.3176	87	0
1527867902.740649000	82.4552	233	0
1527867902.740793000	82.4553	148	0
1527867902.743332000	82.4578	104	1
1527867902.745964000	82.4605	92	0
1527867902.746119000	82.4606	291	0
1527867902.748329000	82.4628	101	1
1527867904.074790000	83.7893	900	1
1527867904.074880000	83.7894	263	1
1527867904.092424000	83.8069	87	0
1527867904.204617000	83.9191	256	0
1527867904.204736000	83.9192	148	0
1527867904.207216000	83.9217	104	1
1527867904.208333000	83.9228	92	0
1527867904.208776000	83.9233	298	0
1527867904.211203000	83.9257	101	1
1527867904.364645000	84.0791	467	1
1527867904.364735000	84.0792	262	1
1527867904.381244000	84.0957	87	0
1527867904.545817000	84.2603	235	0
1527867904.546008000	84.2605	148	0
1527867904.549177000	84.2637	104	1
1527867904.556184000	84.2707	92	0
1527867904.557359000	84.2719	271	0
1527867904.559157000	84.2737	101	1
1527867904.803511000	84.518	391	1
1527867904.803573000	84.5181	262	1
1527867904.820600000	84.5351	87	0
1527867905.003051000	84.7176	256	0
1527867905.003167000	84.7177	148	0
1527867905.006262000	84.7208	104	1
1527867905.007378000	84.7219	92	0
1527867905.007539000	84.722	154	0
1527867905.010181000	84.7247	101	1
1527867905.424641000	85.1391	389	1
1527867905.424707000	85.1392	258	1
1527867905.443014000	85.1575	87	0
1527867905.576834000	85.2913	233	0
1527867905.576951000	85.2915	148	0
1527867905.580300000	85.2948	104	1
1527867905.581483000	85.296	92	0
1527867905.581829000	85.2963	253	0
1527867905.584299000	85.2988	101	1
1527867905.684648000	85.3992	394	1
1527867905.684739000	85.3992	261	1
1527867905.702138000	85.4166	87	0
1527867905.838928000	85.5534	281	0
1527867905.839033000	85.5535	148	0
1527867905.842307000	85.5568	104	1
1527867905.848055000	85.5626	92	0
1527867905.848264000	85.5628	228	0
1527867905.850228000	85.5647	101	1
1527867905.904667000	85.6192	395	1
1527867905.904728000	85.6192	260	1
1527867905.932274000	85.6468	87	0
1527867906.056004000	85.7705	332	0
1527867906.056144000	85.7706	148	0
1527867906.059325000	85.7738	104	1
1527867906.060208000	85.7747	92	0
1527867906.060396000	85.7749	94	0
1527867906.063329000	85.7778	101	1
1527867906.274731000	85.9892	392	1
1527867906.274826000	85.9893	264	1
1527867906.291593000	86.0061	87	0
1527867906.410875000	86.1254	309	0
1527867906.410981000	86.1255	148	0
1527867906.413351000	86.1279	104	1
1527867906.414041000	86.1285	92	0
1527867906.414165000	86.1287	184	0
1527867906.417330000	86.1318	101	1
1527867906.774947000	86.4894	393	1
1527867906.775042000	86.4895	259	1
1527867906.801977000	86.5165	87	0
1527867906.937436000	86.6519	256	0
1527867906.937629000	86.6521	148	0
1527867906.940372000	86.6549	104	1
1527867906.941680000	86.6562	92	0
1527867906.941828000	86.6563	185	0
1527867906.944359000	86.6589	101	1
1527867907.406836000	87.1213	393	1
1527867907.406930000	87.1214	262	1
1527867907.425288000	87.1398	87	0
1527867907.769724000	87.4842	258	0
1527867907.769910000	87.4844	148	0
1527867907.772437000	87.4869	104	1
1527867907.777483000	87.492	92	0
1527867907.777990000	87.4925	223	0
1527867907.780424000	87.4949	101	1
1527867907.836000000	87.5505	992	1
1527867907.836090000	87.5506	264	1
1527867907.854468000	87.569	87	0
1527867907.962234000	87.6767	328	0
1527867907.962349000	87.6769	148	0
1527867907.965441000	87.6799	104	1
1527867907.966271000	87.6808	92	0
1527867907.966645000	87.6811	183	0
1527867907.969418000	87.6839	101	1
1527867908.045531000	87.76	402	1
1527867908.045597000	87.7601	259	1
1527867908.063167000	87.7777	87	0
1527867908.176578000	87.8911	235	0
1527867908.176758000	87.8913	148	0
1527867908.179618000	87.8941	104	1
1527867908.184904000	87.8994	92	0
1527867908.185041000	87.8995	149	0
1527867908.187420000	87.9019	101	1
1527867908.425754000	88.1403	390	1
1527867908.425816000	88.1403	259	1
1527867908.443068000	88.1576	87	0
1527867908.579115000	88.2936	235	0
1527867908.579223000	88.2937	148	0
1527867908.582445000	88.2969	104	1
1527867908.583589000	88.2981	92	0
1527867908.583740000	88.2982	230	0
1527867908.586418000	88.3009	101	1
1527867910.089797000	89.8043	900	1
1527867910.089878000	89.8044	258	1
1527867910.106841000	89.8213	87	0
1527867910.250653000	89.9652	258	0
1527867910.250785000	89.9653	148	0
1527867910.253958000	89.9685	104	1
1527867910.255539000	89.97	92	0
1527867910.255692000	89.9702	93	0
1527867910.257946000	89.9724	101	1
1527867911.009316000	90.7238	467	1
1527867911.009408000	90.7239	262	1
1527867911.026477000	90.741	87	0
1527867911.293917000	91.0084	259	0
1527867911.294034000	91.0085	148	0
1527867911.297022000	91.0115	104	1
1527867911.303331000	91.0178	92	0
1527867911.303892000	91.0184	137	0
1527867911.306011000	91.0205	101	1
1527867911.429358000	91.1439	391	1
1527867911.429434000	91.1439	259	1
1527867911.446010000	91.1605	87	0
1527867911.564738000	91.2792	235	0
1527867911.564871000	91.2794	148	0
1527867911.568043000	91.2825	104	1
1527867911.569635000	91.2841	92	0
1527867911.569780000	91.2843	220	0
1527867911.571946000	91.2864	101	1
1527867911.780265000	91.4948	390	1
1527867911.780341000	91.4948	260	1
1527867911.798781000	91.5133	87	0
1527867911.919215000	91.6337	256	0
1527867911.919350000	91.6339	148	0
1527867911.922049000	91.6366	104	1
1527867911.923385000	91.6379	92	0
1527867911.923549000	91.6381	98	0
1527867911.926040000	91.6405	101	1
1527867912.158453000	91.873	390	1
1527867912.158514000	91.873	259	1
1527867912.175908000	91.8904	87	0
1527867912.308309000	92.0228	233	0
1527867912.308508000	92.023	148	0
1527867912.311083000	92.0256	104	1
1527867912.313114000	92.0276	92	0
1527867912.313473000	92.028	162	0
1527867912.316078000	92.0306	101	1
1527867912.448682000	92.1632	389	1
1527867912.448774000	92.1633	262	1
1527867912.465678000	92.1802	87	0
1527867912.593378000	92.3079	232	0
1527867912.593554000	92.3081	148	0
1527867912.596095000	92.3106	104	1
1527867912.596615000	92.3111	92	0
1527867912.596826000	92.3113	260	0
1527867912.599089000	92.3136	101	1
1527867912.888259000	92.6028	389	1
1527867912.888324000	92.6028	259	1
1527867912.904898000	92.6194	87	0
1527867913.013781000	92.7283	256	0
1527867913.013967000	92.7285	148	0
1527867913.017049000	92.7316	104	1
1527867913.018623000	92.7331	92	0
1527867913.019304000	92.7338	326	0
1527867913.021019000	92.7355	101	1
1527867913.308282000	93.0228	389	1
1527867913.308348000	93.0229	262	1
1527867913.326502000	93.041	87	0
1527867913.459358000	93.1739	254	0
1527867913.459466000	93.174	148	0
1527867913.462140000	93.1766	104	1
1527867913.463098000	93.1776	92	0
1527867913.463569000	93.1781	222	0
1527867913.466132000	93.1806	101	1
1527867913.718460000	93.433	392	1
1527867913.718521000	93.433	260	1
1527867913.734549000	93.4491	87	0
1527867913.873177000	93.5877	358	0
1527867913.873350000	93.5879	148	0
1527867913.876184000	93.5907	104	1
1527867913.897775000	93.6123	92	0
1527867913.897934000	93.6124	161	0
1527867913.900164000	93.6147	101	1
1527867914.178600000	93.8931	394	1
1527867914.178661000	93.8932	262	1
1527867914.207582000	93.9221	87	0
1527867914.365988000	94.0805	309	0
1527867914.366104000	94.0806	148	0
1527867914.369192000	94.0837	104	1
1527867914.371850000	94.0864	92	0
1527867914.372049000	94.0866	299	0
1527867914.375180000	94.0897	101	1
1527867914.438233000	94.1527	995	1
1527867914.438321000	94.1528	259	1
1527867914.457258000	94.1718	87	0
1527867914.587055000	94.3016	235	0
1527867914.587296000	94.3018	148	0
1527867914.590216000	94.3047	104	1
1527867914.593748000	94.3083	92	0
1527867914.593956000	94.3085	165	0
1527867914.596134000	94.3106	101	1
1527867914.691058000	94.4056	403	1
1527867914.691149000	94.4057	262	1
1527867914.707855000	94.4224	87	0
1527867914.874328000	94.5888	279	0
1527867914.874465000	94.589	148	0
1527867914.877221000	94.5917	104	1
1527867914.881003000	94.5955	92	0
1527867914.881325000	94.5958	177	0
1527867914.884211000	94.5987	101	1
1527867914.940701000	94.6552	389	1
1527867914.940760000	94.6553	259	1
1527867914.957824000	94.6723	87	0
1527867915.103631000	94.8181	303	0
1527867915.103770000	94.8183	148	0
1527867915.106232000	94.8207	104	1
1527867915.224715000	94.9392	92	0
1527867915.224909000	94.9394	151	0
1527867915.227251000	94.9418	101	1
1527867915.371646000	95.0861	901	1
1527867915.371729000	95.0862	261	1
1527867915.390397000	95.1049	87	0
1527867915.500142000	95.2146	233	0
1527867915.500368000	95.2149	148	0
1527867915.503267000	95.2178	104	1
1527867915.503387000	95.2179	92	0
1527867915.503891000	95.2184	124	0
1527867915.506241000	95.2207	101	1
1527867915.722729000	95.4372	470	1
1527867915.722822000	95.4373	258	1
1527867915.740741000	95.4552	87	0
1527867915.859573000	95.5741	258	0
1527867915.859760000	95.5743	148	0
1527867915.862261000	95.5768	104	1
1527867915.864038000	95.5785	92	0
1527867915.864265000	95.5788	280	0
1527867915.867295000	95.5818	101	1
1527867916.152509000	95.867	394	1
1527867916.152584000	95.8671	263	1
1527867916.170721000	95.8852	87	0
1527867916.291294000	96.0058	232	0
1527867916.291590000	96.0061	148	0
1527867916.294305000	96.0088	104	1
1527867916.297385000	96.0119	92	0
1527867916.297765000	96.0123	89	0
1527867916.300288000	96.0148	101	1
1527867916.714079000	96.4286	389	1
1527867916.714141000	96.4286	260	1
1527867916.731000000	96.4455	87	0
1527867916.859758000	96.5743	258	0
1527867916.859884000	96.5744	148	0
1527867916.862427000	96.5769	104	1
1527867916.864519000	96.579	92	0
1527867916.865482000	96.58	115	0
1527867916.867245000	96.5817	101	1
1527867916.954891000	96.6694	390	1
1527867916.954984000	96.6695	263	1
1527867916.972295000	96.6868	87	0
1527867917.103312000	96.8178	235	0
1527867917.103463000	96.818	148	0
1527867917.106351000	96.8209	104	1
1527867917.108984000	96.8235	92	0
1527867917.109145000	96.8236	315	0
1527867917.111345000	96.8258	101	1
1527867917.973868000	97.6884	391	1
1527867917.973934000	97.6884	261	1
1527867917.992342000	97.7068	87	0
1527867918.112028000	97.8265	256	0
1527867918.112157000	97.8267	148	0
1527867918.114677000	97.8292	92	0
1527867918.115154000	97.8297	228	0
1527867918.115414000	97.8299	110	1
1527867919.187815000	98.9023	389	1
1527867919.187903000	98.9024	261	1
1527867919.207017000	98.9215	87	0
1527867919.358795000	99.0733	258	0
1527867919.359267000	99.0738	148	0
1527867919.359625000	99.0741	92	0
1527867919.359838000	99.0743	335	0
1527867919.361389000	99.0759	110	1
1527867919.507687000	99.2222	391	1
1527867919.507782000	99.2223	261	1
1527867919.525020000	99.2395	87	0
1527867919.648289000	99.3628	233	0
1527867919.648404000	99.3629	148	0
1527867919.651436000	99.3659	104	1
1527867919.653955000	99.3685	92	0
1527867919.654098000	99.3686	137	0
1527867919.656418000	99.3709	101	1
1527867920.357066000	100.072	390	1
1527867920.357131000	100.072	259	1
1527867920.373695000	100.088	87	0
1527867920.534366000	100.249	258	0
1527867920.534494000	100.249	148	0
1527867920.537468000	100.252	104	1
1527867920.542314000	100.257	92	0
1527867920.542511000	100.257	260	0
1527867920.545529000	100.26	101	1
1527867920.720310000	100.435	995	1
1527867920.720406000	100.435	260	1
1527867920.741612000	100.456	87	0
1527867920.853698000	100.568	282	0
1527867920.853807000	100.568	148	0
1527867920.856525000	100.571	104	1
1527867920.859050000	100.574	92	0
1527867920.859200000	100.574	130	0
1527867920.861489000	100.576	101	1
1527867921.158723000	100.873	403	1
1527867921.158796000	100.873	260	1
1527867921.175771000	100.89	87	0
1527867921.306737000	101.021	333	0
1527867921.306859000	101.021	148	0
1527867921.309533000	101.024	104	1
1527867921.311837000	101.026	92	0
1527867921.311996000	101.026	239	0
1527867921.314579000	101.029	101	1
1527867921.569164000	101.284	390	1
1527867921.569234000	101.284	263	1
1527867921.586565000	101.301	87	0
1527867921.720496000	101.435	309	0
1527867921.720666000	101.435	148	0
1527867921.723610000	101.438	104	1
1527867921.724863000	101.439	92	0
1527867921.725020000	101.44	166	0
1527867921.727595000	101.442	101	1
1527867921.939917000	101.654	902	1
1527867921.940010000	101.655	261	1
1527867921.958116000	101.673	87	0
1527867922.081401000	101.796	282	0
1527867922.081586000	101.796	148	0
1527867922.084562000	101.799	104	1
1527867922.085137000	101.8	92	0
1527867922.085451000	101.8	110	0
1527867922.087549000	101.802	101	1
1527867922.360849000	102.075	471	1
1527867922.360915000	102.075	269	1
1527867922.377783000	102.092	87	0
1527867922.497086000	102.212	303	0
1527867922.497218000	102.212	148	0
1527867922.499658000	102.214	104	1
1527867922.502489000	102.217	92	0
1527867922.502680000	102.217	125	0
1527867922.505686000	102.22	101	1
1527867923.162184000	102.877	392	1
1527867923.162251000	102.877	259	1
1527867923.179425000	102.894	87	0
1527867923.293552000	103.008	258	0
1527867923.293719000	103.008	148	0
1527867923.296704000	103.011	104	1
1527867923.297924000	103.012	92	0
1527867923.298082000	103.013	131	0
1527867923.300686000	103.015	101	1
1527867923.421754000	103.136	393	1
1527867923.421850000	103.136	258	1
1527867923.438020000	103.153	87	0
1527867923.552225000	103.267	235	0
1527867923.552352000	103.267	148	0
1527867923.554637000	103.269	104	1
1527867923.556514000	103.271	92	0
1527867923.556723000	103.271	270	0
1527867923.559653000	103.274	101	1
1527867923.722112000	103.437	390	1
1527867923.722172000	103.437	260	1
1527867923.739339000	103.454	87	0
1527867923.848626000	103.563	256	0
1527867923.849183000	103.564	148	0
1527867923.851730000	103.566	104	1
1527867923.853410000	103.568	92	0
1527867923.853630000	103.568	166	0
1527867923.855713000	103.57	101	1
1527867924.241674000	103.956	389	1
1527867924.241751000	103.956	261	1
1527867924.259309000	103.974	87	0
1527867924.389859000	104.104	233	0
1527867924.389992000	104.104	148	0
1527867924.392762000	104.107	104	1
1527867924.396026000	104.111	92	0
1527867924.396234000	104.111	201	0
1527867924.398682000	104.113	101	1
1527867924.607355000	104.322	390	1
1527867924.607433000	104.322	259	1
1527867924.624079000	104.339	87	0
1527867924.760275000	104.475	233	0
1527867924.760411000	104.475	148	0
1527867924.762786000	104.477	104	1
1527867924.765427000	104.48	92	0
1527867924.765960000	104.48	140	0
1527867924.767782000	104.482	101	1
1527867924.990885000	104.705	389	1
1527867924.990983000	104.705	258	1
1527867925.010099000	104.725	87	0
1527867925.136243000	104.851	259	0
1527867925.136422000	104.851	148	0
1527867925.138744000	104.853	104	1
1527867925.142044000	104.857	92	0
1527867925.142229000	104.857	136	0
1527867925.144722000	104.859	101	1
1527867925.652333000	105.367	395	1
1527867925.652397000	105.367	262	1
1527867925.669128000	105.384	87	0
1527867925.790718000	105.505	236	0
1527867925.790823000	105.505	148	0
1527867925.793847000	105.508	104	1
1527867925.795908000	105.51	92	0
1527867925.796113000	105.511	152	0
1527867925.798833000	105.513	101	1
1527867925.903961000	105.618	992	1
1527867925.904052000	105.619	258	1
1527867925.918434000	105.633	100	0
1527867925.920782000	105.635	98	1
1527867925.921110000	105.636	87	0
1527867926.028222000	105.743	258	0
1527867926.028340000	105.743	148	0
1527867926.030860000	105.745	104	1
1527867926.031539000	105.746	92	0
1527867926.031697000	105.746	169	0
1527867926.034843000	105.749	101	1
1527867926.121997000	105.837	402	1
1527867926.122093000	105.837	259	1
1527867926.138418000	105.853	87	0
1527867926.271577000	105.986	236	0
1527867926.271709000	105.986	148	0
1527867926.274796000	105.989	104	1
1527867926.276949000	105.991	92	0
1527867926.277366000	105.992	120	0
1527867926.279870000	105.994	101	1
1527867926.853334000	106.568	391	1
1527867926.853428000	106.568	258	1
1527867926.871474000	106.586	87	0
1527867926.989716000	106.704	255	0
1527867926.989829000	106.704	148	0
1527867926.992912000	106.707	104	1
1527867926.995381000	106.71	92	0
1527867926.995562000	106.71	175	0
1527867926.997902000	106.712	101	1
1527867927.132170000	106.847	900	1
1527867927.132261000	106.847	260	1
1527867927.150221000	106.865	87	0
1527867927.284578000	106.999	256	0
1527867927.284704000	106.999	148	0
1527867927.287931000	107.002	104	1
1527867927.289562000	107.004	92	0
1527867927.290012000	107.005	247	0
1527867927.291914000	107.006	101	1
1527867927.652201000	107.367	470	1
1527867927.652282000	107.367	265	1
1527867927.669373000	107.384	87	0
1527867927.807913000	107.522	335	0
1527867927.808067000	107.523	148	0
1527867927.810973000	107.525	104	1
1527867927.812736000	107.527	92	0
1527867927.812875000	107.527	85	0
1527867927.815993000	107.53	101	1
1527867928.446482000	108.161	394	1
1527867928.446552000	108.161	261	1
1527867928.463213000	108.178	87	0
1527867928.600774000	108.315	332	0
1527867928.600891000	108.315	148	0
1527867928.604007000	108.319	104	1
1527867928.604874000	108.319	92	0
1527867928.605256000	108.32	116	0
1527867928.607940000	108.322	101	1
1527867928.677140000	108.392	391	1
1527867928.677204000	108.392	261	1
1527867928.695970000	108.41	87	0
1527867928.819497000	108.534	255	0
1527867928.819685000	108.534	148	0
1527867928.821962000	108.536	104	1
1527867928.822584000	108.537	92	0
1527867928.822937000	108.537	221	0
1527867928.824935000	108.539	101	1
1527867928.917252000	108.632	391	1
1527867928.917311000	108.632	259	1
1527867928.935475000	108.65	87	0
1527867929.061440000	108.776	326	0
1527867929.061619000	108.776	148	0
1527867929.064039000	108.779	104	1
1527867929.245697000	108.96	92	0
1527867929.245831000	108.96	289	0
1527867929.249060000	108.964	101	1
1527867929.446125000	109.161	393	1
1527867929.446201000	109.161	258	1
1527867929.463189000	109.178	87	0
1527867929.590393000	109.305	233	0
1527867929.590557000	109.305	148	0
1527867929.593056000	109.308	104	1
1527867929.594609000	109.309	92	0
1527867929.594766000	109.309	278	0
1527867929.597068000	109.312	101	1
1527867929.948501000	109.663	390	1
1527867929.948577000	109.663	261	1
1527867929.966144000	109.681	87	0
1527867930.099746000	109.814	258	0
1527867930.099894000	109.814	148	0
1527867930.103095000	109.818	104	1
1527867930.103834000	109.818	92	0
1527867930.103989000	109.818	176	0
1527867930.107140000	109.822	101	1
1527867930.163156000	109.878	390	1
1527867930.163222000	109.878	258	1
1527867930.180660000	109.895	87	0
1527867930.312238000	110.027	236	0
1527867930.312440000	110.027	148	0
1527867930.315073000	110.03	104	1
1527867930.318070000	110.033	92	0
1527867930.318281000	110.033	286	0
1527867930.321076000	110.036	101	1
1527867930.489505000	110.204	391	1
1527867930.489564000	110.204	261	1
1527867930.506071000	110.221	87	0
1527867930.657950000	110.372	232	0
1527867930.658075000	110.373	148	0
1527867930.661125000	110.376	104	1
1527867930.661976000	110.376	92	0
1527867930.662120000	110.377	289	0
1527867930.665066000	110.38	101	1
1527867930.988487000	110.703	993	1
1527867930.988578000	110.703	262	1
1527867931.015798000	110.73	87	0
1527867931.124977000	110.839	256	0
1527867931.125117000	110.84	148	0
1527867931.128157000	110.843	104	1
1527867931.129494000	110.844	92	0
1527867931.129725000	110.844	307	0
1527867931.132138000	110.847	101	1
1527867931.888729000	111.603	401	1
1527867931.888803000	111.603	260	1
1527867931.906155000	111.621	87	0
1527867932.048917000	111.763	256	0
1527867932.049048000	111.764	148	0
1527867932.052135000	111.767	104	1
1527867932.052902000	111.767	92	0
1527867932.053648000	111.768	300	0
1527867932.055207000	111.77	101	1
1527867932.418663000	112.133	390	1
1527867932.418724000	112.133	259	1
1527867932.435132000	112.15	87	0
1527867932.563566000	112.278	236	0
1527867932.563751000	112.278	148	0
1527867932.566176000	112.281	104	1
1527867932.569211000	112.284	92	0
1527867932.569398000	112.284	276	0
1527867932.572187000	112.287	101	1
1527867932.640362000	112.355	902	1
1527867932.640447000	112.355	260	1
1527867932.659631000	112.374	87	0
1527867932.785995000	112.5	236	0
1527867932.786133000	112.501	148	0
1527867932.789242000	112.504	104	1
1527867932.790802000	112.505	92	0
1527867932.790959000	112.505	117	0
1527867932.793230000	112.508	101	1
1527867933.159667000	112.874	468	1
1527867933.159755000	112.874	260	1
1527867933.176804000	112.891	87	0
1527867933.307180000	113.022	256	0
1527867933.307946000	113.022	148	0
1527867933.310273000	113.025	104	1
1527867933.312805000	113.027	92	0
1527867933.312950000	113.027	141	0
1527867933.315258000	113.03	101	1
1527867934.765416000	114.48	390	1
1527867934.765504000	114.48	259	1
1527867934.782139000	114.497	87	0
1527867934.916339000	114.631	256	0
1527867934.916455000	114.631	148	0
1527867934.919759000	114.634	104	1
1527867934.920387000	114.635	92	0
1527867934.920572000	114.635	112	0
1527867934.922754000	114.637	101	1
1527867935.056167000	114.771	393	1
1527867935.056258000	114.771	261	1
1527867935.072412000	114.787	87	0
1527867935.181356000	114.896	256	0
1527867935.181489000	114.896	148	0
1527867935.184431000	114.899	92	0
1527867935.184688000	114.899	107	1
1527867935.185393000	114.9	282	0
1527867935.187757000	114.902	98	1
1527867935.265768000	114.98	390	1
1527867935.265831000	114.98	258	1
1527867935.283635000	114.998	87	0
1527867935.560226000	115.275	333	0
1527867935.560376000	115.275	148	0
1527867935.562737000	115.277	104	1
1527867935.568773000	115.283	92	0
1527867935.568983000	115.283	119	0
1527867935.571818000	115.286	101	1
1527867936.347788000	116.062	389	1
