1527766748.530358000	0	273	1
1527766748.552045000	0.021687	67	0
1527766748.747947000	0.217589	305	0
1527766748.748651000	0.218293	1392	0
1527766748.748966000	0.218608	1392	0
1527766748.749132000	0.218774	1392	0
1527766748.749135000	0.218777	166	0
1527766748.749305000	0.218947	1392	0
1527766748.749446000	0.219088	1392	0
1527766748.749747000	0.219389	1392	0
1527766748.749749000	0.219391	168	0
1527766748.749971000	0.219613	662	0
1527766748.750254000	0.219896	1392	0
1527766748.750554000	0.220196	1392	0
1527766748.750725000	0.220367	673	0
1527766748.751820000	0.221462	1392	0
1527766748.752122000	0.221764	1392	0
1527766748.752430000	0.222072	1392	0
1527766748.752806000	0.222448	168	0
1527766748.753138000	0.22278	1167	0
1527766748.755139000	0.224781	1392	0
1527766748.755437000	0.225079	1392	0
1527766748.755741000	0.225383	1392	0
1527766748.755743000	0.225385	168	0
1527766748.756032000	0.225674	1221	0
1527766748.756776000	0.226418	1392	0
1527766748.756778000	0.22642	232	0
1527766748.757572000	0.227214	108	1
1527766748.757675000	0.227317	1392	0
1527766748.757780000	0.227422	105	1
1527766748.758246000	0.227888	782	0
1527766748.758579000	0.228221	1392	0
1527766748.758750000	0.228392	977	0
1527766748.759998000	0.22964	1392	0
1527766748.760214000	0.229856	1392	0
1527766748.760679000	0.230321	1392	0
1527766748.760682000	0.230324	168	0
1527766748.760841000	0.230483	105	1
1527766748.761487000	0.231129	1392	0
1527766748.761489000	0.231131	150	0
1527766748.762243000	0.231885	1392	0
1527766748.762598000	0.23224	1392	0
1527766748.763173000	0.232815	1392	0
1527766748.763175000	0.232817	168	0
1527766748.763509000	0.233151	1392	0
1527766748.763511000	0.233153	133	0
1527766748.763608000	0.23325	105	1
1527766748.765078000	0.23472	1392	0
1527766748.765353000	0.234995	1392	0
1527766748.765698000	0.23534	1392	0
1527766748.765700000	0.235342	168	0
1527766748.765852000	0.235494	774	0
1527766748.767042000	0.236684	1392	0
1527766748.767287000	0.236929	96	1
1527766748.767665000	0.237307	1392	0
1527766748.767902000	0.237544	1392	0
1527766748.767904000	0.237546	168	0
1527766748.768021000	0.237663	643	0
1527766748.770689000	0.240331	72	0
1527766748.771036000	0.240678	82	0
1527766748.793589000	0.263231	87	1
1527766748.797427000	0.267069	81	1
1527766748.808860000	0.278502	1392	0
1527766748.812420000	0.282062	78	1
1527766749.491599000	0.961241	343	1
1527766749.491687000	0.961329	1392	1
1527766749.491714000	0.961356	896	1
1527766749.500844000	0.970486	198	1
1527766749.512309000	0.981951	67	0
1527766749.535069000	1.00471	67	0
1527766749.628591000	1.09823	378	0
1527766749.631851000	1.10149	60	0
1527766749.632452000	1.10209	87	1
1527766749.638327000	1.10797	350	0
1527766749.638647000	1.10829	1392	0
1527766749.638722000	1.10836	1392	0
1527766749.638726000	1.10837	1392	0
1527766749.638732000	1.10837	166	0
1527766749.639314000	1.10896	1392	0
1527766749.639585000	1.10923	1392	0
1527766749.639781000	1.10942	1045	0
1527766749.640984000	1.11063	72	0
1527766749.641436000	1.11108	188	0
1527766749.641549000	1.11119	105	1
1527766749.782462000	1.2521	195	1
1527766749.801695000	1.27134	67	0
1527766749.963799000	1.43344	357	0
1527766749.964023000	1.43367	1095	0
1527766749.966869000	1.43651	72	0
1527766749.967354000	1.437	320	0
1527766749.967407000	1.43705	87	1
1527766749.971399000	1.44104	78	1
1527766750.204101000	1.67374	573	1
1527766750.205417000	1.67506	1024	1
1527766750.223492000	1.69313	67	0
1527766750.297066000	1.76671	308	1
1527766750.316547000	1.78619	67	0
1527766750.335891000	1.80553	283	0
1527766750.336012000	1.80565	340	0
1527766750.336015000	1.80566	309	0
1527766750.339424000	1.80907	90	1
1527766750.388585000	1.85823	456	0
1527766750.388589000	1.85823	60	0
1527766750.392369000	1.86201	81	1
1527766750.405998000	1.87564	481	0
1527766750.406242000	1.87588	942	0
1527766750.406610000	1.87625	94	0
1527766750.410400000	1.88004	84	1
1527766751.613896000	3.08354	733	1
1527766751.634085000	3.10373	67	0
1527766751.721569000	3.19121	1243	1
1527766751.741470000	3.21111	67	0
1527766751.929403000	3.39904	1338	1
1527766751.950011000	3.41965	67	0
1527766751.971164000	3.44081	255	0
1527766751.971535000	3.44118	1392	0
1527766751.971703000	3.44134	977	0
1527766751.974509000	3.44415	87	1
1527766751.987804000	3.45745	72	0
1527766751.987924000	3.45757	317	0
1527766751.992500000	3.46214	81	1
1527766752.029559000	3.4992	368	0
1527766752.029834000	3.49948	1392	0
1527766752.029907000	3.49955	1392	0
1527766752.030182000	3.49982	1392	0
1527766752.030185000	3.49983	168	0
1527766752.030261000	3.4999	267	0
1527766752.034506000	3.50415	93	1
1527766752.129922000	3.59956	1201	0
1527766752.133537000	3.60318	78	1
1527766752.486688000	3.95633	320	1
1527766752.486785000	3.95643	1392	1
1527766752.486812000	3.95645	1392	1
1527766752.486854000	3.9565	1392	1
1527766752.486906000	3.95655	1392	1
1527766752.486931000	3.95657	1392	1
1527766752.486974000	3.95662	1392	1
1527766752.487009000	3.95665	1392	1
1527766752.487047000	3.95669	1392	1
1527766752.487090000	3.95673	1392	1
1527766752.487123000	3.95676	1392	1
1527766752.487163000	3.9568	1392	1
1527766752.487212000	3.95685	1392	1
1527766752.487237000	3.95688	1260	1
1527766752.505878000	3.97552	80	0
1527766752.510452000	3.98009	67	0
1527766752.517136000	3.98678	81	1
1527766752.613861000	4.0835	445	0
1527766752.617963000	4.0876	60	0
1527766752.618786000	4.08843	81	1
1527766752.926790000	4.39643	1392	1
1527766752.926848000	4.39649	136	1
1527766752.947049000	4.41669	67	0
1527766753.073143000	4.54278	244	0
1527766753.073267000	4.54291	222	0
1527766753.087072000	4.55671	84	1
1527766754.395730000	5.86537	314	1
1527766754.395816000	5.86546	1392	1
1527766754.395842000	5.86548	968	1
1527766754.409558000	5.8792	299	1
1527766754.417141000	5.88678	67	0
1527766754.431205000	5.90085	67	0
1527766754.527044000	5.99669	378	0
1527766754.528571000	5.99821	60	0
1527766754.531134000	6.00078	87	1
1527766754.838712000	6.30835	491	0
1527766754.838715000	6.30836	286	0
1527766754.838851000	6.30849	273	0
1527766754.842206000	6.31185	101	1
1527766754.846988000	6.31663	234	1
1527766754.867077000	6.33672	67	0
1527766755.107068000	6.57671	902	0
1527766755.107272000	6.57691	1392	0
1527766755.107385000	6.57703	1392	0
1527766755.107551000	6.57719	1392	0
1527766755.107553000	6.57719	160	0
1527766755.107717000	6.57736	1392	0
1527766755.107837000	6.57748	1337	0
1527766755.111244000	6.58089	99	1
1527766755.111599000	6.58124	1392	0
1527766755.111689000	6.58133	1392	0
1527766755.111764000	6.58141	1392	0
1527766755.111766000	6.58141	168	0
1527766755.112434000	6.58208	1209	0
1527766755.115189000	6.58483	90	1
1527766755.116110000	6.58575	1392	0
1527766755.116394000	6.58604	1392	0
1527766755.116800000	6.58644	1392	0
1527766755.116803000	6.58644	168	0
1527766755.117135000	6.58678	1392	0
1527766755.117224000	6.58687	715	0
1527766755.120183000	6.58982	93	1
1527766755.144162000	6.6138	1392	0
1527766755.144405000	6.61405	1392	0
1527766755.145709000	6.61535	1392	0
1527766755.145711000	6.61535	178	0
1527766755.145951000	6.61559	1392	0
1527766755.146025000	6.61567	1392	0
1527766755.146251000	6.61589	1392	0
1527766755.146254000	6.6159	160	0
1527766755.146417000	6.61606	1392	0
1527766755.146420000	6.61606	337	0
1527766755.147952000	6.61759	1392	0
1527766755.148668000	6.61831	1392	0
1527766755.148990000	6.61863	1392	0
1527766755.149110000	6.61875	105	1
1527766755.149600000	6.61924	168	0
1527766755.150015000	6.61966	1392	0
1527766755.150017000	6.61966	180	0
1527766755.151016000	6.62066	1392	0
1527766755.151644000	6.62129	1392	0
1527766755.151941000	6.62158	1392	0
1527766755.152210000	6.62185	168	0
1527766755.152317000	6.62196	105	1
1527766755.152619000	6.62226	1172	0
1527766755.153894000	6.62354	1392	0
1527766755.154184000	6.62383	1392	0
1527766755.155162000	6.6248	1392	0
1527766755.155165000	6.62481	168	0
1527766755.155385000	6.62503	967	0
1527766755.156180000	6.62582	93	1
1527766755.157153000	6.62679	1392	0
1527766755.157405000	6.62705	1243	0
1527766755.157517000	6.62716	724	0
1527766755.158277000	6.62792	1392	0
1527766755.158551000	6.62819	1309	0
1527766755.159647000	6.62929	1392	0
1527766755.159985000	6.62963	1392	0
1527766755.159987000	6.62963	319	0
1527766755.160366000	6.63001	72	0
1527766755.160861000	6.6305	240	0
1527766755.160971000	6.63061	105	1
1527766757.550711000	9.02035	523	1
1527766757.550804000	9.02045	274	1
1527766757.553071000	9.02271	610	1
1527766757.553124000	9.02277	1392	1
1527766757.553165000	9.02281	1392	1
1527766757.553220000	9.02286	969	1
1527766757.570521000	9.04016	67	0
1527766757.576721000	9.04636	67	0
1527766757.589681000	9.05932	904	1
1527766757.611358000	9.081	67	0
1527766757.763786000	9.23343	281	0
1527766757.763879000	9.23352	83	0
1527766757.767931000	9.23757	84	1
1527766757.776002000	9.24564	151	0
1527766757.779936000	9.24958	78	1
1527766757.905836000	9.37548	436	0
1527766757.909912000	9.37955	78	1
1527766757.911460000	9.3811	60	0
1527766757.914899000	9.38454	78	1
1527766757.917100000	9.38674	305	0
1527766757.917175000	9.38682	1380	0
1527766757.917179000	9.38682	493	0
1527766757.917834000	9.38748	572	0
1527766757.920529000	9.39017	615	0
1527766757.920598000	9.39024	447	0
1527766757.920897000	9.39054	93	1
1527766757.921926000	9.39157	677	0
1527766757.923204000	9.39285	464	0
1527766757.925073000	9.39471	815	0
1527766757.925906000	9.39555	84	1
1527766757.926136000	9.39578	629	0
1527766757.929109000	9.39875	499	0
1527766757.929176000	9.39882	419	0
1527766757.929905000	9.39955	84	1
1527766757.930227000	9.39987	681	0
1527766757.931359000	9.401	596	0
1527766757.932678000	9.40232	538	0
1527766757.933907000	9.40355	84	1
1527766757.934165000	9.40381	644	0
1527766757.935923000	9.40557	563	0
1527766757.936061000	9.4057	669	0
1527766757.937906000	9.40755	84	1
1527766757.943082000	9.41272	72	0
1527766757.946906000	9.41655	78	1
1527766757.950894000	9.42054	238	0
1527766757.954913000	9.42455	78	1
1527766758.453414000	9.92306	380	1
1527766758.453503000	9.92314	89	1
1527766758.473008000	9.94265	67	0
1527766758.514420000	9.98406	285	1
1527766758.527063000	9.9967	461	1
1527766758.527142000	9.99678	67	1
1527766758.534711000	10.0044	67	0
1527766758.546608000	10.0162	67	0
1527766758.895209000	10.3649	287	0
1527766758.895580000	10.3652	132	0
1527766758.899395000	10.369	90	1
1527766758.903113000	10.3728	72	0
1527766758.903213000	10.3729	193	0
1527766758.906396000	10.376	81	1
1527766759.009814000	10.4795	223	0
1527766759.009935000	10.4796	83	0
1527766759.013442000	10.4831	81	1
1527766759.014622000	10.4843	72	0
1527766759.014729000	10.4844	177	0
1527766759.018439000	10.4881	81	1
1527766759.086766000	10.5564	222	0
1527766759.086882000	10.5565	121	0
1527766759.090419000	10.5601	81	1
1527766759.091307000	10.5609	72	0
1527766759.091720000	10.5614	267	0
1527766759.095432000	10.5651	81	1
1527766759.762635000	11.2323	468	1
1527766759.762723000	11.2324	74	1
1527766759.771247000	11.2409	356	1
1527766759.771331000	11.241	233	1
1527766759.783010000	11.2527	67	0
1527766759.790635000	11.2603	67	0
1527766759.930999000	11.4006	242	0
1527766759.931129000	11.4008	346	0
1527766759.934469000	11.4041	87	1
1527766759.934869000	11.4045	313	0
1527766759.938487000	11.4081	78	1
1527766760.446143000	11.9158	354	1
1527766760.446280000	11.9159	1392	1
1527766760.446309000	11.916	1392	1
1527766760.446357000	11.916	1392	1
1527766760.446404000	11.916	1392	1
1527766760.446441000	11.9161	1392	1
1527766760.446483000	11.9161	1392	1
1527766760.446517000	11.9162	1392	1
1527766760.446555000	11.9162	1392	1
1527766760.446607000	11.9162	1392	1
1527766760.446633000	11.9163	1392	1
1527766760.446683000	11.9163	1392	1
1527766760.446709000	11.9164	1392	1
1527766760.446760000	11.9164	1392	1
1527766760.446786000	11.9164	1392	1
1527766760.446837000	11.9165	1392	1
1527766760.448783000	11.9184	1392	1
1527766760.448844000	11.9185	1392	1
1527766760.448887000	11.9185	1392	1
1527766760.448964000	11.9186	1392	1
1527766760.448992000	11.9186	1392	1
1527766760.449042000	11.9187	1392	1
1527766760.449108000	11.9187	1392	1
1527766760.449142000	11.9188	1392	1
1527766760.449181000	11.9188	1392	1
1527766760.449230000	11.9189	1392	1
1527766760.450459000	11.9201	1392	1
1527766760.450509000	11.9202	1392	1
1527766760.450564000	11.9202	1392	1
1527766760.450604000	11.9202	1392	1
1527766760.450638000	11.9203	1392	1
1527766760.450683000	11.9203	1392	1
1527766760.450722000	11.9204	1392	1
1527766760.450777000	11.9204	1392	1
1527766760.450812000	11.9205	252	1
1527766760.466185000	11.9358	67	0
1527766760.469844000	11.9395	67	0
1527766760.471427000	11.9411	67	0
1527766760.474838000	11.9445	67	0
1527766760.536846000	12.0065	270	0
1527766760.536848000	12.0065	126	0
1527766760.540556000	12.0102	93	1
1527766760.542263000	12.0119	72	0
1527766760.543515000	12.0132	297	0
1527766760.546548000	12.0162	83	1
1527766760.727986000	12.1976	434	1
1527766760.730124000	12.1998	278	1
1527766760.747957000	12.2176	67	0
1527766760.750899000	12.2205	273	1
1527766760.770574000	12.2402	67	0
1527766760.876866000	12.3465	356	0
1527766760.880494000	12.3501	86	1
1527766760.882852000	12.3525	60	0
1527766760.886575000	12.3562	80	1
1527766760.937324000	12.407	637	0
1527766760.937582000	12.4072	782	0
1527766760.940080000	12.4097	72	0
1527766760.940169000	12.4098	296	0
1527766760.941490000	12.4111	89	1
1527766761.005185000	12.4748	375	1
1527766761.005280000	12.4749	366	1
1527766761.028512000	12.4982	67	0
1527766761.074492000	12.5441	217	0
1527766761.074608000	12.5443	98	0
1527766761.078923000	12.5486	72	0
1527766761.079271000	12.5489	86	1
1527766761.079366000	12.549	201	0
1527766761.080715000	12.5504	283	0
1527766761.080804000	12.5504	259	0
1527766761.084098000	12.5537	89	1
1527766761.084582000	12.5542	72	0
1527766761.085040000	12.5547	217	0
1527766761.088531000	12.5582	83	1
1527766761.178170000	12.6478	1392	1
1527766761.178211000	12.6479	160	1
1527766761.199471000	12.6691	67	0
1527766761.201170000	12.6708	212	0
1527766761.201267000	12.6709	126	0
1527766761.204551000	12.6742	86	1
1527766761.206777000	12.6764	72	0
1527766761.206894000	12.6765	303	0
1527766761.210551000	12.6802	83	1
1527766761.324553000	12.7942	372	0
1527766761.325179000	12.7948	452	0
1527766761.325253000	12.7949	188	0
1527766761.328528000	12.7982	86	1
1527766761.338092000	12.8077	453	1
1527766761.357021000	12.8267	67	0
1527766761.478532000	12.9482	501	0
1527766761.478815000	12.9485	188	0
1527766761.482609000	12.9523	86	1
1527766762.087784000	13.5574	1063	1
1527766762.087849000	13.5575	235	1
1527766762.107878000	13.5775	67	0
1527766762.509533000	13.9792	305	0
1527766762.509537000	13.9792	126	0
1527766762.512819000	13.9825	72	0
1527766762.512961000	13.9826	177	0
1527766762.513593000	13.9832	92	1
1527766762.754544000	14.2242	513	1
1527766762.754632000	14.2243	237	1
1527766762.776168000	14.2458	67	0
1527766763.164260000	14.6339	213	0
1527766763.164262000	14.6339	126	0
1527766763.168679000	14.6383	86	1
1527766763.169250000	14.6389	72	0
1527766763.169704000	14.6393	303	0
1527766763.172620000	14.6423	83	1
1527766763.394065000	14.8637	375	1
1527766763.394130000	14.8638	234	1
1527766763.414915000	14.8846	67	0
1527766763.751534000	15.2212	268	0
1527766763.751784000	15.2214	126	0
1527766763.755685000	15.2253	86	1
1527766763.756560000	15.2262	72	0
1527766763.757011000	15.2267	171	0
1527766763.760707000	15.2303	83	1
1527766763.944856000	15.4145	371	1
1527766763.944942000	15.4146	234	1
1527766763.976359000	15.446	67	0
1527766764.335603000	15.8052	236	0
1527766764.335605000	15.8052	126	0
1527766764.339708000	15.8094	86	1
1527766764.342106000	15.8117	72	0
1527766764.342191000	15.8118	95	0
1527766764.345695000	15.8153	83	1
1527766764.664084000	16.1337	374	1
1527766764.664172000	16.1338	238	1
1527766764.693454000	16.1631	67	0
1527766765.024273000	16.4939	215	0
1527766765.024275000	16.4939	126	0
1527766765.027777000	16.4974	86	1
1527766765.028381000	16.498	72	0
1527766765.028861000	16.4985	301	0
1527766765.031819000	16.5015	83	1
1527766765.086668000	16.5563	372	1
1527766765.086749000	16.5564	237	1
1527766765.107748000	16.5774	67	0
1527766765.451128000	16.9208	236	0
1527766765.451130000	16.9208	126	0
1527766765.454376000	16.924	72	0
1527766765.454721000	16.9244	292	0
1527766765.454784000	16.9244	89	1
1527766765.458768000	16.9284	80	1
1527766765.495852000	16.9655	371	1
1527766765.495933000	16.9656	238	1
1527766765.522285000	16.9919	67	0
1527766765.532976000	17.0026	67	0
1527766765.880735000	17.3504	213	0
1527766765.880738000	17.3504	128	0
1527766765.884859000	17.3545	89	1
1527766765.885350000	17.355	72	0
1527766765.886256000	17.3559	288	0
1527766765.888806000	17.3584	83	1
1527766766.002251000	17.4719	371	1
1527766766.002316000	17.472	237	1
1527766766.022378000	17.492	67	0
1527766766.358349000	17.828	331	0
1527766766.358352000	17.828	128	0
1527766766.361880000	17.8315	86	1
1527766766.362498000	17.8321	72	0
1527766766.362967000	17.8326	293	0
1527766766.365878000	17.8355	83	1
1527766766.486447000	17.9561	416	1
1527766766.486539000	17.9562	238	1
1527766766.507437000	17.9771	67	0
1527766766.851501000	18.3211	217	0
1527766766.851504000	18.3211	128	0
1527766766.854396000	18.324	72	0
1527766766.854844000	18.3245	218	0
1527766766.855845000	18.3255	92	1
1527766766.999325000	18.469	375	1
1527766766.999417000	18.4691	242	1
1527766767.018999000	18.4886	67	0
1527766767.023841000	18.4935	67	0
1527766767.378226000	18.8479	310	0
1527766767.378230000	18.8479	128	0
1527766767.381952000	18.8516	89	1
1527766767.382667000	18.8523	72	0
1527766767.382752000	18.8524	91	0
1527766767.385936000	18.8556	83	1
1527766767.419102000	18.8887	701	1
1527766767.419160000	18.8888	236	1
1527766767.439428000	18.9091	67	0
1527766767.774254000	19.2439	216	0
1527766767.774585000	19.2442	128	0
1527766767.777967000	19.2476	86	1
1527766767.782555000	19.2522	72	0
1527766767.782557000	19.2522	130	0
1527766767.785957000	19.2556	83	1
1527766767.949166000	19.4188	377	1
1527766767.949226000	19.4189	241	1
1527766767.969062000	19.4387	67	0
1527766768.096270000	19.5659	216	0
1527766768.096272000	19.5659	128	0
1527766768.099979000	19.5696	86	1
1527766768.111653000	19.5813	72	0
1527766768.111745000	19.5814	198	0
1527766768.114991000	19.5846	83	1
1527766768.879643000	20.3493	1064	1
1527766768.879722000	20.3494	240	1
1527766768.900984000	20.3706	67	0
1527766769.277205000	20.7468	259	0
1527766769.277208000	20.7469	128	0
1527766769.281049000	20.7507	86	1
1527766769.281349000	20.751	72	0
1527766769.281802000	20.7514	193	0
1527766769.285049000	20.7547	83	1
1527766769.350068000	20.8197	509	1
1527766769.350160000	20.8198	236	1
1527766769.371280000	20.8409	67	0
1527766769.709658000	21.1793	212	0
1527766769.709779000	21.1794	128	0
1527766769.713716000	21.1834	72	0
1527766769.713718000	21.1834	298	0
1527766769.714006000	21.1836	92	1
1527766769.796488000	21.2661	373	1
1527766769.796568000	21.2662	239	1
1527766769.816615000	21.2863	67	0
1527766770.173583000	21.6432	238	0
1527766770.173725000	21.6434	128	0
1527766770.174754000	21.6444	72	0
1527766770.175238000	21.6449	283	0
1527766770.178091000	21.6477	92	1
1527766770.254739000	21.7244	375	1
1527766770.254817000	21.7245	237	1
1527766770.274789000	21.7444	67	0
1527766770.405134000	21.8748	283	0
1527766770.405235000	21.8749	128	0
1527766770.409059000	21.8787	86	1
1527766770.409703000	21.8793	72	0
1527766770.410120000	21.8798	123	0
1527766770.413031000	21.8827	83	1
1527766771.045782000	22.5154	374	1
1527766771.045877000	22.5155	238	1
1527766771.065105000	22.5347	67	0
1527766771.424126000	22.8938	269	0
1527766771.424248000	22.8939	128	0
1527766771.428071000	22.8977	86	1
1527766771.429612000	22.8993	72	0
1527766771.429682000	22.8993	247	0
1527766771.433077000	22.9027	83	1
1527766771.590582000	23.0602	370	1
1527766771.590645000	23.0603	239	1
1527766771.611391000	23.081	67	0
1527766771.945784000	23.4154	213	0
1527766771.945786000	23.4154	128	0
1527766771.949142000	23.4188	86	1
1527766771.950746000	23.4204	72	0
1527766771.950823000	23.4205	308	0
1527766771.954145000	23.4238	83	1
1527766772.151747000	23.6214	370	1
1527766772.151844000	23.6215	241	1
1527766772.171508000	23.6411	67	0
1527766772.517457000	23.9871	237	0
1527766772.517460000	23.9871	128	0
1527766772.521235000	23.9909	86	1
1527766772.523639000	23.9933	72	0
1527766772.524062000	23.9937	222	0
1527766772.527151000	23.9968	83	1
1527766772.622406000	24.092	415	1
1527766772.622457000	24.0921	237	1
1527766772.645878000	24.1155	67	0
1527766772.981207000	24.4508	215	0
1527766772.981213000	24.4509	128	0
1527766772.985269000	24.4549	86	1
1527766772.985826000	24.4555	72	0
1527766772.985828000	24.4555	159	0
1527766772.989251000	24.4589	83	1
1527766773.202548000	24.6722	372	1
1527766773.202610000	24.6723	236	1
1527766773.222630000	24.6923	67	0
1527766773.593649000	25.0633	240	0
1527766773.593652000	25.0633	128	0
1527766773.597303000	25.0669	86	1
1527766773.599560000	25.0692	72	0
1527766773.602592000	25.0722	118	0
1527766773.603265000	25.0729	83	1
1527766773.733744000	25.2034	373	1
1527766773.733820000	25.2035	240	1
1527766773.760478000	25.2301	67	0
1527766773.771627000	25.2413	67	0
1527766773.909742000	25.3794	236	0
1527766773.909745000	25.3794	128	0
1527766773.913342000	25.383	89	1
1527766773.913907000	25.3835	72	0
1527766773.914168000	25.3838	147	0
1527766773.917314000	25.387	83	1
1527766774.217228000	25.6869	700	1
1527766774.217285000	25.6869	242	1
1527766774.238079000	25.7077	67	0
1527766774.586647000	26.0563	306	0
1527766774.586649000	26.0563	128	0
1527766774.590360000	26.06	86	1
1527766774.593101000	26.0627	72	0
1527766774.593103000	26.0627	183	0
1527766774.597347000	26.067	83	1
1527766774.661688000	26.1313	371	1
1527766774.661747000	26.1314	237	1
1527766774.682847000	26.1525	67	0
1527766775.022613000	26.4923	289	0
1527766775.022615000	26.4923	128	0
1527766775.025407000	26.495	72	0
1527766775.025896000	26.4955	296	0
1527766775.026552000	26.4962	92	1
1527766775.703984000	27.1736	1060	1
1527766775.704047000	27.1737	238	1
1527766775.724986000	27.1946	67	0
1527766775.850730000	27.3204	236	0
1527766775.850830000	27.3205	128	0
1527766775.854220000	27.3239	86	1
1527766775.855679000	27.3253	72	0
1527766775.855773000	27.3254	81	0
1527766775.859138000	27.3288	83	1
1527766776.407499000	27.8771	509	1
1527766776.407594000	27.8772	237	1
1527766776.427385000	27.897	67	0
1527766776.642800000	28.1124	235	0
1527766776.642802000	28.1124	128	0
1527766776.646202000	28.1158	86	1
1527766776.654509000	28.1242	72	0
1527766776.654597000	28.1242	234	0
1527766776.658189000	28.1278	83	1
1527766776.829668000	28.2993	373	1
1527766776.829763000	28.2994	239	1
1527766776.860382000	28.33	67	0
1527766776.862978000	28.3326	67	0
1527766777.220479000	28.6901	237	0
1527766777.220482000	28.6901	128	0
1527766777.224309000	28.694	89	1
1527766777.225254000	28.6949	72	0
1527766777.225255000	28.6949	72	0
1527766777.229303000	28.6989	83	1
1527766777.303443000	28.7731	376	1
1527766777.303527000	28.7732	236	1
1527766777.323858000	28.7935	67	0
1527766777.458037000	28.9277	235	0
1527766777.458040000	28.9277	128	0
1527766777.462100000	28.9317	72	0
1527766777.462336000	28.932	89	1
1527766777.462613000	28.9323	90	0
1527766777.466288000	28.9359	80	1
1527766777.823738000	29.2934	369	1
1527766777.823803000	29.2934	239	1
1527766777.843347000	29.313	67	0
1527766778.210966000	29.6806	236	0
1527766778.210969000	29.6806	128	0
1527766778.214578000	29.6842	72	0
1527766778.215107000	29.6847	301	0
1527766778.215700000	29.6853	92	1
1527766778.305451000	29.7751	371	1
1527766778.305548000	29.7752	236	1
1527766778.326947000	29.7966	67	0
1527766778.673828000	30.1435	283	0
1527766778.673831000	30.1435	128	0
1527766778.677416000	30.1471	86	1
1527766778.679616000	30.1493	72	0
1527766778.680490000	30.1501	81	0
1527766778.683384000	30.153	83	1
1527766778.740487000	30.2101	374	1
1527766778.740604000	30.2102	243	1
1527766778.761850000	30.2315	67	0
1527766779.111041000	30.5807	245	0
1527766779.111381000	30.581	128	0
1527766779.115345000	30.585	86	1
1527766779.115624000	30.5853	72	0
1527766779.115924000	30.5856	144	0
1527766779.119338000	30.589	83	1
1527766779.240225000	30.7099	419	1
1527766779.240304000	30.7099	249	1
1527766779.260516000	30.7302	67	0
1527766779.619666000	31.0893	241	0
1527766779.619668000	31.0893	128	0
1527766779.623448000	31.0931	86	1
1527766779.624630000	31.0943	72	0
1527766779.624632000	31.0943	116	0
1527766779.628356000	31.098	83	1
1527766779.664553000	31.1342	373	1
1527766779.664649000	31.1343	239	1
1527766779.686589000	31.1562	67	0
1527766780.024604000	31.4942	213	0
1527766780.024715000	31.4944	128	0
1527766780.028410000	31.4981	86	1
1527766780.028840000	31.4985	72	0
1527766780.028925000	31.4986	255	0
1527766780.032421000	31.5021	83	1
1527766780.100662000	31.5703	371	1
1527766780.100756000	31.5704	239	1
1527766780.121201000	31.5908	67	0
1527766780.125353000	31.595	67	0
1527766780.471296000	31.9409	237	0
1527766780.471298000	31.9409	128	0
1527766780.475492000	31.9451	89	1
1527766780.476255000	31.9459	72	0
1527766780.476257000	31.9459	209	0
1527766780.480477000	31.9501	83	1
1527766780.520501000	31.9901	699	1
1527766780.520581000	31.9902	237	1
1527766780.558866000	32.0285	67	0
1527766780.571823000	32.0415	67	0
1527766780.905608000	32.3752	215	0
1527766780.909537000	32.3792	86	1
1527766780.910938000	32.3806	138	0
1527766780.914494000	32.3841	80	1
1527766780.920348000	32.39	225	0
1527766780.924505000	32.3941	80	1
1527766781.593093000	33.0627	374	1
1527766781.593188000	33.0628	240	1
1527766781.613557000	33.0832	67	0
1527766781.956051000	33.4257	260	0
1527766781.956055000	33.4257	128	0
1527766781.959496000	33.4291	86	1
1527766781.961103000	33.4307	72	0
1527766781.961179000	33.4308	315	0
1527766781.964481000	33.4341	83	1
1527766782.095457000	33.5651	1059	1
1527766782.095573000	33.5652	240	1
1527766782.116806000	33.5864	67	0
1527766782.452948000	33.9226	307	0
1527766782.452951000	33.9226	128	0
1527766782.456540000	33.9262	86	1
1527766782.458076000	33.9277	72	0
1527766782.459043000	33.9287	288	0
1527766782.461496000	33.9311	83	1
1527766782.559935000	34.0296	513	1
1527766782.560009000	34.0297	241	1
1527766782.585267000	34.0549	67	0
1527766782.588455000	34.0581	67	0
1527766782.932295000	34.4019	289	0
1527766782.932297000	34.4019	128	0
1527766782.936442000	34.4061	72	0
1527766782.936530000	34.4062	184	0
1527766782.936586000	34.4062	89	1
1527766782.940522000	34.4102	83	1
1527766783.300099000	34.7697	372	1
1527766783.300163000	34.7698	240	1
1527766783.321426000	34.7911	67	0
1527766783.325436000	34.7951	67	0
1527766783.454514000	34.9242	239	0
1527766783.454517000	34.9242	128	0
1527766783.458599000	34.9282	72	0
1527766783.458605000	34.9282	151	0
1527766783.458670000	34.9283	89	1
1527766783.462637000	34.9323	83	1
1527766783.599884000	35.0695	372	1
1527766783.599959000	35.0696	240	1
1527766783.619825000	35.0895	67	0
1527766783.623791000	35.0934	67	0
1527766783.746551000	35.2162	215	0
1527766783.746553000	35.2162	128	0
1527766783.750660000	35.2203	89	1
1527766783.751450000	35.2211	72	0
1527766783.751452000	35.2211	295	0
1527766783.755646000	35.2253	83	1
1527766784.690386000	36.16	375	1
1527766784.690448000	36.1601	242	1
1527766784.710635000	36.1803	67	0
1527766784.847031000	36.3167	260	0
1527766784.847034000	36.3167	128	0
1527766784.850698000	36.3203	86	1
1527766784.851919000	36.3216	72	0
1527766784.852002000	36.3216	278	0
1527766784.855640000	36.3253	83	1
1527766784.941159000	36.4108	374	1
1527766784.941223000	36.4109	239	1
1527766784.963572000	36.4332	67	0
1527766785.396962000	36.8666	238	0
1527766785.396964000	36.8666	128	0
1527766785.400637000	36.8703	72	0
1527766785.400717000	36.8704	86	1
1527766785.401112000	36.8708	162	0
1527766785.404708000	36.8743	83	1
1527766786.112539000	37.5822	375	1
1527766786.112640000	37.5823	238	1
1527766786.137631000	37.6073	67	0
1527766786.473298000	37.9429	261	0
1527766786.473301000	37.9429	128	0
1527766786.477214000	37.9469	86	1
1527766786.479092000	37.9487	72	0
1527766786.479502000	37.9491	90	0
1527766786.483206000	37.9528	83	1
1527766786.637492000	38.1071	417	1
1527766786.637588000	38.1072	238	1
1527766786.661726000	38.1314	67	0
1527766786.826914000	38.2966	261	0
1527766786.826918000	38.2966	128	0
1527766786.831239000	38.3009	86	1
1527766786.831652000	38.3013	72	0
1527766786.831732000	38.3014	110	0
1527766786.835224000	38.3049	83	1
1527766787.155445000	38.6251	371	1
1527766787.155522000	38.6252	242	1
1527766787.175292000	38.6449	67	0
1527766787.517244000	38.9869	269	0
1527766787.517247000	38.9869	128	0
1527766787.521297000	38.9909	86	1
1527766787.522206000	38.9918	72	0
1527766787.522208000	38.9918	183	0
1527766787.526194000	38.9958	83	1
1527766787.647972000	39.1176	374	1
1527766787.648051000	39.1177	243	1
1527766787.667470000	39.1371	67	0
1527766787.837820000	39.3075	213	0
1527766787.837823000	39.3075	128	0
1527766787.841315000	39.311	86	1
1527766787.842919000	39.3126	72	0
1527766787.843240000	39.3129	161	0
1527766787.846275000	39.3159	83	1
1527766788.058374000	39.528	695	1
1527766788.058452000	39.5281	239	1
1527766788.078419000	39.5481	67	0
1527766788.440119000	39.9098	240	0
1527766788.440121000	39.9098	128	0
1527766788.443811000	39.9135	72	0
1527766788.444228000	39.9139	92	0
1527766788.444297000	39.9139	89	1
1527766788.448252000	39.9179	80	1
1527766788.704951000	40.1746	372	1
1527766788.705032000	40.1747	238	1
1527766788.725243000	40.1949	67	0
1527766788.833839000	40.3035	215	0
1527766788.834070000	40.3037	128	0
1527766788.838143000	40.3078	72	0
1527766788.838145000	40.3078	310	0
1527766788.838434000	40.3081	92	1
1527766788.965517000	40.4352	1060	1
1527766788.965594000	40.4352	239	1
1527766788.986263000	40.4559	67	0
1527766788.990707000	40.4603	67	0
1527766789.331469000	40.8011	240	0
1527766789.331472000	40.8011	128	0
1527766789.335382000	40.805	89	1
1527766789.336791000	40.8064	72	0
1527766789.336793000	40.8064	163	0
1527766789.340289000	40.8099	83	1
1527766789.375501000	40.8451	514	1
1527766789.375576000	40.8452	237	1
1527766789.396177000	40.8658	67	0
1527766789.749532000	41.2192	236	0
1527766789.749934000	41.2196	128	0
1527766789.753404000	41.223	86	1
1527766789.754565000	41.2242	72	0
1527766789.755029000	41.2247	259	0
1527766789.758328000	41.228	83	1
1527766789.845527000	41.3152	370	1
1527766789.845624000	41.3153	239	1
1527766789.865972000	41.3356	67	0
1527766789.979645000	41.4493	286	0
1527766789.979648000	41.4493	128	0
1527766789.983419000	41.4531	86	1
1527766789.984108000	41.4537	72	0
1527766789.984832000	41.4545	272	0
1527766789.988420000	41.4581	83	1
1527766790.165245000	41.6349	373	1
1527766790.165320000	41.635	238	1
1527766790.185441000	41.6551	67	0
1527766790.560127000	42.0298	311	0
1527766790.560130000	42.0298	128	0
1527766790.560980000	42.0306	72	0
1527766790.562199000	42.0318	165	0
1527766790.564454000	42.0341	92	1
1527766790.580369000	42.05	311	0
1527766790.584424000	42.0541	80	1
1527766790.677331000	42.147	375	1
1527766790.677420000	42.1471	246	1
1527766790.697617000	42.1673	67	0
1527766790.812014000	42.2817	213	0
1527766790.812017000	42.2817	128	0
1527766790.815805000	42.2854	72	0
1527766790.815807000	42.2854	252	0
1527766790.816410000	42.2861	92	1
1527766791.199024000	42.6687	374	1
1527766791.199102000	42.6687	242	1
1527766791.218243000	42.6879	67	0
1527766791.557391000	43.027	237	0
1527766791.557397000	43.027	128	0
1527766791.561508000	43.0311	86	1
1527766791.563572000	43.0332	72	0
1527766791.564784000	43.0344	106	0
1527766791.567499000	43.0371	83	1
1527766791.576458000	43.0461	374	1
1527766791.576508000	43.0461	239	1
1527766791.597696000	43.0673	67	0
1527766791.968004000	43.4376	237	0
1527766791.968007000	43.4376	128	0
1527766791.971524000	43.4412	86	1
1527766791.977717000	43.4474	72	0
1527766791.977719000	43.4474	287	0
1527766791.981537000	43.4512	83	1
1527766792.697961000	44.1676	416	1
1527766792.698041000	44.1677	239	1
1527766792.718207000	44.1878	67	0
1527766792.723839000	44.1935	67	0
1527766792.850912000	44.3206	240	0
1527766792.850915000	44.3206	128	0
1527766792.852627000	44.3223	72	0
1527766792.852879000	44.3225	85	0
1527766792.854719000	44.3244	95	1
1527766793.895711000	45.3654	372	1
1527766793.895773000	45.3654	242	1
1527766793.915585000	45.3852	67	0
1527766794.032982000	45.5026	262	0
1527766794.033126000	45.5028	128	0
1527766794.036978000	45.5066	86	1
1527766794.037338000	45.507	72	0
1527766794.037421000	45.5071	299	0
1527766794.041016000	45.5107	83	1
1527766794.212350000	45.682	375	1
1527766794.212445000	45.6821	241	1
1527766794.233058000	45.7027	67	0
1527766794.462060000	45.9317	282	0
1527766794.463329000	45.933	128	0
1527766794.465349000	45.935	72	0
1527766794.465351000	45.935	282	0
1527766794.465964000	45.9356	92	1
1527766794.522352000	45.992	696	1
1527766794.522448000	45.9921	239	1
1527766794.550356000	46.02	67	0
1527766794.651435000	46.1211	245	0
1527766794.651437000	46.1211	128	0
1527766794.655070000	46.1247	86	1
1527766794.655954000	46.1256	72	0
1527766794.656801000	46.1264	178	0
1527766794.660071000	46.1297	83	1
1527766794.743252000	46.2129	370	1
1527766794.743321000	46.213	241	1
1527766794.765632000	46.2353	67	0
1527766794.770310000	46.24	67	0
1527766794.905649000	46.3753	215	0
1527766794.905652000	46.3753	128	0
1527766794.910084000	46.3797	89	1
1527766794.910632000	46.3803	72	0
1527766794.911041000	46.3807	313	0
1527766794.914085000	46.3837	83	1
1527766795.238300000	46.7079	1060	1
1527766795.238390000	46.708	237	1
1527766795.259064000	46.7287	67	0
1527766795.392517000	46.8622	238	0
1527766795.392520000	46.8622	128	0
1527766795.396118000	46.8658	86	1
1527766795.396824000	46.8665	72	0
1527766795.396825000	46.8665	77	0
1527766795.401105000	46.8707	83	1
1527766795.541664000	47.0113	510	1
1527766795.541756000	47.0114	239	1
1527766795.562556000	47.0322	67	0
1527766795.676960000	47.1466	213	0
1527766795.676962000	47.1466	128	0
1527766795.680086000	47.1497	72	0
1527766795.680492000	47.1501	116	0
1527766795.681067000	47.1507	92	1
1527766795.756444000	47.2261	371	1
1527766795.756540000	47.2262	239	1
1527766795.776632000	47.2463	67	0
1527766795.914622000	47.3843	216	0
1527766795.914623000	47.3843	128	0
1527766795.918153000	47.3878	86	1
1527766795.918962000	47.3886	72	0
1527766795.919430000	47.3891	303	0
1527766795.923042000	47.3927	83	1
1527766796.350462000	47.8201	373	1
1527766796.350524000	47.8202	242	1
1527766796.370402000	47.84	67	0
1527766796.486287000	47.9559	238	0
1527766796.486290000	47.9559	128	0
1527766796.490128000	47.9598	72	0
1527766796.490130000	47.9598	149	0
1527766796.490209000	47.9599	86	1
1527766796.494160000	47.9638	83	1
1527766796.633277000	48.1029	376	1
1527766796.633374000	48.103	237	1
1527766796.669558000	48.1392	67	0
1527766796.767122000	48.2368	306	0
1527766796.767216000	48.2369	128	0
1527766796.770091000	48.2397	72	0
1527766796.770098000	48.2397	248	0
1527766796.771124000	48.2408	92	1
1527766797.101552000	48.5712	371	1
1527766797.101612000	48.5713	239	1
1527766797.121326000	48.591	67	0
1527766797.240749000	48.7104	283	0
1527766797.240752000	48.7104	128	0
1527766797.245241000	48.7149	86	1
1527766797.245293000	48.7149	72	0
1527766797.245722000	48.7154	73	0
1527766797.249211000	48.7189	83	1
1527766797.407469000	48.8771	374	1
1527766797.407531000	48.8772	238	1
1527766797.428071000	48.8977	67	0
1527766797.538626000	49.0083	240	0
1527766797.538628000	49.0083	128	0
1527766797.542227000	49.0119	86	1
1527766797.543523000	49.0132	72	0
1527766797.543525000	49.0132	65	0
1527766797.547222000	49.0169	83	1
1527766797.791483000	49.2611	420	1
1527766797.791585000	49.2612	243	1
1527766797.812638000	49.2823	67	0
1527766797.941065000	49.4107	213	0
1527766797.941067000	49.4107	128	0
1527766797.945207000	49.4148	72	0
1527766797.945209000	49.4149	236	0
1527766797.945318000	49.415	86	1
1527766797.949248000	49.4189	83	1
1527766798.233617000	49.7033	371	1
1527766798.233701000	49.7033	237	1
1527766798.254174000	49.7238	67	0
1527766798.257878000	49.7275	67	0
1527766798.398251000	49.8679	260	0
1527766798.398254000	49.8679	128	0
1527766798.402240000	49.8719	72	0
1527766798.402342000	49.872	89	1
1527766798.403031000	49.8727	297	0
1527766798.406270000	49.8759	83	1
1527766798.513671000	49.9833	372	1
1527766798.513748000	49.9834	238	1
1527766798.541030000	50.0107	67	0
1527766798.647318000	50.117	216	0
1527766798.647435000	50.1171	128	0
1527766798.651246000	50.1209	86	1
1527766798.651548000	50.1212	72	0
1527766798.651918000	50.1216	287	0
1527766798.655248000	50.1249	83	1
1527766798.749120000	50.2188	700	1
1527766798.749207000	50.2188	240	1
1527766798.781128000	50.2508	67	0
1527766798.899498000	50.3691	213	0
1527766798.899500000	50.3691	128	0
1527766798.903319000	50.373	86	1
1527766798.904239000	50.3739	72	0
1527766798.904241000	50.3739	158	0
1527766798.908227000	50.3779	83	1
1527766799.256808000	50.7264	374	1
1527766799.256898000	50.7265	239	1
1527766799.277131000	50.7468	67	0
1527766799.403047000	50.8727	259	0
1527766799.403049000	50.8727	128	0
1527766799.407351000	50.877	86	1
1527766799.407985000	50.8776	72	0
1527766799.407987000	50.8776	221	0
1527766799.411340000	50.881	83	1
1527766801.095569000	52.5652	1059	1
1527766801.095648000	52.5653	237	1
1527766801.115906000	52.5855	67	0
1527766801.245862000	52.7155	284	0
1527766801.245864000	52.7155	128	0
1527766801.250042000	52.7197	86	1
1527766801.251297000	52.7209	72	0
1527766801.251299000	52.7209	314	0
1527766801.255028000	52.7247	83	1
1527766801.876249000	53.3459	510	1
1527766801.876319000	53.346	240	1
1527766801.896282000	53.3659	67	0
1527766802.035316000	53.505	268	0
1527766802.035452000	53.5051	128	0
1527766802.039094000	53.5087	86	1
1527766802.039650000	53.5093	72	0
1527766802.039745000	53.5094	199	0
1527766802.043074000	53.5127	83	1
1527766802.150520000	53.6202	370	1
1527766802.150618000	53.6203	238	1
1527766802.166984000	53.6366	80	0
1527766802.170849000	53.6405	67	0
1527766802.171068000	53.6407	83	1
1527766802.302243000	53.7719	235	0
1527766802.302245000	53.7719	128	0
1527766802.302348000	53.772	72	0
1527766802.302420000	53.7721	191	0
1527766802.306113000	53.7758	89	1
1527766802.336542000	53.8062	235	0
1527766802.340081000	53.8097	80	1
1527766802.731545000	54.2012	370	1
1527766802.731630000	54.2013	238	1
1527766802.750986000	54.2206	67	0
1527766802.886323000	54.356	216	0
1527766802.886331000	54.356	128	0
1527766802.890145000	54.3598	86	1
1527766802.890845000	54.3605	72	0
1527766802.890846000	54.3605	235	0
1527766802.894130000	54.3638	83	1
1527766803.059186000	54.5288	376	1
1527766803.059252000	54.5289	237	1
1527766803.079094000	54.5487	67	0
1527766803.191038000	54.6607	215	0
1527766803.191040000	54.6607	128	0
1527766803.195167000	54.6648	86	1
1527766803.195183000	54.6648	72	0
1527766803.195662000	54.6653	203	0
1527766803.199161000	54.6688	83	1
1527766803.411748000	54.8814	372	1
1527766803.411842000	54.8815	240	1
1527766803.432079000	54.9017	67	0
1527766803.558458000	55.0281	238	0
1527766803.558756000	55.0284	128	0
1527766803.562171000	55.0318	86	1
1527766803.564126000	55.0338	72	0
1527766803.564133000	55.0338	141	0
1527766803.568095000	55.0377	83	1
1527766803.840358000	55.31	374	1
1527766803.840434000	55.3101	238	1
1527766803.860432000	55.3301	67	0
1527766804.198304000	55.6679	308	0
1527766804.198306000	55.6679	128	0
1527766804.201729000	55.6714	72	0
1527766804.202221000	55.6719	89	1
1527766804.202236000	55.6719	180	0
1527766804.206194000	55.6758	80	1
1527766804.662562000	56.1322	416	1
1527766804.662657000	56.1323	238	1
1527766804.682922000	56.1526	67	0
1527766804.822586000	56.2922	309	0
1527766804.822588000	56.2922	128	0
1527766804.826246000	56.2959	86	1
1527766804.827783000	56.2974	72	0
1527766804.828634000	56.2983	177	0
1527766804.831242000	56.3009	83	1
1527766805.622835000	57.0925	371	1
1527766805.622898000	57.0925	238	1
1527766805.643636000	57.1133	67	0
1527766806.086881000	57.5565	242	0
1527766806.086883000	57.5565	128	0
1527766806.091319000	57.561	86	1
1527766806.091855000	57.5615	72	0
1527766806.091857000	57.5615	101	0
1527766806.095307000	57.5649	83	1
1527766806.121240000	57.5909	372	1
1527766806.121325000	57.591	239	1
1527766806.146791000	57.6164	67	0
1527766806.282410000	57.7521	238	0
1527766806.282523000	57.7522	128	0
1527766806.286320000	57.756	86	1
1527766806.287054000	57.7567	72	0
1527766806.287147000	57.7568	260	0
1527766806.291353000	57.761	83	1
1527766806.472399000	57.942	371	1
1527766806.472466000	57.9421	237	1
1527766806.495219000	57.9649	67	0
1527766806.609346000	58.079	237	0
1527766806.609459000	58.0791	128	0
1527766806.613309000	58.083	86	1
1527766806.618939000	58.0886	72	0
1527766806.618940000	58.0886	101	0
1527766806.622273000	58.0919	83	1
1527766806.912794000	58.3824	697	1
1527766806.912857000	58.3825	238	1
1527766806.934096000	58.4037	67	0
1527766807.055825000	58.5255	215	0
1527766807.055828000	58.5255	128	0
1527766807.059367000	58.529	86	1
1527766807.060651000	58.5303	72	0
1527766807.060742000	58.5304	310	0
1527766807.064334000	58.534	83	1
1527766807.272877000	58.7425	376	1
1527766807.272970000	58.7426	241	1
1527766807.293341000	58.763	67	0
1527766807.412180000	58.8818	236	0
1527766807.412183000	58.8818	128	0
1527766807.416396000	58.886	86	1
1527766807.416686000	58.8863	72	0
1527766807.416779000	58.8864	139	0
1527766807.420379000	58.89	83	1
1527766807.634776000	59.1044	1058	1
1527766807.634871000	59.1045	241	1
1527766807.655526000	59.1252	67	0
1527766807.998651000	59.4683	235	0
1527766807.998654000	59.4683	128	0
1527766808.002431000	59.4721	86	1
1527766808.003845000	59.4735	72	0
1527766808.004290000	59.4739	304	0
1527766808.007414000	59.4771	83	1
1527766808.063523000	59.5332	511	1
1527766808.063611000	59.5333	239	1
1527766808.082914000	59.5526	67	0
1527766808.439839000	59.9095	284	0
1527766808.439842000	59.9095	128	0
1527766808.442967000	59.9126	72	0
1527766808.443358000	59.913	76	0
1527766808.443431000	59.9131	89	1
1527766808.447417000	59.9171	80	1
1527766808.619850000	60.0895	372	1
1527766808.619914000	60.0896	238	1
1527766808.639964000	60.1096	67	0
1527766808.758248000	60.2279	247	0
1527766808.758251000	60.2279	128	0
1527766808.762422000	60.2321	72	0
1527766808.762528000	60.2322	86	1
1527766808.762544000	60.2322	145	0
1527766808.766472000	60.2361	83	1
1527766809.091775000	60.5614	372	1
1527766809.091839000	60.5615	238	1
1527766809.111466000	60.5811	67	0
1527766809.287399000	60.757	236	0
1527766809.287400000	60.757	128	0
1527766809.291442000	60.7611	86	1
1527766809.292011000	60.7617	72	0
1527766809.292488000	60.7621	296	0
1527766809.295414000	60.7651	83	1
1527766809.592202000	61.0618	375	1
1527766809.592258000	61.0619	242	1
1527766809.613051000	61.0827	67	0
1527766809.747580000	61.2172	213	0
1527766809.747582000	61.2172	128	0
1527766809.751529000	61.2212	86	1
1527766809.752627000	61.2223	72	0
1527766809.752726000	61.2224	183	0
1527766809.756513000	61.2262	83	1
1527766809.970809000	61.4405	370	1
1527766809.970873000	61.4405	239	1
1527766809.992335000	61.462	67	0
1527766809.998518000	61.4682	67	0
1527766810.358903000	61.8285	236	0
1527766810.358905000	61.8285	128	0
1527766810.362563000	61.8322	89	1
1527766810.363107000	61.8327	72	0
1527766810.363523000	61.8332	287	0
1527766810.366558000	61.8362	83	1
1527766811.043918000	62.5136	420	1
1527766811.043981000	62.5136	237	1
1527766811.063652000	62.5333	67	0
1527766811.227917000	62.6976	212	0
1527766811.227919000	62.6976	128	0
1527766811.231614000	62.7013	86	1
1527766811.232908000	62.7025	72	0
1527766811.232910000	62.7026	194	0
1527766811.236597000	62.7062	83	1
1527766811.683232000	63.1529	370	1
1527766811.683320000	63.153	237	1
1527766811.702693000	63.1723	67	0
1527766811.815309000	63.285	329	0
1527766811.815312000	63.285	128	0
1527766811.819693000	63.2893	86	1
1527766811.820406000	63.29	72	0
1527766811.821686000	63.2913	320	0
1527766811.824605000	63.2942	83	1
1527766812.012786000	63.4824	371	1
1527766812.012883000	63.4825	237	1
1527766812.033953000	63.5036	67	0
1527766812.371065000	63.8407	308	0
1527766812.371068000	63.8407	128	0
1527766812.374681000	63.8443	86	1
1527766812.376207000	63.8458	72	0
1527766812.376209000	63.8459	293	0
1527766812.379684000	63.8493	83	1
1527766812.502999000	63.9726	372	1
1527766812.503080000	63.9727	239	1
1527766812.528444000	63.9981	67	0
1527766812.635720000	64.1054	217	0
1527766812.635723000	64.1054	128	0
1527766812.639688000	64.1093	86	1
1527766812.640852000	64.1105	72	0
1527766812.640854000	64.1105	229	0
1527766812.644667000	64.1143	83	1
1527766812.864317000	64.334	696	1
1527766812.864392000	64.334	241	1
1527766812.886434000	64.3561	67	0
1527766813.241532000	64.7112	215	0
1527766813.241902000	64.7115	128	0
1527766813.245658000	64.7153	86	1
1527766813.246468000	64.7161	72	0
1527766813.247083000	64.7167	76	0
1527766813.249645000	64.7193	83	1
1527766813.452813000	64.9225	372	1
1527766813.452902000	64.9225	237	1
1527766813.472329000	64.942	67	0
1527766813.663972000	65.1336	258	0
1527766813.664066000	65.1337	128	0
1527766813.667694000	65.1373	86	1
1527766813.668561000	65.1382	72	0
1527766813.668563000	65.1382	131	0
1527766813.672693000	65.1423	83	1
1527766817.436133000	68.9058	352	1
1527766817.436224000	68.9059	1392	1
1527766817.436251000	68.9059	1392	1
1527766817.436291000	68.9059	1392	1
1527766817.436318000	68.906	332	1
1527766817.457817000	68.9275	67	0
1527766817.564723000	69.0344	391	0
1527766817.568700000	69.0383	83	1
1527766817.572584000	69.0422	60	0
1527766817.576712000	69.0464	80	1
1527766817.921239000	69.3909	1060	1
1527766817.921332000	69.391	238	1
1527766817.941931000	69.4116	67	0
1527766818.067320000	69.537	238	0
1527766818.067323000	69.537	128	0
1527766818.070778000	69.5404	86	1
1527766818.073085000	69.5427	72	0
1527766818.073087000	69.5427	212	0
1527766818.076737000	69.5464	83	1
1527766818.189939000	69.6596	510	1
1527766818.190030000	69.6597	242	1
1527766818.212690000	69.6823	67	0
1527766818.554552000	70.0242	284	0
1527766818.554554000	70.0242	128	0
1527766818.558795000	70.0284	86	1
1527766818.559186000	70.0288	72	0
1527766818.559188000	70.0288	184	0
1527766818.562750000	70.0324	83	1
1527766818.640884000	70.1105	376	1
1527766818.640972000	70.1106	244	1
1527766818.661313000	70.131	67	0
1527766818.799978000	70.2696	247	0
1527766818.800101000	70.2697	128	0
1527766818.803779000	70.2734	86	1
1527766818.804440000	70.2741	72	0
1527766818.805016000	70.2747	264	0
1527766818.807993000	70.2776	83	1
1527766818.930153000	70.3998	376	1
1527766818.930242000	70.3999	243	1
1527766818.951540000	70.4212	67	0
1527766819.297818000	70.7675	235	0
1527766819.297820000	70.7675	128	0
1527766819.301858000	70.7715	86	1
1527766819.304462000	70.7741	72	0
1527766819.304464000	70.7741	293	0
1527766819.307845000	70.7775	83	1
1527766819.339799000	70.8094	373	1
1527766819.339877000	70.8095	242	1
1527766819.361099000	70.8307	67	0
1527766819.514916000	70.9846	215	0
1527766819.514919000	70.9846	128	0
1527766819.515018000	70.9847	72	0
1527766819.515020000	70.9847	274	0
1527766819.518872000	70.9885	92	1
1527766819.760423000	71.2301	417	1
1527766819.760526000	71.2302	244	1
1527766819.780723000	71.2504	67	0
1527766820.134052000	71.6037	215	0
1527766820.134055000	71.6037	128	0
1527766820.137908000	71.6075	86	1
1527766820.138056000	71.6077	72	0
1527766820.138505000	71.6081	67	0
1527766820.141888000	71.6115	83	1
1527766820.238939000	71.7086	375	1
1527766820.238991000	71.7086	241	1
1527766820.260105000	71.7297	67	0
1527766820.436679000	71.9063	287	1
1527766820.436790000	71.9064	1392	1
1527766820.436830000	71.9065	1392	1
1527766820.436862000	71.9065	1392	1
1527766820.436899000	71.9065	1392	1
1527766820.436935000	71.9066	1392	1
1527766820.436979000	71.9066	1392	1
1527766820.437013000	71.9067	1392	1
1527766820.437051000	71.9067	1392	1
1527766820.437099000	71.9067	1392	1
1527766820.437138000	71.9068	1392	1
1527766820.437172000	71.9068	1392	1
1527766820.437214000	71.9069	1392	1
1527766820.437262000	71.9069	1392	1
1527766820.437283000	71.9069	138	1
1527766820.455872000	71.9255	67	0
1527766820.461872000	71.9315	67	0
1527766820.467449000	71.9371	67	0
1527766820.613027000	72.0827	376	0
1527766820.614690000	72.0843	60	0
1527766820.616868000	72.0865	95	1
1527766820.621858000	72.0915	308	0
1527766820.621945000	72.0916	128	0
1527766820.625837000	72.0955	83	1
1527766820.626469000	72.0961	72	0
1527766820.626540000	72.0962	116	0
1527766820.629845000	72.0995	83	1
1527766820.679340000	72.149	371	1
1527766820.679403000	72.149	244	1
1527766820.699209000	72.1689	67	0
1527766821.036869000	72.5065	289	0
1527766821.036871000	72.5065	128	0
1527766821.040976000	72.5106	86	1
1527766821.043633000	72.5133	72	0
1527766821.043636000	72.5133	160	0
1527766821.047946000	72.5176	83	1
1527766821.099300000	72.5689	697	1
1527766821.099387000	72.569	244	1
1527766821.120314000	72.59	67	0
1527766821.281418000	72.7511	236	0
1527766821.281420000	72.7511	128	0
1527766821.284973000	72.7546	86	1
1527766821.285917000	72.7556	72	0
1527766821.286393000	72.756	123	0
1527766821.289960000	72.7596	83	1
1527766821.398090000	72.8677	374	1
1527766821.398144000	72.8678	239	1
1527766821.419487000	72.8891	67	0
1527766821.753430000	73.2231	237	0
1527766821.753762000	73.2234	128	0
1527766821.756981000	73.2266	86	1
1527766821.758458000	73.2281	72	0
1527766821.758552000	73.2282	304	0
1527766821.761929000	73.2316	83	1
1527766821.880416000	73.3501	371	1
1527766821.880495000	73.3501	244	1
1527766821.903063000	73.3727	67	0
1527766822.240534000	73.7102	212	0
1527766822.240536000	73.7102	128	0
1527766822.243967000	73.7136	86	1
1527766822.247721000	73.7174	72	0
1527766822.247722000	73.7174	195	0
1527766822.250953000	73.7206	83	1
1527766823.079916000	74.5496	1061	1
1527766823.079998000	74.5496	240	1
1527766823.100240000	74.5699	67	0
1527766823.462006000	74.9316	236	0
1527766823.462008000	74.9316	128	0
1527766823.465691000	74.9353	86	1
1527766823.466635000	74.9363	72	0
1527766823.466637000	74.9363	220	0
1527766823.470691000	74.9403	83	1
1527766823.500769000	74.9704	508	1
1527766823.500828000	74.9705	243	1
1527766823.518608000	74.9883	80	0
1527766823.522665000	74.9923	80	1
1527766823.869498000	75.3391	215	0
1527766823.869617000	75.3393	128	0
1527766823.873590000	75.3432	72	0
1527766823.873706000	75.3433	83	1
1527766823.874066000	75.3437	310	0
1527766823.877679000	75.3473	83	1
1527766824.071294000	75.5409	372	1
1527766824.071358000	75.541	242	1
1527766824.090917000	75.5606	67	0
1527766824.096567000	75.5662	67	0
1527766824.210037000	75.6797	235	0
1527766824.210040000	75.6797	128	0
1527766824.213688000	75.6833	89	1
1527766824.215215000	75.6849	72	0
1527766824.215965000	75.6856	279	0
1527766824.218671000	75.6883	83	1
1527766824.434847000	75.9045	370	1
1527766824.434911000	75.9046	239	1
1527766824.460056000	75.9297	67	0
1527766824.806498000	76.2761	281	0
1527766824.806500000	76.2761	128	0
1527766824.810714000	76.2804	86	1
1527766824.811377000	76.281	72	0
1527766824.811378000	76.281	307	0
1527766824.814703000	76.2843	83	1
1527766827.630309000	79.1	370	1
1527766827.630382000	79.1	242	1
1527766827.651019000	79.1207	67	0
1527766827.655172000	79.1248	67	0
1527766827.778215000	79.2479	268	0
1527766827.778475000	79.2481	128	0
1527766827.782520000	79.2522	89	1
1527766827.783867000	79.2535	72	0
1527766827.784280000	79.2539	76	0
1527766827.787503000	79.2571	83	1
1527766828.870253000	80.3399	371	1
1527766828.870345000	80.34	241	1
1527766828.891265000	80.3609	67	0
1527766829.038694000	80.5083	236	0
1527766829.038805000	80.5084	128	0
1527766829.042573000	80.5122	72	0
1527766829.042609000	80.5123	86	1
1527766829.042672000	80.5123	217	0
1527766829.046604000	80.5162	83	1
1527766829.122092000	80.5917	416	1
1527766829.122180000	80.5918	241	1
1527766829.142550000	80.6122	67	0
1527766829.252796000	80.7224	235	0
1527766829.252799000	80.7224	128	0
1527766829.256598000	80.7262	86	1
1527766829.257722000	80.7274	72	0
1527766829.258224000	80.7279	228	0
1527766829.261601000	80.7312	83	1
1527766829.681203000	81.1508	369	1
1527766829.681297000	81.1509	240	1
1527766829.700638000	81.1703	67	0
1527766829.820845000	81.2905	213	0
1527766829.820848000	81.2905	128	0
1527766829.824637000	81.2943	86	1
1527766829.825037000	81.2947	72	0
1527766829.825317000	81.295	66	0
1527766829.828621000	81.2983	83	1
1527766829.941199000	81.4108	370	1
1527766829.941292000	81.4109	240	1
1527766829.960850000	81.4305	67	0
1527766830.301393000	81.771	236	0
1527766830.301396000	81.771	128	0
1527766830.304918000	81.7746	72	0
1527766830.304921000	81.7746	77	0
1527766830.305593000	81.7752	92	1
1527766830.379659000	81.8493	375	1
1527766830.379732000	81.8494	241	1
1527766830.417734000	81.8874	375	1
1527766830.427735000	81.8974	67	0
1527766830.481303000	81.9509	67	0
1527766830.523972000	81.9936	306	0
1527766830.524085000	81.9937	128	0
1527766830.527243000	81.9969	72	0
1527766830.527317000	81.997	155	0
1527766830.527706000	81.9973	95	1
1527766830.599750000	82.0694	700	1
1527766830.599811000	82.0695	243	1
1527766830.619869000	82.0895	67	0
1527766830.752460000	82.2221	289	0
1527766830.753168000	82.2228	128	0
1527766830.756688000	82.2263	86	1
1527766830.757985000	82.2276	72	0
1527766830.757987000	82.2276	284	0
1527766830.761684000	82.2313	83	1
1527766830.840632000	82.3103	374	1
1527766830.840691000	82.3103	239	1
1527766830.860806000	82.3304	67	0
1527766830.982826000	82.4525	213	0
1527766830.982937000	82.4526	128	0
1527766830.986646000	82.4563	86	1
1527766830.988216000	82.4579	72	0
1527766830.988309000	82.458	138	0
1527766830.991626000	82.4613	83	1
1527766831.060013000	82.5297	383	1
1527766831.060077000	82.5297	243	1
1527766831.079567000	82.5492	67	0
1527766831.196805000	82.6664	215	0
1527766831.196807000	82.6664	128	0
1527766831.200689000	82.6703	86	1
1527766831.201090000	82.6707	72	0
1527766831.201587000	82.6712	273	0
1527766831.204672000	82.6743	83	1
1527766831.272144000	82.7418	1048	1
1527766831.272206000	82.7418	239	1
1527766831.293904000	82.7635	67	0
1527766831.431558000	82.9012	260	0
1527766831.431560000	82.9012	128	0
1527766831.435428000	82.9051	72	0
1527766831.435655000	82.9053	89	1
1527766831.435938000	82.9056	304	0
1527766831.439716000	82.9094	80	1
1527766831.559970000	83.0296	513	1
1527766831.560074000	83.0297	240	1
1527766831.580912000	83.0506	67	0
1527766831.690660000	83.1603	215	0
1527766831.690663000	83.1603	128	0
1527766831.694362000	83.164	72	0
1527766831.694364000	83.164	227	0
1527766831.694659000	83.1643	92	1
1527766831.810099000	83.2797	375	1
1527766831.810179000	83.2798	242	1
1527766831.830399000	83.3	67	0
1527766831.962371000	83.432	216	0
1527766831.962373000	83.432	128	0
1527766831.966697000	83.4363	86	1
1527766831.966976000	83.4366	72	0
1527766831.967317000	83.437	275	0
1527766831.970731000	83.4404	83	1
1527766832.050197000	83.5198	373	1
1527766832.050280000	83.5199	240	1
1527766832.070214000	83.5399	67	0
1527766832.415183000	83.8848	238	0
1527766832.415185000	83.8848	128	0
1527766832.418733000	83.8884	86	1
1527766832.426972000	83.8966	72	0
1527766832.427719000	83.8974	299	0
1527766832.430750000	83.9004	83	1
1527766832.451277000	83.9209	72	0
1527766832.454709000	83.9244	80	1
1527766832.850096000	84.3197	372	1
1527766832.850190000	84.3198	240	1
1527766832.870600000	84.3402	67	0
1527766833.001029000	84.4707	238	0
1527766833.001031000	84.4707	128	0
1527766833.004779000	84.4744	86	1
1527766833.005316000	84.475	72	0
1527766833.005677000	84.4753	91	0
1527766833.008764000	84.4784	83	1
1527766833.260230000	84.7299	417	1
1527766833.260324000	84.73	241	1
1527766833.280265000	84.7499	67	0
1527766833.399099000	84.8687	282	0
1527766833.399425000	84.8691	128	0
1527766833.402783000	84.8724	86	1
1527766833.403810000	84.8735	72	0
1527766833.404235000	84.8739	71	0
1527766833.407828000	84.8775	83	1
1527766833.499809000	84.9695	370	1
1527766833.499870000	84.9695	239	1
1527766833.520790000	84.9904	67	0
1527766833.526153000	84.9958	67	0
1527766833.862657000	85.3323	245	0
1527766833.862660000	85.3323	128	0
1527766833.866432000	85.3361	72	0
1527766833.866813000	85.3365	92	1
1527766833.867156000	85.3368	239	0
1527766833.870855000	85.3405	80	1
1527766833.929901000	85.3995	371	1
1527766833.929986000	85.3996	242	1
1527766833.950926000	85.4206	67	0
1527766833.955819000	85.4255	67	0
1527766834.291355000	85.761	239	0
1527766834.291636000	85.7613	128	0
1527766834.294822000	85.7645	89	1
1527766834.295116000	85.7648	72	0
1527766834.295498000	85.7651	83	0
1527766834.298821000	85.7685	83	1
1527766834.390187000	85.8598	372	1
1527766834.390251000	85.8599	240	1
1527766834.410572000	85.8802	67	0
1527766834.543225000	86.0129	212	0
1527766834.543228000	86.0129	128	0
1527766834.546844000	86.0165	86	1
1527766834.547837000	86.0175	72	0
1527766834.547917000	86.0176	182	0
1527766834.551824000	86.0215	83	1
1527766834.632171000	86.1018	370	1
1527766834.632264000	86.1019	239	1
1527766834.667309000	86.137	67	0
1527766834.775452000	86.2451	215	0
1527766834.775455000	86.2451	128	0
1527766834.778848000	86.2485	86	1
1527766834.780447000	86.2501	72	0
1527766834.780540000	86.2502	180	0
1527766834.783876000	86.2535	83	1
1527766834.988079000	86.4577	700	1
1527766834.988179000	86.4578	244	1
1527766835.007512000	86.4772	67	0
1527766835.123500000	86.5931	216	0
1527766835.123504000	86.5931	128	0
1527766835.127585000	86.5972	72	0
1527766835.127587000	86.5972	250	0
1527766835.127926000	86.5976	92	1
1527766835.315618000	86.7853	373	1
1527766835.315707000	86.7853	242	1
1527766835.335927000	86.8056	67	0
1527766835.449545000	86.9192	329	0
1527766835.449548000	86.9192	128	0
1527766835.453963000	86.9236	86	1
1527766835.453996000	86.9236	72	0
1527766835.454314000	86.924	316	0
1527766835.457943000	86.9276	83	1
1527766835.784144000	87.2538	1061	1
1527766835.784232000	87.2539	239	1
1527766835.805220000	87.2749	67	0
1527766836.166884000	87.6365	287	0
1527766836.166887000	87.6365	128	0
1527766836.170995000	87.6406	86	1
1527766836.171609000	87.6413	72	0
1527766836.171610000	87.6413	200	0
1527766836.174982000	87.6446	83	1
1527766836.460015000	87.9297	491	1
1527766836.460102000	87.9297	1392	1
1527766836.460130000	87.9298	1392	1
1527766836.460177000	87.9298	1392	1
1527766836.460215000	87.9299	1365	1
1527766836.479132000	87.9488	67	0
1527766836.483725000	87.9534	67	0
1527766836.587520000	88.0572	393	0
1527766836.594424000	88.0641	86	1
1527766836.605231000	88.0749	60	0
1527766836.610018000	88.0797	80	1
1527766836.940326000	88.41	371	1
1527766836.940406000	88.41	239	1
1527766836.960915000	88.4306	67	0
1527766837.095864000	88.5655	237	0
1527766837.095867000	88.5655	128	0
1527766837.095985000	88.5656	72	0
1527766837.095987000	88.5656	269	0
1527766837.100050000	88.5697	92	1
1527766837.386098000	88.8557	371	1
1527766837.386182000	88.8558	239	1
1527766837.406865000	88.8765	67	0
1527766837.519627000	88.9893	238	0
1527766837.519630000	88.9893	128	0
1527766837.523056000	88.9927	86	1
1527766837.523390000	88.993	72	0
1527766837.523482000	88.9931	278	0
1527766837.527050000	88.9967	83	1
1527766837.786778000	89.2564	375	1
1527766837.786838000	89.2565	240	1
1527766837.808032000	89.2777	67	0
1527766838.172689000	89.6423	215	0
1527766838.172692000	89.6423	128	0
1527766838.177054000	89.6467	72	0
1527766838.177056000	89.6467	103	0
1527766838.177170000	89.6468	86	1
1527766838.181039000	89.6507	83	1
1527766838.226536000	89.6962	417	1
1527766838.226600000	89.6962	244	1
1527766838.246909000	89.7166	67	0
1527766838.357260000	89.8269	236	0
1527766838.357263000	89.8269	128	0
1527766838.360480000	89.8301	72	0
1527766838.360938000	89.8306	222	0
1527766838.361065000	89.8307	89	1
1527766838.365102000	89.8347	80	1
1527766838.553374000	90.023	375	1
1527766838.553472000	90.0231	241	1
1527766838.573685000	90.0433	67	0
1527766838.710656000	90.1803	235	0
1527766838.710659000	90.1803	128	0
1527766838.714312000	90.184	72	0
1527766838.714642000	90.1843	153	0
1527766838.715170000	90.1848	92	1
1527766838.897903000	90.3675	370	1
1527766838.897991000	90.3676	241	1
1527766838.917741000	90.3874	67	0
1527766839.040736000	90.5104	261	0
1527766839.040738000	90.5104	128	0
1527766839.045145000	90.5148	86	1
1527766839.046068000	90.5157	72	0
1527766839.046484000	90.5161	96	0
1527766839.050135000	90.5198	83	1
1527766839.337299000	90.8069	372	1
1527766839.337372000	90.807	239	1
1527766839.358157000	90.8278	67	0
1527766839.483708000	90.9533	270	0
1527766839.483710000	90.9534	128	0
1527766839.487115000	90.9568	86	1
1527766839.488687000	90.9583	72	0
1527766839.488689000	90.9583	170	0
1527766839.492097000	90.9617	83	1
1527766839.956751000	91.4264	372	1
1527766839.956814000	91.4265	240	1
1527766839.977283000	91.4469	67	0
1527766840.098610000	91.5683	213	0
1527766840.098612000	91.5683	128	0
1527766840.102206000	91.5718	86	1
1527766840.102691000	91.5723	72	0
1527766840.102782000	91.5724	266	0
1527766840.106193000	91.5758	83	1
1527766840.449344000	91.919	696	1
1527766840.449432000	91.9191	240	1
1527766840.480148000	91.9498	67	0
1527766840.593135000	92.0628	238	0
1527766840.593137000	92.0628	128	0
1527766840.596855000	92.0665	72	0
1527766840.596857000	92.0665	143	0
1527766840.597161000	92.0668	92	1
1527766840.671435000	92.1411	371	1
1527766840.671534000	92.1412	239	1
1527766840.691984000	92.1616	67	0
1527766840.801511000	92.2712	213	0
1527766840.801514000	92.2712	128	0
1527766840.805258000	92.2749	86	1
1527766840.805583000	92.2752	72	0
1527766840.805993000	92.2756	76	0
1527766840.809237000	92.2789	83	1
1527766840.891293000	92.3609	1063	1
1527766840.891355000	92.361	242	1
1527766840.912197000	92.3818	67	0
1527766841.035835000	92.5055	236	0
1527766841.035838000	92.5055	128	0
1527766841.039256000	92.5089	86	1
1527766841.039837000	92.5095	72	0
1527766841.039986000	92.5096	234	0
1527766841.043247000	92.5129	83	1
1527766841.290527000	92.7602	511	1
1527766841.290622000	92.7603	239	1
1527766841.309998000	92.7796	67	0
1527766841.437644000	92.9073	308	0
1527766841.437646000	92.9073	128	0
1527766841.441292000	92.9109	86	1
1527766841.442382000	92.912	72	0
1527766841.442383000	92.912	173	0
1527766841.446299000	92.9159	83	1
1527766841.511393000	92.981	371	1
1527766841.511483000	92.9811	241	1
1527766841.532692000	93.0023	67	0
1527766841.639644000	93.1093	291	0
1527766841.639646000	93.1093	128	0
1527766841.643308000	93.1129	86	1
1527766841.643517000	93.1132	72	0
1527766841.643519000	93.1132	136	0
1527766841.647292000	93.1169	83	1
1527766841.901597000	93.3712	373	1
1527766841.901661000	93.3713	240	1
1527766841.924325000	93.394	67	0
1527766842.045546000	93.5152	212	0
1527766842.045622000	93.5153	128	0
1527766842.049318000	93.519	86	1
1527766842.049636000	93.5193	72	0
1527766842.050073000	93.5197	255	0
1527766842.053262000	93.5229	83	1
1527766842.312778000	93.7824	374	1
1527766842.312861000	93.7825	243	1
1527766842.332461000	93.8021	67	0
1527766842.452165000	93.9218	235	0
1527766842.452167000	93.9218	128	0
1527766842.453639000	93.9233	72	0
1527766842.453640000	93.9233	281	0
1527766842.456347000	93.926	92	1
1527766842.741522000	94.2112	417	1
1527766842.741583000	94.2112	240	1
1527766842.762028000	94.2317	67	0
1527766842.884966000	94.3546	237	0
1527766842.884970000	94.3546	128	0
1527766842.888632000	94.3583	72	0
1527766842.888634000	94.3583	192	0
1527766842.889279000	94.3589	92	1
1527766843.061560000	94.5312	371	1
1527766843.061651000	94.5313	239	1
1527766843.081686000	94.5513	67	0
1527766843.212720000	94.6824	212	0
1527766843.212820000	94.6825	128	0
1527766843.216379000	94.686	86	1
1527766843.216408000	94.686	72	0
1527766843.216490000	94.6861	156	0
1527766843.220368000	94.69	83	1
1527766844.072915000	95.5426	370	1
1527766844.072978000	95.5426	240	1
1527766844.094233000	95.5639	67	0
1527766844.204753000	95.6744	239	0
1527766844.204756000	95.6744	128	0
1527766844.207980000	95.6776	72	0
1527766844.207982000	95.6776	275	0
1527766844.208543000	95.6782	92	1
1527766844.294780000	95.7644	372	1
1527766844.294843000	95.7645	243	1
1527766844.314639000	95.7843	67	0
1527766844.444940000	95.9146	236	0
1527766844.444942000	95.9146	128	0
1527766844.447593000	95.9172	72	0
1527766844.448386000	95.918	89	1
1527766844.454020000	95.9237	159	0
1527766844.457474000	95.9271	80	1
1527766844.554619000	96.0243	370	1
1527766844.554712000	96.0244	240	1
1527766844.574546000	96.0442	67	0
1527766844.686217000	96.1559	238	0
1527766844.686220000	96.1559	128	0
1527766844.690475000	96.1601	86	1
1527766844.691294000	96.1609	72	0
1527766844.691661000	96.1613	164	0
1527766844.695480000	96.1651	83	1
1527766845.437380000	96.907	696	1
1527766845.437473000	96.9071	240	1
1527766845.458199000	96.9278	67	0
1527766845.568131000	97.0378	285	0
1527766845.568134000	97.0378	128	0
1527766845.572527000	97.0422	86	1
1527766845.572611000	97.0423	72	0
1527766845.572705000	97.0423	101	0
1527766845.576513000	97.0462	83	1
1527766845.724701000	97.1943	372	1
1527766845.724784000	97.1944	239	1
1527766845.745884000	97.2155	67	0
1527766845.875419000	97.3451	248	0
1527766845.875535000	97.3452	128	0
1527766845.880234000	97.3499	72	0
1527766845.880320000	97.35	91	0
1527766845.882053000	97.3517	86	1
1527766845.885504000	97.3551	83	1
1527766846.135999000	97.6056	1061	1
1527766846.136094000	97.6057	246	1
1527766846.156190000	97.6258	67	0
1527766846.161085000	97.6307	67	0
1527766846.260584000	97.7302	238	0
1527766846.260587000	97.7302	128	0
1527766846.264520000	97.7342	89	1
1527766846.265122000	97.7348	72	0
1527766846.265206000	97.7348	222	0
1527766846.268496000	97.7381	83	1
1527766846.380714000	97.8504	512	1
1527766846.380778000	97.8504	239	1
1527766846.401355000	97.871	67	0
1527766846.522510000	97.9922	215	0
1527766846.522513000	97.9922	128	0
1527766846.526573000	97.9962	86	1
1527766846.527538000	97.9972	72	0
1527766846.528792000	97.9984	95	0
1527766846.531570000	98.0012	83	1
1527766847.777959000	99.2476	375	1
1527766847.778046000	99.2477	241	1
1527766847.797549000	99.2672	67	0
1527766847.926914000	99.3966	238	0
1527766847.926916000	99.3966	128	0
1527766847.929718000	99.3994	72	0
1527766847.929721000	99.3994	163	0
1527766847.930351000	99.4	92	1
1527766848.171321000	99.641	371	1
1527766848.171410000	99.6411	243	1
1527766848.191008000	99.6607	67	0
1527766848.326651000	99.7963	331	0
1527766848.326653000	99.7963	128	0
1527766848.330477000	99.8001	86	1
1527766848.331867000	99.8015	72	0
1527766848.331869000	99.8015	131	0
1527766848.335462000	99.8051	83	1
1527766848.613020000	100.083	371	1
1527766848.613081000	100.083	241	1
1527766848.640296000	100.11	67	0
1527766848.759343000	100.229	287	0
1527766848.759349000	100.229	128	0
1527766848.763518000	100.233	86	1
1527766848.764055000	100.234	72	0
1527766848.764480000	100.234	255	0
1527766848.767444000	100.237	83	1
1527766848.952803000	100.422	370	1
1527766848.952895000	100.423	241	1
1527766848.971731000	100.441	67	0
1527766849.109619000	100.579	213	0
1527766849.109622000	100.579	128	0
1527766849.113488000	100.583	86	1
1527766849.114393000	100.584	72	0
1527766849.114510000	100.584	81	0
1527766849.118530000	100.588	83	1
1527766849.302663000	100.772	416	1
1527766849.302764000	100.772	239	1
1527766849.324309000	100.794	67	0
1527766849.328650000	100.798	67	0
1527766849.435479000	100.905	238	0
1527766849.435481000	100.905	128	0
1527766849.439539000	100.909	89	1
1527766849.440082000	100.91	72	0
1527766849.440084000	100.91	88	0
1527766849.443527000	100.913	83	1
1527766849.913955000	101.384	371	1
1527766849.914049000	101.384	241	1
1527766849.933738000	101.403	67	0
1527766850.064334000	101.534	234	0
1527766850.064336000	101.534	128	0
1527766850.068405000	101.538	72	0
1527766850.068408000	101.538	99	0
1527766850.068507000	101.538	86	1
1527766850.072556000	101.542	83	1
1527766850.374664000	101.844	373	1
1527766850.374758000	101.844	240	1
1527766850.394867000	101.865	67	0
1527766850.398538000	101.868	67	0
1527766850.504870000	101.975	235	0
1527766850.504873000	101.975	128	0
1527766850.508605000	101.978	89	1
1527766850.516133000	101.986	72	0
1527766850.516135000	101.986	227	0
1527766850.519587000	101.989	83	1
1527766850.665864000	102.136	374	1
1527766850.665927000	102.136	242	1
1527766850.689108000	102.159	67	0
1527766850.814584000	102.284	212	0
1527766850.814587000	102.284	128	0
1527766850.818562000	102.288	86	1
1527766850.819060000	102.289	72	0
1527766850.819554000	102.289	289	0
1527766850.822582000	102.292	83	1
1527766851.088948000	102.559	699	1
1527766851.088998000	102.559	245	1
1527766851.109542000	102.579	67	0
1527766851.231932000	102.702	215	0
1527766851.231935000	102.702	128	0
1527766851.235642000	102.705	86	1
1527766851.235956000	102.706	72	0
1527766851.236203000	102.706	70	0
1527766851.239625000	102.709	83	1
1527766851.514821000	102.984	372	1
1527766851.514909000	102.985	239	1
1527766851.534739000	103.004	67	0
1527766851.657683000	103.127	235	0
1527766851.657685000	103.127	128	0
1527766851.661685000	103.131	86	1
1527766851.662279000	103.132	72	0
1527766851.662375000	103.132	272	0
1527766851.665659000	103.135	83	1
1527766851.845019000	103.315	1057	1
1527766851.845084000	103.315	240	1
1527766851.866179000	103.336	67	0
1527766852.208925000	103.679	236	0
1527766852.208927000	103.679	128	0
1527766852.212637000	103.682	86	1
1527766852.212650000	103.682	72	0
1527766852.213044000	103.683	121	0
1527766852.216612000	103.686	83	1
1527766852.335649000	103.805	511	1
1527766852.335738000	103.805	239	1
1527766852.364266000	103.834	67	0
1527766852.488284000	103.958	281	0
1527766852.488288000	103.958	128	0
1527766852.492694000	103.962	86	1
1527766852.492886000	103.963	72	0
1527766852.493342000	103.963	264	0
1527766852.496677000	103.966	83	1
1527766853.340406000	104.81	370	1
1527766853.340470000	104.81	239	1
1527766853.362848000	104.832	67	0
1527766853.487261000	104.957	267	0
1527766853.487264000	104.957	128	0
1527766853.490569000	104.96	72	0
1527766853.490954000	104.961	263	0
1527766853.490981000	104.961	89	1
1527766853.494949000	104.965	80	1
1527766853.595944000	105.066	374	1
1527766853.596029000	105.066	241	1
1527766853.616310000	105.086	67	0
1527766853.620720000	105.09	67	0
1527766853.725600000	105.195	215	0
1527766853.725602000	105.195	128	0
1527766853.728888000	105.199	72	0
1527766853.729397000	105.199	292	0
1527766853.729888000	105.2	95	1
1527766854.037267000	105.507	372	1
1527766854.037347000	105.507	242	1
1527766854.058681000	105.528	67	0
1527766854.185758000	105.655	213	0
1527766854.185762000	105.655	128	0
1527766854.189598000	105.659	72	0
1527766854.189600000	105.659	218	0
1527766854.190175000	105.66	92	1
1527766854.265936000	105.736	371	1
1527766854.265987000	105.736	241	1
1527766854.286910000	105.757	67	0
1527766854.411070000	105.881	236	0
1527766854.411077000	105.881	128	0
1527766854.415012000	105.885	86	1
1527766854.417542000	105.887	72	0
1527766854.417544000	105.887	195	0
1527766854.420997000	105.891	83	1
1527766855.052511000	106.522	415	1
1527766855.052607000	106.522	241	1
1527766855.071945000	106.542	67	0
1527766855.198157000	106.668	309	0
1527766855.198160000	106.668	128	0
1527766855.201807000	106.671	72	0
1527766855.202043000	106.672	89	1
1527766855.202359000	106.672	191	0
1527766855.206042000	106.676	80	1
1527766856.022600000	107.492	372	1
1527766856.022663000	107.492	242	1
1527766856.043114000	107.513	67	0
1527766856.163803000	107.633	309	0
1527766856.163806000	107.633	128	0
1527766856.168123000	107.638	86	1
1527766856.168592000	107.638	72	0
1527766856.168803000	107.638	223	0
1527766856.172103000	107.642	83	1
1527766856.252411000	107.722	370	1
1527766856.252506000	107.722	241	1
1527766856.272587000	107.742	67	0
1527766856.390736000	107.86	236	0
1527766856.390739000	107.86	128	0
1527766856.395139000	107.865	86	1
1527766856.395212000	107.865	72	0
1527766856.395656000	107.865	309	0
1527766856.399114000	107.869	83	1
1527766856.492376000	107.962	375	1
1527766856.492471000	107.962	242	1
1527766856.511640000	107.981	67	0
1527766856.516927000	107.987	67	0
1527766856.643432000	108.113	234	0
1527766856.643435000	108.113	128	0
1527766856.645998000	108.116	72	0
1527766856.646002000	108.116	191	0
1527766856.647078000	108.117	95	1
1527766856.812435000	108.282	698	1
1527766856.812528000	108.282	240	1
1527766856.833103000	108.303	67	0
1527766856.961157000	108.431	213	0
1527766856.961159000	108.431	128	0
1527766856.965162000	108.435	86	1
1527766856.965793000	108.435	72	0
1527766856.966173000	108.436	67	0
1527766856.969148000	108.439	83	1
1527766857.277000000	108.747	374	1
1527766857.277096000	108.747	245	1
1527766857.298486000	108.768	67	0
1527766857.427147000	108.897	236	0
1527766857.427149000	108.897	128	0
1527766857.431120000	108.901	86	1
1527766857.432240000	108.902	72	0
1527766857.432330000	108.902	198	0
1527766857.436107000	108.906	83	1
1527766858.196066000	109.666	1059	1
1527766858.196161000	109.666	241	1
1527766858.218673000	109.688	67	0
1527766858.339678000	109.809	238	0
1527766858.339788000	109.809	128	0
1527766858.343235000	109.813	86	1
1527766858.343371000	109.813	72	0
1527766858.343373000	109.813	158	0
1527766858.347227000	109.817	83	1
1527766859.311599000	110.781	513	1
1527766859.311696000	110.781	243	1
1527766859.331925000	110.802	67	0
1527766859.449668000	110.919	235	0
1527766859.449670000	110.919	128	0
1527766859.453306000	110.923	86	1
1527766859.453836000	110.923	72	0
1527766859.454358000	110.924	189	0
1527766859.457286000	110.927	83	1
1527766859.580868000	111.051	370	1
1527766859.580947000	111.051	241	1
1527766859.601845000	111.071	67	0
1527766859.719599000	111.189	235	0
1527766859.719600000	111.189	128	0
1527766859.723328000	111.193	86	1
1527766859.724029000	111.194	72	0
1527766859.724481000	111.194	175	0
1527766859.727296000	111.197	83	1
1527766859.991476000	111.461	370	1
1527766859.991570000	111.461	243	1
1527766860.012586000	111.482	67	0
1527766860.123573000	111.593	259	0
1527766860.123576000	111.593	128	0
1527766860.127343000	111.597	86	1
1527766860.128458000	111.598	72	0
1527766860.128555000	111.598	189	0
1527766860.132329000	111.602	83	1
1527766864.787922000	116.258	371	1
1527766864.787998000	116.258	240	1
1527766864.808518000	116.278	67	0
1527766864.919325000	116.389	270	0
1527766864.919327000	116.389	128	0
1527766864.922754000	116.392	86	1
1527766864.923628000	116.393	72	0
1527766864.924073000	116.394	270	0
1527766864.927811000	116.397	83	1
