1527993074.830299000	0	899	1
1527993074.848938000	0.0186391	87	0
1527993075.276017000	0.445718	321	0
1527993075.276879000	0.44658	1412	0
1527993075.278163000	0.447864	1412	0
1527993075.278866000	0.448567	109	1
1527993075.279413000	0.449114	1412	0
1527993075.280605000	0.450306	180	0
1527993075.281855000	0.451556	1412	0
1527993075.282759000	0.45246	103	1
1527993075.283070000	0.452771	1412	0
1527993075.284295000	0.453996	1412	0
1527993075.285483000	0.455184	188	0
1527993075.286709000	0.45641	677	0
1527993075.288006000	0.457707	1412	0
1527993075.289215000	0.458916	1412	0
1527993075.290417000	0.460118	694	0
1527993075.291643000	0.461344	1412	0
1527993075.291724000	0.461425	115	1
1527993075.292863000	0.462564	1412	0
1527993075.294085000	0.463786	1412	0
1527993075.294737000	0.464438	109	1
1527993075.295265000	0.464966	188	0
1527993075.296508000	0.466209	1191	0
1527993075.305753000	0.475454	106	1
1527993075.311576000	0.481277	1412	0
1527993075.312784000	0.482485	1412	0
1527993075.314008000	0.483709	1412	0
1527993075.315226000	0.484927	1412	0
1527993075.316443000	0.486144	1412	0
1527993075.316559000	0.48626	103	1
1527993075.317745000	0.487446	1412	0
1527993075.318733000	0.488434	109	1
1527993075.318970000	0.488671	1412	0
1527993075.320204000	0.489905	1412	0
1527993075.321409000	0.49111	1412	0
1527993075.321725000	0.491426	106	1
1527993075.322632000	0.492333	1412	0
1527993075.323847000	0.493548	1412	0
1527993075.325065000	0.494766	1412	0
1527993075.325726000	0.495427	106	1
1527993075.326258000	0.495959	699	0
1527993075.327497000	0.497198	1412	0
1527993075.328716000	0.498417	103	1
1527993075.328748000	0.498449	1412	0
1527993075.329980000	0.499681	1412	0
1527993075.331195000	0.500896	1412	0
1527993075.331707000	0.501408	106	1
1527993075.332454000	0.502155	262	0
1527993075.333697000	0.503398	1412	0
1527993075.334917000	0.504618	1412	0
1527993075.335738000	0.505439	106	1
1527993075.336133000	0.505834	1412	0
1527993075.337354000	0.507055	897	0
1527993075.338632000	0.508333	1412	0
1527993075.338798000	0.508499	103	1
1527993075.339842000	0.509543	1412	0
1527993075.341060000	0.510761	1412	0
1527993075.341795000	0.511496	106	1
1527993075.342241000	0.511942	188	0
1527993075.343468000	0.513169	656	0
1527993075.344665000	0.514366	92	0
1527993075.344824000	0.514525	103	1
1527993075.345887000	0.515588	316	0
1527993075.350384000	0.520085	103	1
1527993075.789083000	0.958784	317	1
1527993075.789184000	0.958885	1412	1
1527993075.789221000	0.958922	908	1
1527993075.807101000	0.976802	87	0
1527993075.821110000	0.990811	414	1
1527993075.849853000	1.01955	87	0
1527993075.918834000	1.08854	373	0
1527993075.921769000	1.09147	106	1
1527993075.925553000	1.09525	80	0
1527993075.928827000	1.09853	100	1
1527993076.103495000	1.2732	229	1
1527993076.121114000	1.29082	87	0
1527993076.236883000	1.40658	472	0
1527993076.238297000	1.408	1115	0
1527993076.239862000	1.40956	103	1
1527993076.240478000	1.41018	92	0
1527993076.241765000	1.41147	280	0
1527993076.242812000	1.41251	106	1
1527993076.279746000	1.44945	310	0
1527993076.280980000	1.45068	1412	0
1527993076.282197000	1.4519	1412	0
1527993076.283146000	1.45285	106	1
1527993076.283443000	1.45314	1412	0
1527993076.284628000	1.45433	180	0
1527993076.285781000	1.45548	103	1
1527993076.285874000	1.45557	1412	0
1527993076.287096000	1.4568	1412	0
1527993076.288366000	1.45807	1071	0
1527993076.288767000	1.45847	106	1
1527993076.289553000	1.45925	92	0
1527993076.290783000	1.46048	291	0
1527993076.291846000	1.46155	103	1
1527993076.413372000	1.58307	863	1
1527993076.414597000	1.5843	452	1
1527993076.432102000	1.6018	87	0
1527993076.587223000	1.75692	506	0
1527993076.596910000	1.76661	103	1
1527993076.645020000	1.81472	1338	0
1527993076.646192000	1.81589	100	0
1527993076.653024000	1.82273	103	1
1527993076.840569000	2.01027	281	1
1527993076.840658000	2.01036	145	1
1527993076.858129000	2.02783	87	0
1527993076.890793000	2.06049	156	1
1527993076.890883000	2.06058	191	1
1527993076.908388000	2.07809	87	0
1527993076.912587000	2.08229	1412	0
1527993076.913791000	2.08349	1412	0
1527993076.915008000	2.08471	1412	0
1527993076.915828000	2.08553	112	1
1527993076.916224000	2.08593	526	0
1527993076.917433000	2.08713	92	0
1527993076.918714000	2.08842	136	0
1527993076.918885000	2.08859	106	1
1527993077.023088000	2.19279	626	0
1527993077.024271000	2.19397	92	0
1527993077.025493000	2.19519	329	0
1527993077.026054000	2.19576	106	1
1527993077.735587000	2.90529	407	1
1527993077.736381000	2.90608	1412	1
1527993077.736445000	2.90615	1412	1
1527993077.736466000	2.90617	183	1
1527993077.736524000	2.90623	845	1
1527993077.752870000	2.92257	87	0
1527993077.753759000	2.92346	1412	1
1527993077.753791000	2.92349	283	1
1527993077.756597000	2.9263	87	0
1527993077.773119000	2.94282	87	0
1527993077.777044000	2.94675	729	0
1527993077.782453000	2.95215	109	1
1527993077.840382000	3.01008	319	0
1527993077.841619000	3.01132	1412	0
1527993077.842825000	3.01253	998	0
1527993077.842898000	3.0126	100	1
1527993077.845861000	3.01556	103	1
1527993077.857174000	3.02688	102	0
1527993077.859862000	3.02956	100	1
1527993077.882062000	3.05176	213	0
1527993077.884876000	3.05458	100	1
1527993078.089329000	3.25903	1412	0
1527993078.090535000	3.26024	1412	0
1527993078.091755000	3.26146	1412	0
1527993078.091910000	3.26161	106	1
1527993078.092983000	3.26268	550	0
1527993078.095932000	3.26563	100	1
1527993078.106387000	3.27609	327	0
1527993078.108885000	3.27859	100	1
1527993078.428919000	3.59862	1390	1
1527993078.447728000	3.61743	87	0
1527993078.618656000	3.78836	381	0
1527993078.619882000	3.78958	1038	0
1527993078.621984000	3.79169	106	1
1527993078.933333000	4.10303	528	1
1527993078.933430000	4.10313	1412	1
1527993078.933455000	4.10316	1412	1
1527993078.933491000	4.10319	1412	1
1527993078.933539000	4.10324	1412	1
1527993078.933562000	4.10326	1412	1
1527993078.933597000	4.1033	1412	1
1527993078.933648000	4.10335	1412	1
1527993078.933670000	4.10337	1412	1
1527993078.933693000	4.10339	1412	1
1527993078.933753000	4.10345	1412	1
1527993078.933790000	4.10349	1412	1
1527993078.933824000	4.10353	1412	1
1527993078.933858000	4.10356	1286	1
1527993078.951462000	4.12116	87	0
1527993078.963648000	4.13335	87	0
1527993079.246563000	4.41626	397	0
1527993079.250828000	4.42053	80	0
1527993079.253355000	4.42306	109	1
1527993079.433233000	4.60293	1391	1
1527993079.458142000	4.62784	87	0
1527993079.586749000	4.75645	334	0
1527993079.587478000	4.75718	103	1
1527993079.588003000	4.7577	294	0
1527993079.602976000	4.77268	100	1
1527993080.701831000	5.87153	335	1
1527993080.701977000	5.87168	1412	1
1527993080.702015000	5.87172	983	1
1527993080.703426000	5.87313	225	1
1527993080.703488000	5.87319	1412	1
1527993080.703514000	5.87322	1412	1
1527993080.703555000	5.87326	761	1
1527993080.715416000	5.88512	102	1
1527993080.720029000	5.88973	87	0
1527993080.720785000	5.89049	252	1
1527993080.724913000	5.89461	87	0
1527993080.730898000	5.9006	94	0
1527993080.733781000	5.90348	106	1
1527993080.734132000	5.90383	87	0
1527993080.740348000	5.91005	87	0
1527993080.998254000	6.16796	399	0
1527993081.000846000	6.17055	106	1
1527993081.001891000	6.17159	80	0
1527993081.004827000	6.17453	100	1
1527993081.136287000	6.30599	589	0
1527993081.137407000	6.30711	306	0
1527993081.138253000	6.30795	120	1
1527993081.138717000	6.30842	258	0
1527993081.140660000	6.31036	267	1
1527993081.156818000	6.32652	87	0
1527993081.536368000	6.70607	939	0
1527993081.538209000	6.70791	1412	0
1527993081.538801000	6.7085	103	1
1527993081.539464000	6.70917	1412	0
1527993081.540687000	6.71039	1412	0
1527993081.541820000	6.71152	106	1
1527993081.541856000	6.71156	180	0
1527993081.543116000	6.71282	1412	0
1527993081.544336000	6.71404	1353	0
1527993081.545208000	6.71491	103	1
1527993081.545554000	6.71526	1412	0
1527993081.546782000	6.71648	1412	0
1527993081.548058000	6.71776	1412	0
1527993081.548942000	6.71864	109	1
1527993081.549225000	6.71893	188	0
1527993081.550474000	6.72018	1222	0
1527993081.552844000	6.72255	103	1
1527993081.573012000	6.74271	1412	0
1527993081.574220000	6.74392	1412	0
1527993081.575438000	6.74514	1412	0
1527993081.576684000	6.74639	1412	0
1527993081.578014000	6.74771	849	0
1527993081.579246000	6.74895	1412	0
1527993081.580420000	6.75012	100	1
1527993081.580482000	6.75018	1412	0
1527993081.581686000	6.75139	1412	0
1527993081.582876000	6.75258	180	0
1527993081.584119000	6.75382	1412	0
1527993081.585340000	6.75504	1412	0
1527993081.586254000	6.75595	127	1
1527993081.586556000	6.75626	1412	0
1527993081.587781000	6.75748	1412	0
1527993081.588801000	6.7585	103	1
1527993081.589027000	6.75873	474	0
1527993081.590274000	6.75998	1412	0
1527993081.591489000	6.76119	1412	0
1527993081.591796000	6.7615	106	1
1527993081.592710000	6.76241	1412	0
1527993081.593926000	6.76363	1412	0
1527993081.595118000	6.76482	291	0
1527993081.596362000	6.76606	1412	0
1527993081.597581000	6.76728	1412	0
1527993081.598855000	6.76856	1412	0
1527993081.600087000	6.76979	1303	0
1527993081.600324000	6.77003	103	1
1527993081.601298000	6.771	1412	0
1527993081.602525000	6.77223	1412	0
1527993081.602842000	6.77254	118	1
1527993081.603732000	6.77343	1412	0
1527993081.604919000	6.77462	188	0
1527993081.606147000	6.77585	966	0
1527993081.606821000	6.77652	103	1
1527993081.607375000	6.77708	1412	0
1527993081.608645000	6.77835	1299	0
1527993081.609797000	6.7795	106	1
1527993081.609858000	6.77956	749	0
1527993081.611084000	6.78079	1412	0
1527993081.612303000	6.782	1328	0
1527993081.612797000	6.7825	106	1
1527993081.613520000	6.78322	1412	0
1527993081.614742000	6.78444	1412	0
1527993081.615927000	6.78563	340	0
1527993081.617143000	6.78684	109	0
1527993081.619449000	6.78915	103	1
1527993081.627037000	6.79674	103	1
1527993082.845548000	8.01525	913	1
1527993082.845640000	8.01534	145	1
1527993082.863598000	8.0333	87	0
1527993082.950091000	8.11979	1412	0
1527993082.951295000	8.121	1412	0
1527993082.952511000	8.12221	1412	0
1527993082.952879000	8.12258	109	1
1527993082.953707000	8.12341	595	0
1527993082.954905000	8.12461	92	0
1527993082.955859000	8.12556	103	1
1527993082.956126000	8.12583	224	0
1527993082.958852000	8.12855	100	1
1527993083.003912000	8.17361	1412	0
1527993083.006878000	8.17658	100	1
1527993083.936301000	9.106	537	1
1527993083.936401000	9.1061	295	1
1527993083.938358000	9.10806	364	1
1527993083.938408000	9.10811	1412	1
1527993083.938447000	9.10815	1412	1
1527993083.938501000	9.1082	972	1
1527993083.953390000	9.12309	87	0
1527993083.958719000	9.12842	87	0
1527993084.025082000	9.19478	400	1
1527993084.048051000	9.21775	87	0
1527993084.126034000	9.29574	301	0
1527993084.127267000	9.29697	1400	0
1527993084.128528000	9.29823	513	0
1527993084.128942000	9.29864	109	1
1527993084.147229000	9.31693	320	0
1527993084.148484000	9.31819	103	0
1527993084.149947000	9.31965	103	1
1527993084.152559000	9.32226	134	0
1527993084.154957000	9.32466	100	1
1527993084.161480000	9.33118	592	0
1527993084.162707000	9.33241	1412	0
1527993084.163957000	9.33366	1412	0
1527993084.163957000	9.33366	103	1
1527993084.165140000	9.33484	130	0
1527993084.166368000	9.33607	649	0
1527993084.166944000	9.33665	106	1
1527993084.167590000	9.33729	876	0
1527993084.169961000	9.33966	100	1
1527993084.197590000	9.36729	711	0
1527993084.198881000	9.36858	1412	0
1527993084.199959000	9.36966	103	1
1527993084.200120000	9.36982	1412	0
1527993084.201307000	9.37101	112	0
1527993084.202526000	9.37223	276	0
1527993084.203099000	9.3728	106	1
1527993084.280322000	9.45002	408	0
1527993084.282960000	9.45266	100	1
1527993084.291325000	9.46103	80	0
1527993084.293961000	9.46366	100	1
1527993084.305537000	9.47524	1412	1
1527993084.305578000	9.47528	1412	1
1527993084.305615000	9.47532	265	1
1527993084.305681000	9.47538	845	1
1527993084.339122000	9.50882	1412	1
1527993084.370757000	9.54046	87	0
1527993084.395166000	9.56487	643	0
1527993084.397983000	9.56768	103	1
1527993084.871401000	10.0411	1003	1
1527993084.871487000	10.0412	95	1
1527993084.890206000	10.0599	87	0
1527993085.212836000	10.3825	312	0
1527993085.214048000	10.3837	366	0
1527993085.216320000	10.386	106	1
1527993085.217448000	10.3871	181	0
1527993085.220002000	10.3897	100	1
1527993085.955566000	11.1253	475	1
1527993085.955642000	11.1253	110	1
1527993085.956428000	11.1261	478	1
1527993085.956480000	11.1262	88	1
1527993085.956672000	11.1264	303	1
1527993085.973628000	11.1433	87	0
1527993085.986461000	11.1562	87	0
1527993086.072397000	11.2421	344	1
1527993086.072478000	11.2422	255	1
1527993086.110103000	11.2798	326	1
1527993086.124904000	11.2946	87	0
1527993086.130082000	11.2998	87	0
1527993086.299694000	11.4694	378	0
1527993086.300947000	11.4706	151	0
1527993086.302075000	11.4718	109	1
1527993086.303085000	11.4728	92	0
1527993086.304368000	11.4741	261	0
1527993086.306072000	11.4758	103	1
1527993086.343107000	11.5128	245	0
1527993086.344305000	11.514	103	0
1527993086.346080000	11.5158	103	1
1527993086.360845000	11.5305	92	0
1527993086.362048000	11.5317	171	0
1527993086.368094000	11.5378	103	1
1527993086.407614000	11.5773	235	0
1527993086.410077000	11.5798	100	1
1527993086.518991000	11.6887	243	0
1527993086.520253000	11.69	141	0
1527993086.522088000	11.6918	103	1
1527993086.523695000	11.6934	92	0
1527993086.524970000	11.6947	90	0
1527993086.526093000	11.6958	103	1
1527993086.882526000	12.0522	372	1
1527993086.882669000	12.0524	1412	1
1527993086.882707000	12.0524	1412	1
1527993086.882736000	12.0524	1412	1
1527993086.882774000	12.0525	1412	1
1527993086.882802000	12.0525	1412	1
1527993086.882839000	12.0525	1412	1
1527993086.882869000	12.0526	1412	1
1527993086.882906000	12.0526	1412	1
1527993086.882934000	12.0526	1412	1
1527993086.882971000	12.0527	1412	1
1527993086.883004000	12.0527	1412	1
1527993086.883040000	12.0527	1412	1
1527993086.883080000	12.0528	1412	1
1527993086.883113000	12.0528	1412	1
1527993086.883148000	12.0528	1412	1
1527993086.883183000	12.0529	1412	1
1527993086.883217000	12.0529	1412	1
1527993086.883252000	12.053	1412	1
1527993086.883297000	12.053	1412	1
1527993086.885124000	12.0548	1412	1
1527993086.885157000	12.0549	1412	1
1527993086.885206000	12.0549	1412	1
1527993086.885229000	12.0549	1412	1
1527993086.885265000	12.055	1412	1
1527993086.885298000	12.055	1412	1
1527993086.885334000	12.055	1412	1
1527993086.885368000	12.0551	1412	1
1527993086.885402000	12.0551	1412	1
1527993086.885438000	12.0551	1412	1
1527993086.885479000	12.0552	1412	1
1527993086.885512000	12.0552	1412	1
1527993086.885547000	12.0552	1412	1
1527993086.885583000	12.0553	1412	1
1527993086.887120000	12.0568	284	1
1527993086.901303000	12.071	87	0
1527993086.904829000	12.0745	87	0
1527993086.906051000	12.0758	87	0
1527993086.914883000	12.0846	87	0
1527993086.944460000	12.1142	233	0
1527993086.945679000	12.1154	146	0
1527993086.947118000	12.1168	115	1
1527993086.948050000	12.1178	92	0
1527993086.949370000	12.1191	299	0
1527993086.951122000	12.1208	103	1
1527993086.984036000	12.1537	360	1
1527993086.985128000	12.1548	295	1
1527993087.002019000	12.1717	87	0
1527993087.006880000	12.1766	87	0
1527993087.023057000	12.1928	395	1
1527993087.040780000	12.2105	87	0
1527993087.067775000	12.2375	375	0
1527993087.071223000	12.2409	103	1
1527993087.073179000	12.2429	80	0
1527993087.076170000	12.2459	100	1
1527993087.101951000	12.2717	393	1
1527993087.102028000	12.2717	253	1
1527993087.123035000	12.2927	87	0
1527993087.212367000	12.3821	623	0
1527993087.213577000	12.3833	803	0
1527993087.214772000	12.3845	92	0
1527993087.215129000	12.3848	109	1
1527993087.216018000	12.3857	114	0
1527993087.219187000	12.3889	100	1
1527993087.230640000	12.4003	1412	1
1527993087.230678000	12.4004	412	1
1527993087.249118000	12.4188	87	0
1527993087.336810000	12.5065	302	0
1527993087.338008000	12.5077	118	0
1527993087.339118000	12.5088	106	1
1527993087.339300000	12.509	235	0
1527993087.340525000	12.5102	280	0
1527993087.341731000	12.5114	92	0
1527993087.342115000	12.5118	106	1
1527993087.342953000	12.5127	266	0
1527993087.344161000	12.5139	92	0
1527993087.345103000	12.5148	103	1
1527993087.345382000	12.5151	185	0
1527993087.348105000	12.5178	100	1
1527993087.378843000	12.5485	347	0
1527993087.380117000	12.5498	485	0
1527993087.382144000	12.5518	103	1
1527993087.398897000	12.5686	668	1
1527993087.417022000	12.5867	87	0
1527993087.475196000	12.6449	286	0
1527993087.476417000	12.6461	146	0
1527993087.478154000	12.6479	106	1
1527993087.480443000	12.6501	92	0
1527993087.482468000	12.6522	210	0
1527993087.483168000	12.6529	103	1
1527993087.542770000	12.7125	654	0
1527993087.546222000	12.7159	100	1
1527993087.891965000	13.0617	793	1
1527993087.892041000	13.0617	379	1
1527993087.910420000	13.0801	87	0
1527993088.247507000	13.4172	382	0
1527993088.248732000	13.4184	146	0
1527993088.250267000	13.42	106	1
1527993088.251919000	13.4216	92	0
1527993088.253213000	13.4229	142	0
1527993088.254165000	13.4239	103	1
1527993088.308501000	13.4782	394	1
1527993088.308578000	13.4783	261	1
1527993088.345301000	13.515	394	1
1527993088.355403000	13.5251	87	0
1527993088.375429000	13.5451	87	0
1527993088.501637000	13.6713	233	0
1527993088.502936000	13.6726	146	0
1527993088.504266000	13.674	109	1
1527993088.506507000	13.6762	92	0
1527993088.507788000	13.6775	103	0
1527993088.509197000	13.6789	103	1
1527993088.583723000	13.7534	393	1
1527993088.583813000	13.7535	256	1
1527993088.602205000	13.7719	87	0
1527993088.712102000	13.8818	233	0
1527993088.713372000	13.8831	146	0
1527993088.715287000	13.885	106	1
1527993088.716914000	13.8866	92	0
1527993088.718140000	13.8878	98	0
1527993088.719203000	13.8889	103	1
1527993088.873476000	14.0432	393	1
1527993088.873559000	14.0433	254	1
1527993088.891949000	14.0617	87	0
1527993089.226534000	14.3962	255	0
1527993089.227686000	14.3974	146	0
1527993089.229305000	14.399	106	1
1527993089.232939000	14.4026	92	0
1527993089.234166000	14.4039	129	0
1527993089.235233000	14.4049	103	1
1527993089.353428000	14.5231	391	1
1527993089.353491000	14.5232	259	1
1527993089.371515000	14.5412	87	0
1527993089.586984000	14.7567	235	0
1527993089.588140000	14.7578	146	0
1527993089.590331000	14.76	106	1
1527993089.592072000	14.7618	92	0
1527993089.593297000	14.763	230	0
1527993089.595343000	14.765	103	1
1527993089.813704000	14.9834	394	1
1527993089.813764000	14.9835	257	1
1527993089.831894000	15.0016	87	0
1527993089.868202000	15.0379	303	1
1527993089.868308000	15.038	1412	1
1527993089.868345000	15.038	1412	1
1527993089.868374000	15.0381	1412	1
1527993089.868408000	15.0381	1412	1
1527993089.868436000	15.0381	321	1
1527993089.887451000	15.0572	87	0
1527993089.941184000	15.1109	232	0
1527993089.942331000	15.112	146	0
1527993089.944271000	15.114	109	1
1527993089.945832000	15.1155	92	0
1527993089.947056000	15.1168	162	0
1527993089.948261000	15.118	103	1
1527993090.156823000	15.3265	388	1
1527993090.156905000	15.3266	254	1
1527993090.176111000	15.3458	87	0
1527993090.226368000	15.3961	457	0
1527993090.229319000	15.399	103	1
1527993090.232492000	15.4022	80	0
1527993090.235308000	15.405	100	1
1527993090.511197000	15.6809	311	0
1527993090.512325000	15.682	148	0
1527993090.514382000	15.6841	103	1
1527993090.515952000	15.6857	92	0
1527993090.517173000	15.6869	154	0
1527993090.518307000	15.688	103	1
1527993090.673967000	15.8437	388	1
1527993090.674041000	15.8437	256	1
1527993090.692516000	15.8622	87	0
1527993090.845372000	16.0151	232	0
1527993090.846544000	16.0162	148	0
1527993090.848337000	16.018	106	1
1527993090.849845000	16.0195	92	0
1527993090.851071000	16.0208	207	0
1527993090.852341000	16.022	103	1
1527993091.244737000	16.4144	388	1
1527993091.244798000	16.4145	256	1
1527993091.262574000	16.4323	87	0
1527993091.598441000	16.7681	259	0
1527993091.599645000	16.7693	148	0
1527993091.601369000	16.7711	106	1
1527993091.603226000	16.7729	92	0
1527993091.604462000	16.7742	336	0
1527993091.606449000	16.7761	103	1
1527993091.636343000	16.806	998	1
1527993091.636443000	16.8061	258	1
1527993091.655260000	16.825	87	0
1527993092.001966000	17.1717	233	0
1527993092.004489000	17.1742	103	1
1527993092.005118000	17.1748	148	0
1527993092.007447000	17.1771	100	1
1527993092.009858000	17.1796	92	0
1527993092.011086000	17.1808	296	0
1527993092.012522000	17.1822	103	1
1527993092.243036000	17.4127	587	1
1527993092.243134000	17.4128	260	1
1527993092.260682000	17.4304	87	0
1527993092.372283000	17.542	258	0
1527993092.373441000	17.5431	148	0
1527993092.375492000	17.5452	106	1
1527993092.377523000	17.5472	92	0
1527993092.378878000	17.5486	177	0
1527993092.380473000	17.5502	103	1
1527993092.825946000	17.9956	789	1
1527993092.826037000	17.9957	258	1
1527993092.843862000	18.0136	87	0
1527993093.205745000	18.3754	307	0
1527993093.206966000	18.3767	148	0
1527993093.208546000	18.3782	106	1
1527993093.208810000	18.3785	92	0
1527993093.210036000	18.3797	157	0
1527993093.211524000	18.3812	103	1
1527993093.292510000	18.4622	389	1
1527993093.292598000	18.4623	260	1
1527993093.311379000	18.4811	87	0
1527993093.462821000	18.6325	335	0
1527993093.463971000	18.6337	148	0
1527993093.465549000	18.6353	106	1
1527993093.467502000	18.6372	92	0
1527993093.469351000	18.6391	246	0
1527993093.470485000	18.6402	103	1
1527993093.503531000	18.6732	389	1
1527993093.503602000	18.6733	260	1
1527993093.522795000	18.6925	87	0
1527993094.032798000	19.2025	255	0
1527993094.033946000	19.2036	148	0
1527993094.035549000	19.2053	106	1
1527993094.038622000	19.2083	92	0
1527993094.039887000	19.2096	167	0
1527993094.041512000	19.2112	103	1
1527993094.109987000	19.2797	389	1
1527993094.110076000	19.2798	258	1
1527993094.128089000	19.2978	87	0
1527993094.460053000	19.6298	258	0
1527993094.461196000	19.6309	148	0
1527993094.462553000	19.6323	106	1
1527993094.465074000	19.6348	92	0
1527993094.466220000	19.6359	104	0
1527993094.467546000	19.6372	103	1
1527993094.621453000	19.7912	394	1
1527993094.621547000	19.7912	261	1
1527993094.640043000	19.8097	87	0
1527993094.984954000	20.1547	236	0
1527993094.986106000	20.1558	148	0
1527993094.987564000	20.1573	106	1
1527993094.988283000	20.158	92	0
1527993094.989564000	20.1593	189	0
1527993094.990563000	20.1603	103	1
1527993095.087574000	20.2573	395	1
1527993095.087660000	20.2574	264	1
1527993095.106007000	20.2757	87	0
1527993095.439062000	20.6088	256	0
1527993095.440266000	20.61	148	0
1527993095.441589000	20.6113	106	1
1527993095.474450000	20.6442	92	0
1527993095.475684000	20.6454	238	0
1527993095.477637000	20.6473	103	1
1527993095.489824000	20.6595	92	0
1527993095.492593000	20.6623	100	1
1527993095.584324000	20.754	392	1
1527993095.584409000	20.7541	259	1
1527993095.603516000	20.7732	87	0
1527993095.958106000	21.1278	235	0
1527993095.959380000	21.1291	148	0
1527993095.960644000	21.1303	106	1
1527993095.961462000	21.1312	92	0
1527993095.962680000	21.1324	278	0
1527993095.964618000	21.1343	103	1
1527993096.111569000	21.2813	390	1
1527993096.111660000	21.2814	261	1
1527993096.129001000	21.2987	87	0
1527993096.243390000	21.4131	255	0
1527993096.244592000	21.4143	148	0
1527993096.246657000	21.4164	106	1
1527993096.248767000	21.4185	92	0
1527993096.249996000	21.4197	287	0
1527993096.251654000	21.4214	103	1
1527993096.635774000	21.8055	388	1
1527993096.635838000	21.8055	260	1
1527993096.653593000	21.8233	87	0
1527993096.783351000	21.9531	235	0
1527993096.784476000	21.9542	148	0
1527993096.785711000	21.9554	92	0
1527993096.786741000	21.9564	109	1
1527993096.787011000	21.9567	153	0
1527993096.789733000	21.9594	100	1
1527993096.892530000	22.0622	390	1
1527993096.892607000	22.0623	259	1
1527993096.910099000	22.0798	87	0
1527993097.025107000	22.1948	279	0
1527993097.026274000	22.196	148	0
1527993097.027754000	22.1975	106	1
1527993097.030057000	22.1998	92	0
1527993097.031281000	22.201	120	0
1527993097.032753000	22.2025	103	1
1527993097.533068000	22.7028	997	1
1527993097.533133000	22.7028	256	1
1527993097.551968000	22.7217	87	0
1527993097.562037000	22.7317	87	0
1527993097.888024000	23.0577	325	0
1527993097.889232000	23.0589	148	0
1527993097.890808000	23.0605	109	1
1527993097.891013000	23.0607	92	0
1527993097.892284000	23.062	105	0
1527993097.893797000	23.0635	103	1
1527993097.990889000	23.1606	587	1
1527993097.990961000	23.1607	258	1
1527993098.009018000	23.1787	87	0
1527993098.344406000	23.5141	256	0
1527993098.345597000	23.5153	148	0
1527993098.346775000	23.5165	106	1
1527993098.349622000	23.5193	92	0
1527993098.350837000	23.5205	253	0
1527993098.352756000	23.5225	103	1
1527993098.454088000	23.6238	788	1
1527993098.454180000	23.6239	259	1
1527993098.473374000	23.6431	87	0
1527993098.812339000	23.982	232	0
1527993098.813474000	23.9832	148	0
1527993098.814860000	23.9846	106	1
1527993098.816668000	23.9864	92	0
1527993098.817930000	23.9876	133	0
1527993098.819847000	23.9895	103	1
1527993098.877440000	24.0471	392	1
1527993098.877501000	24.0472	262	1
1527993098.895012000	24.0647	87	0
1527993099.244883000	24.4146	256	0
1527993099.246073000	24.4158	148	0
1527993099.247881000	24.4176	106	1
1527993099.261083000	24.4308	92	0
1527993099.261984000	24.4317	100	0
1527993099.263874000	24.4336	103	1
1527993099.307867000	24.4776	92	0
1527993099.310876000	24.4806	100	1
1527993099.617178000	24.7869	393	1
1527993099.617268000	24.787	257	1
1527993099.635351000	24.8051	87	0
1527993099.972686000	25.1424	258	0
1527993099.973833000	25.1435	148	0
1527993099.975925000	25.1456	106	1
1527993099.976452000	25.1462	92	0
1527993099.977676000	25.1474	307	0
1527993099.978848000	25.1485	103	1
1527993100.082515000	25.2522	393	1
1527993100.082605000	25.2523	260	1
1527993100.100051000	25.2698	87	0
1527993100.206713000	25.3764	284	0
1527993100.207909000	25.3776	148	0
1527993100.209934000	25.3796	106	1
1527993100.212723000	25.3824	92	0
1527993100.213949000	25.3837	266	0
1527993100.215862000	25.3856	103	1
1527993100.453311000	25.623	389	1
1527993100.453375000	25.6231	260	1
1527993100.472556000	25.6423	87	0
1527993100.819956000	25.9897	357	0
1527993100.821207000	25.9909	148	0
1527993100.822977000	25.9927	106	1
1527993100.824565000	25.9943	92	0
1527993100.825835000	25.9955	102	0
1527993100.826900000	25.9966	103	1
1527993101.039273000	26.209	389	1
1527993101.039364000	26.2091	258	1
1527993101.056763000	26.2265	87	0
1527993101.392202000	26.5619	255	0
1527993101.393340000	26.563	148	0
1527993101.395015000	26.5647	106	1
1527993101.396869000	26.5666	92	0
1527993101.398040000	26.5677	211	0
1527993101.399999000	26.5697	103	1
1527993101.524393000	26.6941	388	1
1527993101.524479000	26.6942	258	1
1527993101.541839000	26.7115	87	0
1527993101.875835000	27.0455	235	0
1527993101.876986000	27.0467	148	0
1527993101.879032000	27.0487	106	1
1527993101.880748000	27.0504	92	0
1527993101.881971000	27.0517	222	0
1527993101.882956000	27.0527	103	1
1527993102.025827000	27.1955	390	1
1527993102.025893000	27.1956	258	1
1527993102.043483000	27.2132	87	0
1527993102.378126000	27.5478	255	0
1527993102.379410000	27.5491	148	0
1527993102.381031000	27.5507	106	1
1527993102.383313000	27.553	92	0
1527993102.384519000	27.5542	145	0
1527993102.386116000	27.5558	103	1
1527993102.558438000	27.7281	388	1
1527993102.558518000	27.7282	260	1
1527993102.576989000	27.7467	87	0
1527993102.692226000	27.8619	233	0
1527993102.693375000	27.8631	148	0
1527993102.695086000	27.8648	106	1
1527993102.696034000	27.8657	92	0
1527993102.697262000	27.867	272	0
1527993102.699057000	27.8688	103	1
1527993103.006232000	28.1759	389	1
1527993103.006323000	28.176	258	1
1527993103.037111000	28.2068	389	1
1527993103.037516000	28.2072	87	0
1527993103.056877000	28.2266	87	0
1527993103.372975000	28.5427	256	0
1527993103.374110000	28.5438	148	0
1527993103.376122000	28.5458	109	1
1527993103.376417000	28.5461	92	0
1527993103.377606000	28.5473	259	0
1527993103.379105000	28.5488	103	1
1527993103.457582000	28.6273	389	1
1527993103.457657000	28.6274	262	1
1527993103.473348000	28.643	100	0
1527993103.476115000	28.6458	100	1
1527993103.629149000	28.7989	235	0
1527993103.630359000	28.8001	148	0
1527993103.631577000	28.8013	92	0
1527993103.632057000	28.8018	106	1
1527993103.632823000	28.8025	140	0
1527993103.635045000	28.8047	100	1
1527993103.750329000	28.92	994	1
1527993103.750393000	28.9201	258	1
1527993103.770398000	28.9401	87	0
1527993104.106018000	29.2757	279	0
1527993104.107299000	29.277	148	0
1527993104.109195000	29.2789	106	1
1527993104.111267000	29.281	92	0
1527993104.112492000	29.2822	247	0
1527993104.114151000	29.2839	103	1
1527993104.421600000	29.5913	588	1
1527993104.421659000	29.5914	253	1
1527993104.439524000	29.6092	87	0
1527993104.552764000	29.7225	327	0
1527993104.553890000	29.7236	148	0
1527993104.556189000	29.7259	106	1
1527993104.558931000	29.7286	92	0
1527993104.560153000	29.7299	339	0
1527993104.562173000	29.7319	103	1
1527993104.692866000	29.8626	792	1
1527993104.692955000	29.8627	315	1
1527993104.711518000	29.8812	87	0
1527993104.870239000	30.0399	233	0
1527993104.871453000	30.0412	148	0
1527993104.873133000	30.0428	106	1
1527993104.876435000	30.0461	92	0
1527993104.879187000	30.0489	100	1
1527993104.881005000	30.0507	220	0
1527993104.884205000	30.0539	100	1
1527993105.196501000	30.3662	392	1
1527993105.196568000	30.3663	377	1
1527993105.214844000	30.3845	87	0
1527993105.550189000	30.7199	258	0
1527993105.551325000	30.721	148	0
1527993105.553244000	30.7229	106	1
1527993105.554991000	30.7247	92	0
1527993105.556209000	30.7259	186	0
1527993105.558240000	30.7279	103	1
1527993105.655287000	30.825	390	1
1527993105.655379000	30.8251	253	1
1527993105.673800000	30.8435	87	0
1527993105.784534000	30.9542	233	0
1527993105.785726000	30.9554	148	0
1527993105.787253000	30.957	106	1
1527993105.788884000	30.9586	92	0
1527993105.790112000	30.9598	320	0
1527993105.791176000	30.9609	103	1
1527993109.298481000	34.4682	392	1
1527993109.298549000	34.4683	259	1
1527993109.316814000	34.4865	87	0
1527993109.675245000	34.8449	256	0
1527993109.676383000	34.8461	148	0
1527993109.677865000	34.8476	106	1
1527993109.678510000	34.8482	92	0
1527993109.679820000	34.8495	157	0
1527993109.680779000	34.8505	103	1
1527993109.798995000	34.9687	392	1
1527993109.799063000	34.9688	260	1
1527993109.817696000	34.9874	87	0
1527993110.162748000	35.3324	307	0
1527993110.163889000	35.3336	148	0
1527993110.165901000	35.3356	106	1
1527993110.166510000	35.3362	92	0
1527993110.167787000	35.3375	139	0
1527993110.168810000	35.3385	103	1
1527993110.245962000	35.4157	393	1
1527993110.246060000	35.4158	257	1
1527993110.265002000	35.4347	87	0
1527993110.680367000	35.8501	356	0
1527993110.681500000	35.8512	148	0
1527993110.682915000	35.8526	106	1
1527993110.683593000	35.8533	92	0
1527993110.685895000	35.8556	100	1
1527993110.688263000	35.858	253	0
1527993110.690932000	35.8606	100	1
1527993110.849350000	36.0191	391	1
1527993110.849443000	36.0191	258	1
1527993110.867557000	36.0373	87	0
1527993111.208904000	36.3786	258	0
1527993111.210110000	36.3798	148	0
1527993111.211878000	36.3816	106	1
1527993111.213372000	36.3831	92	0
1527993111.214596000	36.3843	142	0
1527993111.215905000	36.3856	103	1
1527993111.254284000	36.424	390	1
1527993111.254346000	36.424	260	1
1527993111.271483000	36.4412	87	0
1527993111.386063000	36.5558	233	0
1527993111.387261000	36.557	148	0
1527993111.388538000	36.5582	92	0
1527993111.388882000	36.5586	109	1
1527993111.389841000	36.5595	115	0
1527993111.392914000	36.5626	100	1
1527993111.585234000	36.7549	390	1
1527993111.585294000	36.755	257	1
1527993111.603067000	36.7728	87	0
1527993111.717773000	36.8875	235	0
1527993111.719048000	36.8887	148	0
1527993111.720968000	36.8907	106	1
1527993111.723070000	36.8928	92	0
1527993111.724225000	36.8939	158	0
1527993111.726050000	36.8958	103	1
1527993112.117547000	37.2872	994	1
1527993112.117642000	37.2873	258	1
1527993112.135602000	37.3053	87	0
1527993112.480410000	37.6501	258	0
1527993112.481788000	37.6515	148	0
1527993112.482963000	37.6527	106	1
1527993112.482977000	37.6527	92	0
1527993112.484223000	37.6539	167	0
1527993112.485945000	37.6556	103	1
1527993112.682363000	37.8521	390	1
1527993112.682426000	37.8521	258	1
1527993112.700518000	37.8702	87	0
1527993113.034895000	38.2046	233	0
1527993113.036036000	38.2057	148	0
1527993113.038050000	38.2078	106	1
1527993113.038934000	38.2086	92	0
1527993113.040188000	38.2099	300	0
1527993113.042046000	38.2117	103	1
1527993113.141483000	38.3112	588	1
1527993113.141567000	38.3113	261	1
1527993113.164950000	38.3347	87	0
1527993113.270884000	38.4406	256	0
1527993113.272028000	38.4417	148	0
1527993113.274064000	38.4438	106	1
1527993113.275592000	38.4453	92	0
1527993113.276787000	38.4465	131	0
1527993113.277968000	38.4477	103	1
1527993113.640277000	38.81	788	1
1527993113.640365000	38.8101	257	1
1527993113.659403000	38.8291	87	0
1527993113.991006000	39.1607	281	0
1527993113.992157000	39.1619	148	0
1527993113.994097000	39.1638	106	1
1527993113.996001000	39.1657	92	0
1527993113.997223000	39.1669	144	0
1527993113.999090000	39.1688	103	1
1527993114.192789000	39.3625	390	1
1527993114.192885000	39.3626	258	1
1527993114.211274000	39.381	87	0
1527993114.220918000	39.3906	87	0
1527993114.562540000	39.7322	324	0
1527993114.563843000	39.7335	148	0
1527993114.565136000	39.7348	109	1
1527993114.570102000	39.7398	92	0
1527993114.571383000	39.7411	318	0
1527993114.573122000	39.7428	103	1
1527993114.591941000	39.7616	92	0
1527993114.595116000	39.7648	100	1
1527993114.718361000	39.8881	388	1
1527993114.718425000	39.8881	257	1
1527993114.753138000	39.9228	388	1
1527993114.754801000	39.9245	87	0
1527993114.772004000	39.9417	87	0
1527993114.883107000	40.0528	233	0
1527993114.884262000	40.054	148	0
1527993114.886150000	40.0559	109	1
1527993114.887371000	40.0571	92	0
1527993114.888542000	40.0582	296	0
1527993114.890152000	40.0599	103	1
1527993115.211553000	40.3813	389	1
1527993115.211637000	40.3813	261	1
1527993115.229406000	40.3991	87	0
1527993115.566535000	40.7362	255	0
1527993115.567732000	40.7374	148	0
1527993115.569194000	40.7389	106	1
1527993115.572334000	40.742	92	0
1527993115.573493000	40.7432	230	0
1527993115.575145000	40.7448	103	1
1527993115.764229000	40.9339	388	1
1527993115.764304000	40.934	260	1
1527993115.781925000	40.9516	87	0
1527993115.894389000	41.0641	233	0
1527993115.895537000	41.0652	148	0
1527993115.897206000	41.0669	106	1
1527993115.904128000	41.0738	92	0
1527993115.905348000	41.075	212	0
1527993115.907201000	41.0769	103	1
1527993116.170461000	41.3402	389	1
1527993116.170517000	41.3402	258	1
1527993116.189568000	41.3593	87	0
1527993116.316226000	41.4859	256	0
1527993116.317490000	41.4872	148	0
1527993116.319233000	41.4889	106	1
1527993116.321560000	41.4913	92	0
1527993116.322834000	41.4925	98	0
1527993116.324164000	41.4939	103	1
1527993116.572465000	41.7422	393	1
1527993116.572562000	41.7423	257	1
1527993116.604247000	41.7739	87	0
1527993116.945818000	42.1155	256	0
1527993116.946964000	42.1167	148	0
1527993116.948273000	42.118	106	1
1527993116.950661000	42.1204	92	0
1527993116.951887000	42.1216	165	0
1527993116.953196000	42.1229	103	1
1527993117.075420000	42.2451	389	1
1527993117.075514000	42.2452	257	1
1527993117.093391000	42.2631	87	0
1527993117.423169000	42.5929	286	0
1527993117.424375000	42.5941	148	0
1527993117.426236000	42.5959	106	1
1527993117.428195000	42.5979	92	0
1527993117.429523000	42.5992	153	0
1527993117.431223000	42.6009	103	1
1527993118.519867000	43.6896	371	1
1527993118.519961000	43.6897	1412	1
1527993118.519984000	43.6897	1412	1
1527993118.520013000	43.6897	1412	1
1527993118.520063000	43.6898	547	1
1527993118.537694000	43.7074	87	0
1527993118.564273000	43.734	326	1
1527993118.564329000	43.734	221	1
1527993118.581611000	43.7513	87	0
1527993118.666299000	43.836	482	0
1527993118.669078000	43.8388	106	1
1527993118.674794000	43.8445	80	0
1527993118.677085000	43.8468	100	1
1527993118.916741000	44.0864	299	0
1527993118.917870000	44.0876	148	0
1527993118.920156000	44.0899	103	1
1527993118.920429000	44.0901	92	0
1527993118.921583000	44.0913	328	0
1527993118.923070000	44.0928	103	1
1527993119.034400000	44.2041	998	1
1527993119.034493000	44.2042	501	1
1527993119.052511000	44.2222	87	0
1527993119.387726000	44.5574	256	0
1527993119.388867000	44.5586	148	0
1527993119.391184000	44.5609	106	1
1527993119.392375000	44.5621	92	0
1527993119.393548000	44.5632	302	0
1527993119.395167000	44.5649	103	1
1527993119.539545000	44.7092	393	1
1527993119.539641000	44.7093	377	1
1527993119.557174000	44.7269	87	0
1527993119.888532000	45.0582	232	0
1527993119.889807000	45.0595	148	0
1527993119.891234000	45.0609	106	1
1527993119.892395000	45.0621	92	0
1527993119.893566000	45.0633	115	0
1527993119.895194000	45.0649	103	1
1527993121.046362000	46.2161	583	1
1527993121.046424000	46.2161	257	1
1527993121.063731000	46.2334	87	0
1527993121.403485000	46.5732	255	0
1527993121.404627000	46.5743	148	0
1527993121.406883000	46.5766	106	1
1527993121.408766000	46.5785	92	0
1527993121.410049000	46.5798	276	0
1527993121.411867000	46.5816	103	1
1527993121.477342000	46.647	790	1
1527993121.477432000	46.6471	258	1
1527993121.495552000	46.6653	87	0
1527993121.831877000	47.0016	278	0
1527993121.833066000	47.0028	148	0
1527993121.834900000	47.0046	106	1
1527993121.836789000	47.0065	92	0
1527993121.838020000	47.0077	182	0
1527993121.839907000	47.0096	103	1
1527993122.252653000	47.4224	391	1
1527993122.252720000	47.4224	259	1
1527993122.285962000	47.4557	391	1
1527993122.288896000	47.4586	87	0
1527993122.302855000	47.4726	87	0
1527993122.628148000	47.7978	325	0
1527993122.629337000	47.799	148	0
1527993122.630960000	47.8007	109	1
1527993122.633216000	47.8029	92	0
1527993122.634441000	47.8041	231	0
1527993122.635937000	47.8056	103	1
1527993122.813260000	47.983	389	1
1527993122.813321000	47.983	259	1
1527993122.831132000	48.0008	87	0
1527993123.176668000	48.3464	255	0
1527993123.177856000	48.3476	148	0
1527993123.180009000	48.3497	106	1
1527993123.182959000	48.3527	92	0
1527993123.184256000	48.354	306	0
1527993123.185908000	48.3556	103	1
1527993123.309785000	48.4795	388	1
1527993123.309867000	48.4796	259	1
1527993123.328569000	48.4983	87	0
1527993123.665996000	48.8357	235	0
1527993123.667163000	48.8369	148	0
1527993123.669008000	48.8387	106	1
1527993123.671113000	48.8408	92	0
1527993123.672342000	48.842	216	0
1527993123.674045000	48.8437	103	1
1527993123.856490000	49.0262	390	1
1527993123.856565000	49.0263	258	1
1527993123.884053000	49.0538	87	0
1527993124.392020000	49.5617	258	0
1527993124.393158000	49.5629	148	0
1527993124.395049000	49.5648	106	1
1527993124.399016000	49.5687	92	0
1527993124.400337000	49.57	274	0
1527993124.401977000	49.5717	103	1
1527993124.470409000	49.6401	390	1
1527993124.470497000	49.6402	377	1
1527993124.491212000	49.6609	87	0
1527993124.827117000	49.9968	235	0
1527993124.828308000	49.998	148	0
1527993124.829836000	49.9995	92	0
1527993124.830088000	49.9998	109	1
1527993124.863535000	50.0332	156	0
1527993124.866098000	50.0358	100	1
1527993125.821756000	50.9915	393	1
1527993125.821815000	50.9915	260	1
1527993125.841586000	51.0113	87	0
1527993126.181452000	51.3512	278	0
1527993126.182653000	51.3524	148	0
1527993126.184337000	51.354	106	1
1527993126.186921000	51.3566	92	0
1527993126.188148000	51.3578	289	0
1527993126.189316000	51.359	103	1
1527993126.231753000	51.4015	388	1
1527993126.231820000	51.4015	258	1
1527993126.250315000	51.42	87	0
1527993126.620819000	51.7905	263	0
1527993126.622015000	51.7917	148	0
1527993126.623292000	51.793	106	1
1527993126.626649000	51.7964	92	0
1527993126.627865000	51.7976	302	0
1527993126.629293000	51.799	103	1
1527993126.734217000	51.9039	394	1
1527993126.734309000	51.904	439	1
1527993126.753304000	51.923	87	0
1527993126.758636000	51.9283	87	0
1527993127.090184000	52.2599	305	0
1527993127.091332000	52.261	148	0
1527993127.092965000	52.2627	92	0
1527993127.093386000	52.2631	112	1
1527993127.094211000	52.2639	143	0
1527993127.097375000	52.2671	100	1
1527993127.613936000	52.7836	998	1
1527993127.613996000	52.7837	257	1
1527993127.636950000	52.8067	87	0
1527993127.986764000	53.1565	256	0
1527993127.987900000	53.1576	148	0
1527993127.989463000	53.1592	106	1
1527993127.989921000	53.1596	92	0
1527993127.991225000	53.1609	283	0
1527993127.992388000	53.1621	103	1
1527993128.280497000	53.4502	370	1
1527993128.280550000	53.4503	1412	1
1527993128.280587000	53.4503	1412	1
1527993128.280628000	53.4503	1412	1
1527993128.280662000	53.4504	548	1
1527993128.299561000	53.4693	87	0
1527993128.624593000	53.7943	411	0
1527993128.625549000	53.7953	103	1
1527993128.631484000	53.8012	80	0
1527993128.640611000	53.8103	100	1
1527993128.876466000	54.0462	583	1
1527993128.876556000	54.0463	257	1
1527993128.894318000	54.064	87	0
1527993129.227518000	54.3972	309	0
1527993129.228663000	54.3984	148	0
1527993129.230134000	54.3998	106	1
1527993129.232459000	54.4022	92	0
1527993129.233748000	54.4034	231	0
1527993129.235022000	54.4047	103	1
1527993129.399608000	54.5693	791	1
1527993129.399722000	54.5694	261	1
1527993129.421003000	54.5907	87	0
1527993129.753399000	54.9231	233	0
1527993129.754524000	54.9242	148	0
1527993129.756131000	54.9258	106	1
1527993129.757267000	54.927	92	0
1527993129.758491000	54.9282	240	0
1527993129.760120000	54.9298	103	1
1527993129.768017000	54.9377	392	1
1527993129.768101000	54.9378	259	1
1527993129.785444000	54.9551	87	0
1527993129.902083000	55.0718	278	0
1527993129.903305000	55.073	148	0
1527993129.905140000	55.0748	106	1
1527993129.905408000	55.0751	92	0
1527993129.906568000	55.0763	111	0
1527993129.908126000	55.0778	103	1
1527993130.182276000	55.352	388	1
1527993130.182346000	55.352	257	1
1527993130.200453000	55.3702	87	0
1527993130.537156000	55.7069	325	0
1527993130.538326000	55.708	148	0
1527993130.540175000	55.7099	106	1
1527993130.541149000	55.7109	92	0
1527993130.542440000	55.7121	158	0
1527993130.544103000	55.7138	103	1
1527993130.728451000	55.8982	389	1
1527993130.728542000	55.8982	261	1
1527993130.746755000	55.9165	87	0
1527993131.084083000	56.2538	233	0
1527993131.085238000	56.2549	148	0
1527993131.087206000	56.2569	106	1
1527993131.089628000	56.2593	92	0
1527993131.090927000	56.2606	197	0
1527993131.092162000	56.2619	103	1
1527993131.102246000	56.2719	393	1
1527993131.102295000	56.272	258	1
1527993131.119447000	56.2891	87	0
1527993131.470244000	56.6399	255	0
1527993131.471447000	56.6411	148	0
1527993131.472673000	56.6424	92	0
1527993131.473168000	56.6429	109	1
1527993131.473876000	56.6436	259	0
1527993131.476161000	56.6459	100	1
1527993131.674717000	56.8444	388	1
1527993131.674802000	56.8445	258	1
1527993131.696660000	56.8664	87	0
1527993131.708559000	56.8783	87	0
1527993131.807526000	56.9772	233	0
1527993131.808708000	56.9784	148	0
1527993131.810244000	56.9799	109	1
1527993131.812211000	56.9819	92	0
1527993131.813460000	56.9832	107	0
1527993131.815236000	56.9849	103	1
1527993132.243449000	57.4132	389	1
1527993132.243540000	57.4132	257	1
1527993132.261392000	57.4311	87	0
1527993132.377646000	57.5473	256	0
1527993132.378836000	57.5485	148	0
1527993132.380289000	57.55	106	1
1527993132.381727000	57.5514	92	0
1527993132.382993000	57.5527	237	0
1527993132.384207000	57.5539	103	1
1527993132.477673000	57.6474	389	1
1527993132.477761000	57.6475	257	1
1527993132.495878000	57.6656	87	0
1527993132.848131000	58.0178	258	0
1527993132.849332000	58.019	148	0
1527993132.851263000	58.021	106	1
1527993132.851787000	58.0215	92	0
1527993132.853009000	58.0227	182	0
1527993132.854232000	58.0239	103	1
1527993133.035482000	58.2052	393	1
1527993133.035566000	58.2053	260	1
1527993133.064233000	58.2339	87	0
1527993133.186931000	58.3566	284	0
1527993133.188058000	58.3578	148	0
1527993133.189271000	58.359	92	0
1527993133.190274000	58.36	109	1
1527993133.190599000	58.3603	330	0
1527993133.193263000	58.363	100	1
1527993133.382710000	58.5524	993	1
1527993133.382801000	58.5525	258	1
1527993133.403994000	58.5737	87	0
1527993133.512270000	58.682	303	0
1527993133.513485000	58.6832	148	0
1527993133.515277000	58.685	106	1
1527993133.516249000	58.686	92	0
1527993133.517454000	58.6872	260	0
1527993133.519300000	58.689	103	1
1527993133.713717000	58.8834	389	1
1527993133.713778000	58.8835	258	1
1527993133.733127000	58.9028	87	0
1527993134.067835000	59.2375	235	0
1527993134.068968000	59.2387	148	0
1527993134.070380000	59.2401	106	1
1527993134.072218000	59.2419	92	0
1527993134.073409000	59.2431	206	0
1527993134.075390000	59.2451	103	1
1527993134.215481000	59.3852	390	1
1527993134.215546000	59.3852	258	1
1527993134.252387000	59.4221	390	1
1527993134.252778000	59.4225	87	0
1527993134.273763000	59.4435	87	0
1527993134.364374000	59.5341	256	0
1527993134.365697000	59.5354	148	0
1527993134.367390000	59.5371	109	1
1527993134.369882000	59.5396	92	0
1527993134.371165000	59.5409	318	0
1527993134.372351000	59.5421	103	1
1527993134.903670000	60.0734	588	1
1527993134.903762000	60.0735	257	1
1527993134.921354000	60.0911	87	0
1527993135.037433000	60.2071	233	0
1527993135.038688000	60.2084	148	0
1527993135.040433000	60.2101	106	1
1527993135.042796000	60.2125	92	0
1527993135.044075000	60.2138	161	0
1527993135.045356000	60.2151	103	1
1527993135.154127000	60.3238	788	1
1527993135.154190000	60.3239	260	1
1527993135.192512000	60.3622	788	1
1527993135.199909000	60.3696	87	0
1527993135.219519000	60.3892	87	0
1527993135.310366000	60.4801	256	0
1527993135.311528000	60.4812	148	0
1527993135.313447000	60.4831	109	1
1527993135.314903000	60.4846	92	0
1527993135.316135000	60.4858	102	0
1527993135.317435000	60.4871	103	1
1527993135.364358000	60.5341	92	0
1527993135.367457000	60.5372	100	1
1527993135.887830000	61.0575	389	1
1527993135.887916000	61.0576	258	1
1527993135.905340000	61.075	87	0
1527993135.910921000	61.0806	87	0
1527993136.030633000	61.2003	289	0
1527993136.031883000	61.2016	148	0
1527993136.033489000	61.2032	109	1
1527993136.035574000	61.2053	92	0
1527993136.036849000	61.2066	178	0
1527993136.038476000	61.2082	103	1
1527993136.448982000	61.6187	390	1
1527993136.449077000	61.6188	260	1
1527993136.484521000	61.6542	87	0
1527993136.601032000	61.7707	304	0
1527993136.602302000	61.772	148	0
1527993136.603519000	61.7732	106	1
1527993136.607696000	61.7774	92	0
1527993136.608929000	61.7786	268	0
1527993136.610498000	61.7802	103	1
1527993136.977817000	62.1475	390	1
1527993136.977876000	62.1476	258	1
1527993136.993711000	62.1634	100	0
1527993136.996525000	62.1662	100	1
1527993137.000512000	62.1702	87	0
1527993137.393424000	62.5631	325	0
1527993137.393859000	62.5636	148	0
1527993137.395493000	62.5652	92	0
1527993137.396554000	62.5663	109	1
1527993137.396687000	62.5664	290	0
1527993137.399567000	62.5693	100	1
1527993137.421285000	62.591	392	1
1527993137.421372000	62.5911	258	1
1527993137.437710000	62.6074	325	0
1527993137.440559000	62.6103	100	1
1527993137.463545000	62.6332	392	1
1527993137.477464000	62.6472	148	0
1527993137.480539000	62.6502	100	1
1527993137.506508000	62.6762	258	1
1527993137.557954000	62.7277	87	0
1527993137.669603000	62.8393	235	0
1527993137.670965000	62.8407	148	0
1527993137.672547000	62.8422	106	1
1527993137.673792000	62.8435	92	0
1527993137.675024000	62.8447	302	0
1527993137.676524000	62.8462	103	1
1527993138.029533000	63.1992	390	1
1527993138.029618000	63.1993	258	1
1527993138.077711000	63.2474	87	0
1527993138.193538000	63.3632	255	0
1527993138.194734000	63.3644	148	0
1527993138.196548000	63.3662	106	1
1527993138.197621000	63.3673	92	0
1527993138.198784000	63.3685	270	0
1527993138.200571000	63.3703	103	1
1527993138.592046000	63.7617	388	1
1527993138.592108000	63.7618	258	1
1527993138.611805000	63.7815	87	0
1527993138.952804000	64.1225	235	0
1527993138.953936000	64.1236	148	0
1527993138.955608000	64.1253	106	1
1527993138.956981000	64.1267	92	0
1527993138.958208000	64.1279	188	0
1527993138.959589000	64.1293	103	1
1527993138.967972000	64.1377	390	1
1527993138.968061000	64.1378	258	1
1527993138.985743000	64.1554	87	0
1527993139.107951000	64.2777	233	0
1527993139.109099000	64.2788	148	0
1527993139.110622000	64.2803	106	1
1527993139.111199000	64.2809	92	0
1527993139.112427000	64.2821	134	0
1527993139.113592000	64.2833	103	1
1527993139.237633000	64.4073	392	1
1527993139.237694000	64.4074	259	1
1527993139.257319000	64.427	87	0
1527993139.365734000	64.5354	258	0
1527993139.366869000	64.5366	148	0
1527993139.368638000	64.5383	106	1
1527993139.370471000	64.5402	92	0
1527993139.371624000	64.5413	107	0
1527993139.373640000	64.5433	103	1
1527993139.652921000	64.8226	994	1
1527993139.652985000	64.8227	258	1
1527993139.670895000	64.8406	87	0
1527993140.018476000	65.1882	258	0
1527993140.019608000	65.1893	148	0
1527993140.021733000	65.1914	106	1
1527993140.023454000	65.1932	92	0
1527993140.024634000	65.1943	234	0
1527993140.026663000	65.1964	103	1
1527993140.243973000	65.4137	390	1
1527993140.244041000	65.4137	258	1
1527993140.261320000	65.431	87	0
1527993140.369045000	65.5387	284	0
1527993140.370325000	65.54	148	0
1527993140.371738000	65.5414	106	1
1527993140.373003000	65.5427	92	0
1527993140.374222000	65.5439	94	0
1527993140.375741000	65.5454	103	1
1527993140.652862000	65.8226	389	1
1527993140.652925000	65.8226	259	1
1527993140.670779000	65.8405	87	0
1527993140.779277000	65.949	303	0
1527993140.780498000	65.9502	148	0
1527993140.781784000	65.9515	106	1
1527993140.783364000	65.9531	92	0
1527993140.784528000	65.9542	148	0
1527993140.785688000	65.9554	103	1
1527993141.079166000	66.2489	584	1
1527993141.079254000	66.249	258	1
1527993141.103067000	66.2728	87	0
1527993141.215427000	66.3851	255	0
1527993141.216562000	66.3863	148	0
1527993141.218795000	66.3885	106	1
1527993141.219296000	66.389	92	0
1527993141.220527000	66.3902	152	0
1527993141.221715000	66.3914	103	1
1527993141.298895000	66.4686	787	1
1527993141.298988000	66.4687	258	1
1527993141.316719000	66.4864	87	0
1527993141.438206000	66.6079	233	0
1527993141.439338000	66.609	148	0
1527993141.440762000	66.6105	106	1
1527993141.442722000	66.6124	92	0
1527993141.445160000	66.6149	102	0
1527993141.445723000	66.6154	103	1
1527993141.623315000	66.793	393	1
1527993141.623377000	66.7931	262	1
1527993141.653462000	66.8232	87	0
1527993141.774617000	66.9443	232	0
1527993141.775806000	66.9455	148	0
1527993141.777824000	66.9475	106	1
1527993141.779535000	66.9492	92	0
1527993141.780890000	66.9506	258	0
1527993141.781740000	66.9514	103	1
1527993142.144308000	67.314	391	1
1527993142.144405000	67.3141	260	1
1527993142.162858000	67.3326	87	0
1527993142.282247000	67.4519	255	0
1527993142.283377000	67.4531	148	0
1527993142.284620000	67.4543	92	0
1527993142.284862000	67.4546	109	1
1527993142.285813000	67.4555	196	0
1527993142.288846000	67.4585	100	1
1527993142.453092000	67.6228	388	1
1527993142.453178000	67.6229	259	1
1527993142.471223000	67.6409	87	0
1527993142.583215000	67.7529	287	0
1527993142.584430000	67.7541	148	0
1527993142.585601000	67.7553	92	0
1527993142.585823000	67.7555	109	1
1527993142.586829000	67.7565	171	0
1527993142.589861000	67.7596	100	1
1527993143.581447000	68.7511	393	1
1527993143.581512000	68.7512	261	1
1527993143.601136000	68.7708	87	0
1527993143.709706000	68.8794	302	0
1527993143.710964000	68.8807	148	0
1527993143.712687000	68.8824	106	1
1527993143.713949000	68.8837	92	0
1527993143.715175000	68.8849	189	0
1527993143.716712000	68.8864	103	1
1527993143.799863000	68.9696	389	1
1527993143.799996000	68.9697	260	1
1527993143.819588000	68.9893	87	0
1527993143.866850000	69.0366	303	1
1527993143.866955000	69.0367	1412	1
1527993143.866999000	69.0367	1412	1
1527993143.867021000	69.0367	1412	1
1527993143.867042000	69.0367	827	1
1527993143.885832000	69.0555	87	0
1527993143.927519000	69.0972	302	0
1527993143.928666000	69.0984	148	0
1527993143.930737000	69.1004	109	1
1527993143.931275000	69.101	92	0
1527993143.933716000	69.1034	100	1
1527993143.935037000	69.1047	298	0
1527993143.937748000	69.1074	100	1
1527993143.987688000	69.1574	398	0
1527993143.990736000	69.1604	100	1
1527993143.999117000	69.1688	80	0
1527993144.001726000	69.1714	100	1
1527993144.249881000	69.4196	388	1
1527993144.249974000	69.4197	259	1
1527993144.267344000	69.437	87	0
1527993144.386417000	69.5561	256	0
1527993144.387572000	69.5573	148	0
1527993144.389702000	69.5594	106	1
1527993144.390614000	69.5603	92	0
1527993144.391885000	69.5616	339	0
1527993144.393754000	69.5635	103	1
1527993144.615139000	69.7848	389	1
1527993144.615234000	69.7849	262	1
1527993144.633987000	69.8037	87	0
1527993144.773710000	69.9434	235	0
1527993144.774864000	69.9446	148	0
1527993144.776139000	69.9458	92	0
1527993144.776784000	69.9465	109	1
1527993144.777371000	69.9471	310	0
1527993144.779794000	69.9495	100	1
1527993145.354196000	70.5239	390	1
1527993145.354287000	70.524	260	1
1527993145.374988000	70.5447	87	0
1527993145.484638000	70.6543	256	0
1527993145.485845000	70.6555	148	0
1527993145.487821000	70.6575	106	1
1527993145.488852000	70.6586	92	0
1527993145.490190000	70.6599	136	0
1527993145.491828000	70.6615	103	1
1527993145.842323000	71.012	996	1
1527993145.842381000	71.0121	259	1
1527993145.860835000	71.0305	87	0
1527993145.974448000	71.1441	258	0
1527993145.975590000	71.1453	148	0
1527993145.977851000	71.1476	106	1
1527993145.978944000	71.1486	92	0
1527993145.980288000	71.15	246	0
1527993145.981838000	71.1515	103	1
1527993146.056935000	71.2266	390	1
1527993146.057003000	71.2267	259	1
1527993146.075802000	71.2455	87	0
1527993146.216661000	71.3864	286	0
1527993146.217853000	71.3876	148	0
1527993146.219864000	71.3896	106	1
1527993146.220319000	71.39	92	0
1527993146.221537000	71.3912	94	0
1527993146.222791000	71.3925	103	1
1527993146.868840000	72.0385	567	1
1527993146.868946000	72.0386	1412	1
1527993146.868983000	72.0387	1412	1
1527993146.869017000	72.0387	1412	1
1527993146.869053000	72.0388	1412	1
1527993146.869088000	72.0388	1412	1
1527993146.869122000	72.0388	1412	1
1527993146.869158000	72.0389	1412	1
1527993146.869180000	72.0389	1412	1
1527993146.869226000	72.0389	1412	1
1527993146.869261000	72.039	1412	1
1527993146.869297000	72.039	1412	1
1527993146.869330000	72.039	1412	1
1527993146.869365000	72.0391	1412	1
1527993146.869403000	72.0391	748	1
1527993146.894715000	72.0644	87	0
1527993146.898220000	72.0679	87	0
1527993147.051936000	72.2216	443	0
1527993147.053927000	72.2236	106	1
1527993147.057883000	72.2276	80	0
1527993147.069507000	72.2392	100	1
1527993147.493833000	72.6635	787	1
1527993147.493893000	72.6636	259	1
1527993147.532479000	72.7022	787	1
1527993147.571590000	72.7413	259	1
1527993147.673558000	72.8433	87	0
1527993147.703818000	72.8735	255	0
1527993147.704961000	72.8747	148	0
1527993147.706237000	72.8759	92	0
1527993147.706479000	72.8762	109	1
1527993147.707459000	72.8772	322	0
1527993147.710543000	72.8802	100	1
1527993147.741562000	72.9113	388	1
1527993147.741648000	72.9113	261	1
1527993147.743838000	72.9135	87	0
1527993147.762704000	72.9324	87	0
1527993147.877357000	73.0471	232	0
1527993147.878513000	73.0482	148	0
1527993147.879779000	73.0495	92	0
1527993147.880540000	73.0502	112	1
1527993147.881264000	73.051	149	0
1527993147.883500000	73.0532	100	1
1527993148.092912000	73.2626	388	1
1527993148.093001000	73.2627	259	1
1527993148.109655000	73.2794	87	0
1527993148.225280000	73.395	312	0
1527993148.226407000	73.3961	148	0
1527993148.228554000	73.3983	106	1
1527993148.234451000	73.4042	92	0
1527993148.235674000	73.4054	171	0
1527993148.237545000	73.4072	103	1
1527993148.337544000	73.5072	390	1
1527993148.337638000	73.5073	259	1
1527993148.355460000	73.5252	87	0
1527993148.477535000	73.6472	279	0
1527993148.478734000	73.6484	148	0
1527993148.480533000	73.6502	106	1
1527993148.481090000	73.6508	92	0
1527993148.482339000	73.652	160	0
1527993148.483502000	73.6532	103	1
1527993148.554726000	73.7244	393	1
1527993148.554802000	73.7245	262	1
1527993148.573895000	73.7436	87	0
1527993148.695897000	73.8656	301	0
1527993148.697081000	73.8668	148	0
1527993148.698591000	73.8683	106	1
1527993148.715687000	73.8854	92	0
1527993148.716943000	73.8866	254	0
1527993148.718548000	73.8882	103	1
1527993148.736746000	73.9064	92	0
1527993148.739534000	73.9092	100	1
1527993149.098022000	74.2677	392	1
1527993149.098089000	74.2678	261	1
1527993149.119148000	74.2888	87	0
1527993149.231141000	74.4008	258	0
1527993149.232289000	74.402	148	0
1527993149.233570000	74.4033	106	1
1527993149.235446000	74.4051	92	0
1527993149.236675000	74.4064	163	0
1527993149.238563000	74.4083	103	1
1527993149.398794000	74.5685	393	1
1527993149.398875000	74.5686	260	1
1527993149.421106000	74.5908	87	0
1527993149.538994000	74.7087	235	0
1527993149.540374000	74.7101	148	0
1527993149.541586000	74.7113	106	1
1527993149.543947000	74.7136	92	0
1527993149.545180000	74.7149	263	0
1527993149.546574000	74.7163	103	1
1527993149.787882000	74.9576	390	1
1527993149.787959000	74.9577	260	1
1527993149.809752000	74.9795	87	0
1527993149.813521000	74.9832	87	0
1527993149.920462000	75.0902	233	0
1527993149.921607000	75.0913	148	0
1527993149.923615000	75.0933	109	1
1527993149.926515000	75.0962	92	0
1527993149.927801000	75.0975	333	0
1527993149.929606000	75.0993	103	1
1527993150.268024000	75.4377	389	1
1527993150.268118000	75.4378	259	1
1527993150.288524000	75.4582	87	0
1527993150.398530000	75.5682	256	0
1527993150.399717000	75.5694	148	0
1527993150.401652000	75.5714	106	1
1527993150.403517000	75.5732	92	0
1527993150.404729000	75.5744	253	0
1527993150.406667000	75.5764	103	1
1527993150.682592000	75.8523	997	1
1527993150.682685000	75.8524	264	1
1527993150.701091000	75.8708	87	0
1527993151.033706000	76.2034	233	0
1527993151.034836000	76.2045	148	0
1527993151.036728000	76.2064	106	1
1527993151.038692000	76.2084	92	0
1527993151.039912000	76.2096	85	0
1527993151.041719000	76.2114	103	1
1527993151.222045000	76.3917	389	1
1527993151.222118000	76.3918	260	1
1527993151.244160000	76.4139	87	0
1527993151.359139000	76.5288	256	0
1527993151.360461000	76.5302	148	0
1527993151.361741000	76.5314	106	1
1527993151.362936000	76.5326	92	0
1527993151.364166000	76.5339	191	0
1527993151.365683000	76.5354	103	1
1527993151.687027000	76.8567	587	1
1527993151.687118000	76.8568	317	1
1527993151.705029000	76.8747	87	0
1527993151.835273000	77.005	255	0
1527993151.836430000	77.0061	148	0
1527993151.837798000	77.0075	106	1
1527993151.839740000	77.0094	92	0
1527993151.841096000	77.0108	150	0
1527993151.842764000	77.0125	103	1
1527993152.231984000	77.4017	790	1
1527993152.232044000	77.4017	259	1
1527993152.252072000	77.4218	87	0
1527993152.548148000	77.7178	287	0
1527993152.549418000	77.7191	148	0
1527993152.550750000	77.7205	106	1
1527993152.555687000	77.7254	92	0
1527993152.556920000	77.7266	327	0
1527993152.558818000	77.7285	103	1
1527993152.593808000	77.7635	92	0
1527993152.596748000	77.7664	100	1
1527993152.677349000	77.8471	391	1
1527993152.677414000	77.8471	262	1
1527993152.696936000	77.8666	87	0
1527993152.809006000	77.9787	303	0
1527993152.810168000	77.9799	148	0
1527993152.811881000	77.9816	106	1
1527993152.814395000	77.9841	92	0
1527993152.815678000	77.9854	170	0
1527993152.816751000	77.9865	103	1
1527993153.157200000	78.3269	389	1
1527993153.157265000	78.327	260	1
1527993153.190114000	78.3598	87	0
1527993153.302182000	78.4719	255	0
1527993153.303414000	78.4731	148	0
1527993153.304868000	78.4746	106	1
1527993153.306494000	78.4762	92	0
1527993153.307718000	78.4774	300	0
1527993153.308784000	78.4785	103	1
1527993153.569521000	78.7392	388	1
1527993153.569586000	78.7393	262	1
1527993153.590296000	78.76	87	0
1527993153.717744000	78.8874	233	0
1527993153.718883000	78.8886	148	0
1527993153.720882000	78.8906	106	1
1527993153.722034000	78.8917	92	0
1527993153.723328000	78.893	245	0
1527993153.724873000	78.8946	103	1
1527993154.027060000	79.1968	393	1
1527993154.027132000	79.1968	223	1
1527993154.066390000	79.2361	87	0
1527993154.162527000	79.3322	256	0
1527993154.163777000	79.3335	148	0
1527993154.165899000	79.3356	106	1
1527993154.167157000	79.3369	92	0
1527993154.168436000	79.3381	116	0
1527993154.169891000	79.3396	103	1
1527993157.112336000	82.282	389	1
1527993157.112412000	82.2821	260	1
1527993157.129530000	82.2992	87	0
1527993157.268320000	82.438	356	0
1527993157.269529000	82.4392	148	0
1527993157.271009000	82.4407	106	1
1527993157.272786000	82.4425	92	0
1527993157.274023000	82.4437	296	0
1527993157.277611000	82.4473	103	1
1527993157.478379000	82.6481	389	1
1527993157.478468000	82.6482	259	1
1527993157.499692000	82.6694	87	0
1527993157.613552000	82.7833	302	0
1527993157.614878000	82.7846	148	0
1527993157.616102000	82.7858	106	1
1527993157.617242000	82.7869	92	0
1527993157.618470000	82.7882	223	0
1527993157.620108000	82.7898	103	1
1527993157.657082000	82.8268	302	0
1527993157.660093000	82.8298	100	1
1527993157.699098000	82.8688	148	0
1527993157.702067000	82.8718	100	1
1527993157.754272000	82.924	393	1
1527993157.754338000	82.924	262	1
1527993157.773366000	82.9431	87	0
1527993157.900082000	83.0698	235	0
1527993157.901400000	83.0711	148	0
1527993157.903102000	83.0728	106	1
1527993157.905086000	83.0748	92	0
1527993157.906350000	83.0761	123	0
1527993157.908132000	83.0778	103	1
1527993158.022459000	83.1922	393	1
1527993158.022531000	83.1922	260	1
1527993158.039601000	83.2093	87	0
1527993158.176371000	83.3461	256	0
1527993158.177554000	83.3473	148	0
1527993158.179118000	83.3488	106	1
1527993158.182077000	83.3518	92	0
1527993158.183286000	83.353	188	0
1527993158.185137000	83.3548	103	1
1527993158.376321000	83.546	993	1
1527993158.376413000	83.5461	262	1
1527993158.400375000	83.5701	87	0
1527993158.529138000	83.6988	235	0
1527993158.530335000	83.7	148	0
1527993158.532157000	83.7019	106	1
1527993158.536986000	83.7067	92	0
1527993158.538219000	83.7079	208	0
1527993158.540107000	83.7098	103	1
1527993158.663260000	83.833	390	1
1527993158.663315000	83.833	259	1
1527993158.681089000	83.8508	87	0
1527993158.797350000	83.9671	235	0
1527993158.798568000	83.9683	148	0
1527993158.800096000	83.9698	106	1
1527993158.802515000	83.9722	92	0
1527993158.803744000	83.9734	153	0
1527993158.805103000	83.9748	103	1
1527993159.153596000	84.3233	589	1
1527993159.153658000	84.3234	263	1
1527993159.170577000	84.3403	87	0
1527993159.282349000	84.4521	255	0
1527993159.283489000	84.4532	148	0
1527993159.285204000	84.4549	106	1
1527993159.285680000	84.4554	92	0
1527993159.286906000	84.4566	290	0
1527993159.288169000	84.4579	103	1
1527993159.466398000	84.6361	790	1
1527993159.466471000	84.6362	259	1
1527993159.484682000	84.6544	87	0
1527993159.597533000	84.7672	233	0
1527993159.598715000	84.7684	148	0
1527993159.600217000	84.7699	106	1
1527993159.601185000	84.7709	92	0
1527993159.602439000	84.7721	130	0
1527993159.604206000	84.7739	103	1
1527993159.903400000	85.0731	389	1
1527993159.903483000	85.0732	260	1
1527993159.921329000	85.091	87	0
1527993160.035089000	85.2048	233	0
1527993160.036230000	85.2059	148	0
1527993160.038254000	85.208	106	1
1527993160.039517000	85.2092	92	0
1527993160.040891000	85.2106	271	0
1527993160.042233000	85.2119	103	1
1527993160.289994000	85.4597	389	1
1527993160.290082000	85.4598	260	1
1527993160.309006000	85.4787	87	0
1527993160.435100000	85.6048	281	0
1527993160.436237000	85.6059	148	0
1527993160.437915000	85.6076	92	0
1527993160.438200000	85.6079	109	1
1527993160.439203000	85.6089	247	0
1527993160.442256000	85.612	100	1
1527993160.607433000	85.7771	390	1
1527993160.607530000	85.7772	262	1
1527993160.632261000	85.802	87	0
1527993160.750829000	85.9205	263	0
1527993160.751976000	85.9217	148	0
1527993160.754296000	85.924	106	1
1527993160.758248000	85.9279	92	0
1527993160.759517000	85.9292	132	0
1527993160.761275000	85.931	103	1
1527993160.794513000	85.9642	263	0
1527993160.797280000	85.967	100	1
1527993160.910650000	86.0804	390	1
1527993160.910711000	86.0804	262	1
1527993160.928579000	86.0983	87	0
1527993161.042741000	86.2124	305	0
1527993161.043886000	86.2136	148	0
1527993161.045300000	86.215	106	1
1527993161.047442000	86.2171	92	0
1527993161.048609000	86.2183	164	0
1527993161.050287000	86.22	103	1
1527993161.281810000	86.4515	390	1
1527993161.281870000	86.4516	262	1
1527993161.299582000	86.4693	87	0
1527993161.418556000	86.5883	256	0
1527993161.419818000	86.5895	148	0
1527993161.421319000	86.591	106	1
1527993161.424117000	86.5938	92	0
1527993161.425283000	86.595	241	0
1527993161.427256000	86.597	103	1
1527993161.753474000	86.9232	389	1
1527993161.753571000	86.9233	260	1
1527993161.775533000	86.9452	87	0
1527993161.778061000	86.9478	87	0
1527993161.881849000	87.0516	232	0
1527993161.882997000	87.0527	148	0
1527993161.884358000	87.0541	109	1
1527993161.886149000	87.0559	92	0
1527993161.887374000	87.0571	159	0
1527993161.889380000	87.0591	103	1
1527993162.249551000	87.4193	388	1
1527993162.249610000	87.4193	260	1
1527993162.285400000	87.4551	388	1
1527993162.302340000	87.472	87	0
1527993162.305042000	87.4747	87	0
1527993162.338187000	87.5079	87	0
1527993162.435804000	87.6055	256	0
1527993162.437021000	87.6067	148	0
1527993162.438380000	87.6081	112	1
1527993162.441451000	87.6112	92	0
1527993162.442691000	87.6124	110	0
1527993162.444469000	87.6142	103	1
1527993162.595604000	87.7653	389	1
1527993162.595671000	87.7654	259	1
1527993162.612775000	87.7825	87	0
1527993162.751211000	87.9209	335	0
1527993162.752431000	87.9221	148	0
1527993162.754400000	87.9241	106	1
1527993162.756608000	87.9263	92	0
1527993162.757827000	87.9275	323	0
1527993162.759323000	87.929	103	1
1527993162.964575000	88.1343	390	1
1527993162.964671000	88.1344	259	1
1527993162.983407000	88.1531	87	0
1527993163.101385000	88.2711	304	0
1527993163.102569000	88.2723	148	0
1527993163.104411000	88.2741	106	1
1527993163.106308000	88.276	92	0
1527993163.107475000	88.2772	161	0
1527993163.109367000	88.2791	103	1
1527993163.330874000	88.5006	998	1
1527993163.330949000	88.5007	262	1
1527993163.349395000	88.5191	87	0
1527993163.465528000	88.6352	256	0
1527993163.466748000	88.6364	148	0
1527993163.468431000	88.6381	106	1
1527993163.471485000	88.6412	92	0
1527993163.472773000	88.6425	309	0
1527993163.474454000	88.6442	103	1
1527993163.937685000	89.1074	389	1
1527993163.937763000	89.1075	262	1
1527993163.961975000	89.1317	87	0
1527993164.083876000	89.2536	236	0
1527993164.085015000	89.2547	148	0
1527993164.086472000	89.2562	106	1
1527993164.088338000	89.258	92	0
1527993164.089508000	89.2592	258	0
1527993164.091464000	89.2612	103	1
1527993164.393780000	89.5635	589	1
1527993164.393841000	89.5635	260	1
1527993164.428465000	89.5982	87	0
1527993164.434524000	89.6042	87	0
1527993164.585626000	89.7553	256	0
1527993164.586886000	89.7566	148	0
1527993164.588530000	89.7582	109	1
1527993164.598955000	89.7687	92	0
1527993164.600184000	89.7699	309	0
1527993164.601442000	89.7711	103	1
1527993164.603630000	89.7733	256	0
1527993164.606490000	89.7762	100	1
1527993164.699732000	89.8694	791	1
1527993164.699796000	89.8695	259	1
1527993164.717847000	89.8875	87	0
1527993165.062496000	90.2322	233	0
1527993165.063629000	90.2333	148	0
1527993165.065541000	90.2352	106	1
1527993165.067253000	90.237	92	0
1527993165.068473000	90.2382	89	0
1527993165.069438000	90.2391	103	1
1527993165.228233000	90.3979	388	1
1527993165.228320000	90.398	259	1
1527993165.247147000	90.4168	87	0
1527993165.373465000	90.5432	259	0
1527993165.374610000	90.5443	148	0
1527993165.376541000	90.5462	106	1
1527993165.379547000	90.5492	92	0
1527993165.380850000	90.5506	321	0
1527993165.382536000	90.5522	103	1
1527993165.675184000	90.8449	390	1
1527993165.675245000	90.8449	262	1
1527993165.693012000	90.8627	87	0
1527993165.812837000	90.9825	236	0
1527993165.813975000	90.9837	148	0
1527993165.815565000	90.9853	106	1
1527993165.833061000	91.0028	92	0
1527993165.834285000	91.004	127	0
1527993165.835523000	91.0052	103	1
1527993165.870743000	91.0404	236	0
1527993165.873520000	91.0432	100	1
1527993166.068688000	91.2384	391	1
1527993166.068752000	91.2385	259	1
1527993166.087272000	91.257	87	0
1527993166.205995000	91.3757	258	0
1527993166.207137000	91.3768	148	0
1527993166.208556000	91.3783	106	1
1527993166.223702000	91.3934	92	0
1527993166.224922000	91.3946	338	0
1527993166.226548000	91.3962	103	1
1527993166.496791000	91.6665	390	1
1527993166.496872000	91.6666	259	1
1527993166.525782000	91.6955	87	0
1527993166.531285000	91.701	87	0
1527993166.651210000	91.8209	258	0
1527993166.652349000	91.8221	148	0
1527993166.654584000	91.8243	109	1
1527993166.655840000	91.8255	92	0
1527993166.657121000	91.8268	132	0
1527993166.658566000	91.8283	103	1
1527993166.915143000	92.0848	393	1
1527993166.915238000	92.0849	263	1
1527993166.941405000	92.1111	87	0
1527993167.080453000	92.2502	260	0
1527993167.081720000	92.2514	148	0
1527993167.082930000	92.2526	92	0
1527993167.083592000	92.2533	109	1
1527993167.084181000	92.2539	262	0
1527993167.086576000	92.2563	100	1
1527993167.197874000	92.3676	388	1
1527993167.197961000	92.3677	260	1
1527993167.217161000	92.3869	87	0
1527993167.586641000	92.7563	326	0
1527993167.587845000	92.7575	148	0
1527993167.589669000	92.7594	106	1
1527993167.591310000	92.761	92	0
1527993167.592528000	92.7622	295	0
1527993167.593596000	92.7633	103	1
1527993167.694948000	92.8646	389	1
1527993167.695007000	92.8647	263	1
1527993167.714173000	92.8839	87	0
1527993167.837107000	93.0068	233	0
1527993167.838379000	93.0081	148	0
1527993167.839651000	93.0094	106	1
1527993167.843022000	93.0127	92	0
1527993167.844305000	93.014	302	0
1527993167.845674000	93.0154	103	1
1527993168.090808000	93.2605	389	1
1527993168.090903000	93.2606	259	1
1527993168.110205000	93.2799	87	0
1527993168.227852000	93.3976	258	0
1527993168.228999000	93.3987	148	0
1527993168.230726000	93.4004	106	1
1527993168.233525000	93.4032	92	0
1527993168.234817000	93.4045	325	0
1527993168.236702000	93.4064	103	1
1527993168.346797000	93.5165	389	1
1527993168.346894000	93.5166	259	1
1527993168.383484000	93.5532	87	0
1527993168.489537000	93.6592	232	0
1527993168.490695000	93.6604	148	0
1527993168.492696000	93.6624	106	1
1527993168.496749000	93.6665	92	0
1527993168.498044000	93.6677	273	0
1527993168.499683000	93.6694	103	1
1527993168.585183000	93.7549	996	1
1527993168.585277000	93.755	262	1
1527993168.606594000	93.7763	87	0
1527993168.732113000	93.9018	333	0
1527993168.733331000	93.903	148	0
1527993168.734747000	93.9044	106	1
1527993168.737070000	93.9068	92	0
1527993168.738254000	93.908	101	0
1527993168.739739000	93.9094	103	1
1527993169.370905000	94.5406	369	1
1527993169.371005000	94.5407	1412	1
1527993169.371046000	94.5407	1412	1
1527993169.371099000	94.5408	1412	1
1527993169.371119000	94.5408	252	1
1527993169.395614000	94.5653	87	0
1527993169.449949000	94.6197	521	1
1527993169.450039000	94.6197	223	1
1527993169.474682000	94.6444	87	0
1527993169.496607000	94.6663	414	0
1527993169.499831000	94.6695	106	1
1527993169.505611000	94.6753	80	0
1527993169.508788000	94.6785	100	1
1527993169.586631000	94.7563	314	0
1527993169.587808000	94.7575	148	0
1527993169.589794000	94.7595	103	1
1527993169.594003000	94.7637	92	0
1527993169.595228000	94.7649	132	0
1527993169.596731000	94.7664	103	1
1527993169.688023000	94.8577	793	1
1527993169.688103000	94.8578	255	1
1527993169.706683000	94.8764	87	0
1527993169.826493000	94.9962	233	0
1527993169.827672000	94.9974	148	0
1527993169.829807000	94.9995	106	1
1527993169.832763000	95.0025	92	0
1527993169.833987000	95.0037	166	0
1527993169.835734000	95.0054	103	1
1527993170.297967000	95.4677	392	1
1527993170.298055000	95.4678	260	1
1527993170.319046000	95.4887	87	0
1527993170.454225000	95.6239	256	0
1527993170.455440000	95.6251	148	0
1527993170.456847000	95.6265	106	1
1527993170.457128000	95.6268	92	0
1527993170.459820000	95.6295	100	1
1527993170.479722000	95.6494	124	0
1527993170.482833000	95.6525	100	1
1527993170.630053000	95.7998	393	1
1527993170.630113000	95.7998	261	1
1527993170.655952000	95.8257	87	0
1527993170.775298000	95.945	233	0
1527993170.776490000	95.9462	148	0
1527993170.777759000	95.9475	92	0
1527993170.777822000	95.9475	106	1
1527993170.778935000	95.9486	184	0
1527993170.780860000	95.9506	103	1
1527993170.948003000	96.1177	392	1
1527993170.948089000	96.1178	259	1
1527993170.966231000	96.1359	87	0
1527993171.090333000	96.26	233	0
1527993171.092869000	96.2626	103	1
1527993171.093163000	96.2629	148	0
1527993171.095208000	96.2649	92	0
1527993171.095866000	96.2656	103	1
1527993171.096511000	96.2662	339	0
1527993171.098866000	96.2686	100	1
1527993171.177181000	96.3469	389	1
1527993171.177273000	96.347	259	1
1527993171.204093000	96.3738	87	0
1527993171.310555000	96.4803	256	0
1527993171.311868000	96.4816	148	0
1527993171.313899000	96.4836	106	1
1527993171.316407000	96.4861	92	0
1527993171.317577000	96.4873	151	0
1527993171.318828000	96.4885	103	1
1527993171.498471000	96.6682	389	1
1527993171.498544000	96.6682	259	1
1527993171.523998000	96.6937	87	0
1527993171.637013000	96.8067	256	0
1527993171.638167000	96.8079	148	0
1527993171.639868000	96.8096	106	1
1527993171.665159000	96.8349	92	0
1527993171.666374000	96.8361	314	0
1527993171.667849000	96.8376	103	1
1527993171.683874000	96.8536	256	0
1527993171.686901000	96.8566	100	1
1527993171.906329000	97.076	393	1
1527993171.906390000	97.0761	263	1
1527993171.925207000	97.0949	87	0
1527993172.046199000	97.2159	261	0
1527993172.047391000	97.2171	148	0
1527993172.048938000	97.2186	106	1
1527993172.051898000	97.2216	92	0
1527993172.053126000	97.2228	134	0
1527993172.054927000	97.2246	103	1
1527993172.168077000	97.3378	389	1
1527993172.168144000	97.3378	262	1
1527993172.190972000	97.3607	87	0
1527993172.196432000	97.3661	87	0
1527993172.323723000	97.4934	325	0
1527993172.324921000	97.4946	148	0
1527993172.326894000	97.4966	109	1
1527993172.329639000	97.4993	92	0
1527993172.331310000	97.501	224	0
1527993172.332960000	97.5027	103	1
1527993172.370562000	97.5403	369	1
1527993172.370659000	97.5404	1412	1
1527993172.370697000	97.5404	1412	1
1527993172.370728000	97.5404	1412	1
1527993172.370764000	97.5405	1412	1
1527993172.370792000	97.5405	330	1
1527993172.399411000	97.5691	87	0
1527993172.506338000	97.676	374	0
1527993172.507523000	97.6772	80	0
1527993172.508967000	97.6787	106	1
1527993172.514050000	97.6838	992	1
1527993172.514135000	97.6838	259	1
1527993172.533164000	97.7029	87	0
1527993172.652350000	97.8221	233	0
1527993172.653527000	97.8232	148	0
1527993172.654963000	97.8247	106	1
1527993172.659177000	97.8289	92	0
1527993172.660400000	97.8301	294	0
1527993172.661899000	97.8316	103	1
1527993172.790137000	97.9598	389	1
1527993172.790236000	97.9599	260	1
1527993172.808889000	97.9786	87	0
1527993172.941650000	98.1114	333	0
1527993172.942901000	98.1126	148	0
1527993172.945046000	98.1147	106	1
1527993172.947525000	98.1172	92	0
1527993172.948814000	98.1185	124	0
1527993172.949906000	98.1196	103	1
1527993173.317261000	98.487	389	1
1527993173.317351000	98.4871	261	1
1527993173.334610000	98.5043	87	0
1527993173.452624000	98.6223	256	0
1527993173.453868000	98.6236	148	0
1527993173.456012000	98.6257	106	1
1527993173.456623000	98.6263	92	0
1527993173.457910000	98.6276	273	0
1527993173.458934000	98.6286	103	1
1527993174.593798000	99.7635	587	1
1527993174.593853000	99.7636	262	1
1527993174.614252000	99.784	87	0
1527993174.727554000	99.8973	258	0
1527993174.728830000	99.8985	148	0
1527993174.730878000	99.9006	106	1
1527993174.733061000	99.9028	92	0
1527993174.734285000	99.904	198	0
1527993174.735865000	99.9056	103	1
1527993174.930679000	100.1	789	1
1527993174.930776000	100.1	262	1
1527993174.949528000	100.119	87	0
1527993175.080289000	100.25	304	0
1527993175.081527000	100.251	148	0
1527993175.082894000	100.253	106	1
1527993175.085313000	100.255	92	0
1527993175.086525000	100.256	234	0
1527993175.087884000	100.258	103	1
1527993175.111791000	100.281	304	0
1527993175.114876000	100.285	100	1
1527993175.399703000	100.569	393	1
1527993175.399769000	100.569	260	1
1527993175.417477000	100.587	87	0
1527993175.532573000	100.702	258	0
1527993175.533837000	100.704	148	0
1527993175.535932000	100.706	106	1
1527993175.538243000	100.708	92	0
1527993175.539526000	100.709	138	0
1527993175.540998000	100.711	103	1
1527993176.032758000	101.202	393	1
1527993176.032849000	101.203	259	1
1527993176.052884000	101.223	87	0
1527993176.185887000	101.356	256	0
1527993176.187085000	101.357	148	0
1527993176.188900000	101.359	106	1
1527993176.191572000	101.361	92	0
1527993176.192905000	101.363	138	0
1527993176.193888000	101.364	103	1
1527993176.261946000	101.432	389	1
1527993176.262032000	101.432	259	1
1527993176.279694000	101.449	87	0
1527993176.412954000	101.583	233	0
1527993176.414120000	101.584	148	0
1527993176.415975000	101.586	106	1
1527993176.416112000	101.586	92	0
1527993176.418977000	101.589	100	1
1527993176.440234000	101.61	118	0
1527993176.442966000	101.613	100	1
1527993176.600318000	101.77	389	1
1527993176.600409000	101.77	260	1
1527993176.634987000	101.805	389	1
1527993176.641279000	101.811	87	0
1527993176.674219000	101.844	87	0
1527993176.748513000	101.918	233	0
1527993176.749777000	101.919	148	0
1527993176.750996000	101.921	109	1
1527993176.752607000	101.922	92	0
1527993176.753888000	101.924	246	0
1527993176.754920000	101.925	103	1
1527993177.045503000	102.215	389	1
1527993177.045597000	102.215	260	1
1527993177.063527000	102.233	87	0
1527993177.183700000	102.353	256	0
1527993177.184841000	102.355	148	0
1527993177.187021000	102.357	106	1
1527993177.189269000	102.359	92	0
1527993177.190488000	102.36	250	0
1527993177.191976000	102.362	103	1
1527993177.381250000	102.551	388	1
1527993177.381336000	102.551	259	1
1527993177.405592000	102.575	87	0
1527993177.519934000	102.69	284	0
1527993177.521138000	102.691	148	0
1527993177.523030000	102.693	106	1
1527993177.535149000	102.705	92	0
1527993177.536369000	102.706	137	0
1527993177.537951000	102.708	103	1
1527993177.567388000	102.737	284	0
1527993177.570017000	102.74	100	1
1527993177.790466000	102.96	393	1
1527993177.790556000	102.96	265	1
1527993177.809017000	102.979	87	0
1527993177.944321000	103.114	302	0
1527993177.945449000	103.115	148	0
1527993177.947028000	103.117	106	1
1527993177.948274000	103.118	92	0
1527993177.949496000	103.119	91	0
1527993177.951062000	103.121	103	1
1527993178.123375000	103.293	388	1
1527993178.123469000	103.293	259	1
1527993178.141604000	103.311	87	0
1527993178.269880000	103.44	258	0
1527993178.271050000	103.441	148	0
1527993178.273071000	103.443	106	1
1527993178.274819000	103.445	92	0
1527993178.276056000	103.446	281	0
1527993178.276994000	103.447	103	1
1527993179.165635000	104.335	994	1
1527993179.165694000	104.335	260	1
1527993179.185726000	104.355	87	0
1527993179.319258000	104.489	255	0
1527993179.320474000	104.49	148	0
1527993179.321940000	104.492	106	1
1527993179.323512000	104.493	92	0
1527993179.324743000	104.494	265	0
1527993179.325861000	104.496	103	1
1527993179.903380000	105.073	388	1
1527993179.903442000	105.073	260	1
1527993179.921376000	105.091	87	0
1527993180.033671000	105.203	235	0
1527993180.034875000	105.205	148	0
1527993180.036975000	105.207	106	1
1527993180.037080000	105.207	92	0
1527993180.038304000	105.208	259	0
1527993180.040006000	105.21	103	1
1527993180.242675000	105.412	390	1
1527993180.242772000	105.412	260	1
1527993180.260622000	105.43	87	0
1527993180.377608000	105.547	356	0
1527993180.378858000	105.549	148	0
1527993180.379990000	105.55	106	1
1527993180.384139000	105.554	92	0
1527993180.385368000	105.555	237	0
1527993180.386984000	105.557	103	1
1527993180.737170000	105.907	588	1
1527993180.737247000	105.907	261	1
1527993180.756978000	105.927	87	0
1527993180.878372000	106.048	233	0
1527993180.879511000	106.049	148	0
1527993180.881027000	106.051	106	1
1527993180.884468000	106.054	92	0
1527993180.885691000	106.055	322	0
1527993180.886948000	106.057	103	1
1527993180.952424000	106.122	792	1
1527993180.952515000	106.122	262	1
1527993180.970118000	106.14	87	0
1527993181.082723000	106.252	231	0
1527993181.083873000	106.254	148	0
1527993181.086063000	106.256	106	1
1527993181.087842000	106.258	92	0
1527993181.089003000	106.259	167	0
1527993181.091030000	106.261	103	1
1527993181.228370000	106.398	390	1
1527993181.228467000	106.398	260	1
1527993181.245751000	106.415	87	0
1527993181.362821000	106.533	258	0
1527993181.363961000	106.534	148	0
1527993181.366050000	106.536	106	1
1527993181.367951000	106.538	92	0
1527993181.369166000	106.539	100	0
1527993181.371071000	106.541	103	1
1527993181.644204000	106.814	390	1
1527993181.644301000	106.814	261	1
1527993181.662399000	106.832	87	0
1527993181.772252000	106.942	301	0
1527993181.773523000	106.943	148	0
1527993181.775080000	106.945	106	1
1527993181.777166000	106.947	92	0
1527993181.778439000	106.948	96	0
1527993181.780067000	106.95	103	1
1527993182.034410000	107.204	388	1
1527993182.034498000	107.204	260	1
1527993182.052238000	107.222	87	0
1527993182.166014000	107.336	255	0
1527993182.167163000	107.337	148	0
1527993182.169098000	107.339	106	1
1527993182.171360000	107.341	92	0
1527993182.172768000	107.342	250	0
1527993182.174090000	107.344	103	1
1527993182.709601000	107.879	391	1
1527993182.709698000	107.879	259	1
1527993182.727576000	107.897	87	0
1527993182.843604000	108.013	233	0
1527993182.844857000	108.015	148	0
1527993182.846135000	108.016	106	1
1527993182.848523000	108.018	92	0
1527993182.849787000	108.019	119	0
1527993182.851065000	108.021	103	1
1527993183.127399000	108.297	388	1
1527993183.127459000	108.297	259	1
1527993183.150891000	108.321	87	0
1527993183.265886000	108.436	256	0
1527993183.267098000	108.437	148	0
1527993183.269156000	108.439	106	1
1527993183.270685000	108.44	92	0
1527993183.271977000	108.442	247	0
1527993183.273091000	108.443	103	1
1527993183.495339000	108.665	389	1
1527993183.495401000	108.665	259	1
1527993183.512964000	108.683	87	0
1527993183.637165000	108.807	235	0
1527993183.638421000	108.808	148	0
1527993183.640179000	108.81	106	1
1527993183.640522000	108.81	92	0
1527993183.642077000	108.812	274	0
1527993183.643106000	108.813	103	1
1527993183.947605000	109.117	390	1
1527993183.947738000	109.117	260	1
1527993183.965623000	109.135	87	0
1527993184.080570000	109.25	235	0
1527993184.081862000	109.252	148	0
1527993184.083212000	109.253	106	1
1527993184.086428000	109.256	92	0
1527993184.087598000	109.257	259	0
1527993184.089225000	109.259	103	1
1527993184.268505000	109.438	389	1
1527993184.268565000	109.438	262	1
1527993184.286974000	109.457	87	0
1527993184.414016000	109.584	307	0
1527993184.415201000	109.585	148	0
1527993184.416458000	109.586	92	0
1527993184.417214000	109.587	109	1
1527993184.417688000	109.587	271	0
1527993184.420237000	109.59	100	1
1527993184.478078000	109.648	307	0
1527993184.481218000	109.651	100	1
1527993185.056877000	110.227	997	1
1527993185.056937000	110.227	223	1
1527993185.075854000	110.246	87	0
1527993185.214233000	110.384	326	0
1527993185.215439000	110.385	148	0
1527993185.217222000	110.387	106	1
1527993185.220352000	110.39	92	0
1527993185.221564000	110.391	204	0
1527993185.223195000	110.393	103	1
1527993185.294572000	110.464	392	1
1527993185.294633000	110.464	317	1
1527993185.312598000	110.482	87	0
1527993185.457855000	110.628	233	0
1527993185.459530000	110.629	148	0
1527993185.460286000	110.63	106	1
1527993185.463092000	110.633	92	0
1527993185.464254000	110.634	85	0
1527993185.467618000	110.637	103	1
1527993186.278383000	111.448	584	1
1527993186.278449000	111.448	262	1
1527993186.297331000	111.467	87	0
1527993186.463645000	111.633	258	0
1527993186.464897000	111.635	148	0
1527993186.466380000	111.636	106	1
1527993186.467490000	111.637	92	0
1527993186.468730000	111.638	164	0
1527993186.470344000	111.64	103	1
1527993186.563689000	111.733	402	1
1527993186.563748000	111.733	260	1
1527993186.580846000	111.751	87	0
1527993186.697225000	111.867	267	0
1527993186.698354000	111.868	148	0
1527993186.700040000	111.87	92	0
1527993186.700301000	111.87	109	1
1527993186.701281000	111.871	191	0
1527993186.704374000	111.874	100	1
1527993186.911510000	112.081	758	1
1527993186.911607000	112.081	1412	1
1527993186.911642000	112.081	1412	1
1527993186.911669000	112.081	1412	1
1527993186.911709000	112.081	836	1
1527993186.931551000	112.101	87	0
1527993187.034875000	112.205	435	0
1527993187.037322000	112.207	103	1
1527993187.039699000	112.209	389	1
1527993187.039757000	112.209	259	1
1527993187.047956000	112.218	80	0
1527993187.050367000	112.22	100	1
1527993187.063730000	112.233	87	0
1527993187.070184000	112.24	87	0
1527993187.188525000	112.358	280	0
1527993187.189670000	112.359	148	0
1527993187.191389000	112.361	109	1
1527993187.192986000	112.363	92	0
1527993187.194211000	112.364	152	0
1527993187.195311000	112.365	103	1
1527993187.486928000	112.657	393	1
1527993187.486998000	112.657	260	1
1527993187.505356000	112.675	87	0
1527993187.630530000	112.8	304	0
1527993187.631839000	112.802	148	0
1527993187.633054000	112.803	92	0
1527993187.633328000	112.803	109	1
1527993187.634273000	112.804	203	0
1527993187.637405000	112.807	100	1
1527993187.887685000	113.057	394	1
1527993187.887746000	113.057	262	1
1527993187.905691000	113.075	87	0
1527993188.022217000	113.192	233	0
1527993188.023362000	113.193	148	0
1527993188.025441000	113.195	106	1
1527993188.027463000	113.197	92	0
1527993188.028783000	113.198	299	0
1527993188.030442000	113.2	103	1
1527993188.291694000	113.461	389	1
1527993188.291785000	113.461	260	1
1527993188.308807000	113.479	87	0
1527993188.457778000	113.627	255	0
1527993188.458941000	113.629	148	0
1527993188.460481000	113.63	106	1
1527993188.461423000	113.631	92	0
1527993188.462717000	113.632	295	0
1527993188.464446000	113.634	103	1
1527993188.776024000	113.946	392	1
1527993188.776090000	113.946	255	1
1527993188.794795000	113.964	87	0
1527993188.912932000	114.083	235	0
1527993188.914139000	114.084	148	0
1527993188.915438000	114.085	106	1
1527993188.917602000	114.087	92	0
1527993188.920412000	114.09	100	1
1527993188.921436000	114.091	288	0
1527993188.924441000	114.094	100	1
1527993189.028777000	114.198	393	1
1527993189.028864000	114.199	379	1
1527993189.061499000	114.231	393	1
1527993189.066939000	114.237	87	0
1527993189.089866000	114.26	87	0
1527993189.170349000	114.34	255	0
1527993189.171514000	114.341	148	0
1527993189.173495000	114.343	109	1
1527993189.175467000	114.345	92	0
1527993189.176737000	114.346	206	0
1527993189.178487000	114.348	103	1
1527993190.077090000	115.247	995	1
1527993190.077154000	115.247	259	1
1527993190.096238000	115.266	87	0
1527993190.244083000	115.414	259	0
1527993190.245299000	115.415	148	0
1527993190.246555000	115.416	106	1
1527993190.254045000	115.424	92	0
1527993190.256539000	115.426	100	1
1527993190.257834000	115.428	185	0
1527993190.260548000	115.43	100	1
1527993190.755010000	115.925	391	1
1527993190.755070000	115.925	262	1
1527993190.773740000	115.943	87	0
1527993190.892506000	116.062	286	0
1527993190.893638000	116.063	148	0
1527993190.895541000	116.065	106	1
1527993190.898166000	116.068	92	0
1527993190.899384000	116.069	231	0
1527993190.900529000	116.07	103	1
1527993191.054034000	116.224	566	1
1527993191.054127000	116.224	1412	1
1527993191.054164000	116.224	1412	1
1527993191.054198000	116.224	1412	1
1527993191.054229000	116.224	556	1
1527993191.073468000	116.243	87	0
1527993191.077524000	116.247	87	0
1527993191.105965000	116.276	352	1
1527993191.106056000	116.276	259	1
1527993191.123575000	116.293	87	0
1527993191.185289000	116.355	466	0
1527993191.188538000	116.358	103	1
1527993191.197448000	116.367	80	0
1527993191.200567000	116.37	100	1
1527993191.249015000	116.419	245	0
1527993191.250218000	116.42	148	0
1527993191.251565000	116.421	103	1
1527993191.257091000	116.427	92	0
1527993191.258308000	116.428	224	0
1527993191.259566000	116.429	103	1
1527993191.396988000	116.567	393	1
