1527930490.086306000	0	302	1
1527930490.086371000	6.48499e-05	112	1
1527930490.102421000	0.016115	74	0
1527930490.103110000	0.016804	74	0
1527930490.103826000	0.01752	112	0
1527930490.303693000	0.217387	74	1
1527930490.360245000	0.273939	282	0
1527930490.360949000	0.274643	1294	0
1527930490.360975000	0.274669	74	1
1527930490.361675000	0.275369	1294	0
1527930490.362382000	0.276076	1294	0
1527930490.362403000	0.276097	74	1
1527930490.363070000	0.276764	709	0
1527930490.363825000	0.277519	1294	0
1527930490.363842000	0.277536	74	1
1527930490.364470000	0.278164	1294	0
1527930490.365177000	0.278871	1294	0
1527930490.365194000	0.278888	74	1
1527930490.365867000	0.279561	836	0
1527930490.366556000	0.28025	877	0
1527930490.366578000	0.280272	74	1
1527930490.367248000	0.280942	1294	0
1527930490.368050000	0.281744	1294	0
1527930490.368073000	0.281767	74	1
1527930490.368691000	0.282385	1159	0
1527930490.369373000	0.283067	1294	0
1527930490.369391000	0.283085	74	1
1527930490.370067000	0.283761	1294	0
1527930490.370761000	0.284455	1294	0
1527930490.370777000	0.284471	74	1
1527930490.371440000	0.285134	753	0
1527930490.413774000	0.327468	127	0
1527930490.413831000	0.327525	74	1
1527930490.414512000	0.328206	1294	0
1527930490.415210000	0.328904	1294	0
1527930490.415230000	0.328924	74	1
1527930490.415905000	0.329599	1294	0
1527930490.416603000	0.330297	1294	0
1527930490.416630000	0.330324	74	1
1527930490.417295000	0.330989	1294	0
1527930490.418092000	0.331786	581	0
1527930490.418119000	0.331813	74	1
1527930490.418828000	0.332522	1294	0
1527930490.419484000	0.333178	450	0
1527930490.419502000	0.333196	74	1
1527930490.420203000	0.333897	1294	0
1527930490.420894000	0.334588	1294	0
1527930490.420919000	0.334613	74	1
1527930490.421589000	0.335283	1294	0
1527930490.422270000	0.335964	902	0
1527930490.422303000	0.335997	74	1
1527930490.422973000	0.336667	1294	0
1527930490.423665000	0.337359	1294	0
1527930490.423700000	0.337394	74	1
1527930490.424364000	0.338058	1294	0
1527930490.425055000	0.338749	1294	0
1527930490.425083000	0.338777	74	1
1527930490.425749000	0.339443	1292	0
1527930490.426446000	0.34014	1294	0
1527930490.426470000	0.340164	74	1
1527930490.427138000	0.340832	1294	0
1527930490.427873000	0.341567	1294	0
1527930490.427891000	0.341585	74	1
1527930490.428645000	0.342339	775	0
1527930490.429348000	0.343042	1294	0
1527930490.429362000	0.343056	74	1
1527930490.430026000	0.34372	518	0
1527930490.430740000	0.344434	1294	0
1527930490.430765000	0.344459	74	1
1527930490.431432000	0.345126	1294	0
1527930490.432145000	0.345839	1294	0
1527930490.432165000	0.345859	74	1
1527930490.432816000	0.34651	1294	0
1527930490.433484000	0.347178	506	0
1527930490.433500000	0.347194	74	1
1527930490.434197000	0.347891	1294	0
1527930490.434889000	0.348583	1294	0
1527930490.434912000	0.348606	74	1
1527930490.435579000	0.349273	1294	0
1527930490.436342000	0.350036	906	0
1527930490.436358000	0.350052	74	1
1527930490.437036000	0.35073	930	0
1527930490.437701000	0.351395	124	0
1527930490.437717000	0.351411	74	1
1527930490.438450000	0.352144	225	0
1527930490.439141000	0.352835	112	0
1527930490.439157000	0.352851	74	1
1527930490.440088000	0.353782	112	1
1527930490.498850000	0.412544	74	0
1527930490.823774000	0.737468	323	1
1527930490.823866000	0.73756	1434	1
1527930490.823870000	0.737564	886	1
1527930490.832846000	0.74654	234	1
1527930490.838459000	0.752153	74	0
1527930490.839205000	0.752899	74	0
1527930490.848324000	0.762018	74	0
1527930491.065593000	0.979287	155	1
1527930491.080713000	0.994407	74	0
1527930491.219335000	1.13303	420	0
1527930491.222548000	1.13624	104	0
1527930491.222592000	1.13629	74	1
1527930491.223281000	1.13697	112	0
1527930491.224522000	1.13822	112	1
1527930491.231018000	1.14471	282	0
1527930491.231722000	1.14542	1294	0
1527930491.231758000	1.14545	74	1
1527930491.232443000	1.14614	1294	0
1527930491.233137000	1.14683	1294	0
1527930491.233169000	1.14686	74	1
1527930491.233820000	1.14751	804	0
1527930491.234522000	1.14822	1294	0
1527930491.234551000	1.14824	74	1
1527930491.235214000	1.14891	1294	0
1527930491.235903000	1.1496	1294	0
1527930491.235919000	1.14961	74	1
1527930491.236568000	1.15026	175	0
1527930491.237316000	1.15101	220	0
1527930491.237333000	1.15103	74	1
1527930491.238080000	1.15177	222	0
1527930491.240059000	1.15375	74	0
1527930491.262737000	1.17643	424	0
1527930491.262800000	1.17649	74	1
1527930491.263466000	1.17716	1294	0
1527930491.264131000	1.17782	154	0
1527930491.264144000	1.17784	74	1
1527930491.264908000	1.1786	171	0
1527930491.265602000	1.1793	329	0
1527930491.265630000	1.17932	74	1
1527930491.266284000	1.17998	112	0
1527930491.266451000	1.18014	112	1
1527930491.320237000	1.23393	74	0
1527930492.654094000	2.56779	238	1
1527930492.667496000	2.58119	74	0
1527930492.753367000	2.66706	280	0
1527930492.754074000	2.66777	1294	0
1527930492.754101000	2.66779	74	1
1527930492.755026000	2.66872	1294	0
1527930492.755687000	2.66938	145	0
1527930492.755700000	2.66939	74	1
1527930492.756379000	2.67007	245	0
1527930492.797140000	2.71083	131	0
1527930492.797183000	2.71088	74	1
1527930492.797912000	2.71161	112	0
1527930492.798038000	2.71173	112	1
1527930492.811352000	2.72505	74	0
1527930493.821652000	3.73535	540	1
1527930493.821762000	3.73546	1434	1
1527930493.821767000	3.73546	1434	1
1527930493.821770000	3.73546	236	1
1527930493.821858000	3.73555	1434	1
1527930493.821862000	3.73556	1434	1
1527930493.821865000	3.73556	236	1
1527930493.821902000	3.7356	1434	1
1527930493.821911000	3.73561	1434	1
1527930493.821935000	3.73563	236	1
1527930493.821984000	3.73568	1434	1
1527930493.822000000	3.73569	1434	1
1527930493.822004000	3.7357	236	1
1527930493.822062000	3.73576	1434	1
1527930493.822066000	3.73576	1434	1
1527930493.822070000	3.73576	236	1
1527930493.822122000	3.73582	1434	1
1527930493.822126000	3.73582	868	1
1527930493.822171000	3.73586	778	1
1527930493.836981000	3.75067	74	0
1527930493.837677000	3.75137	74	0
1527930493.838429000	3.75212	74	0
1527930493.839147000	3.75284	74	0
1527930493.839842000	3.75354	74	0
1527930493.840530000	3.75422	74	0
1527930493.841218000	3.75491	74	0
1527930493.841907000	3.7556	74	0
1527930493.842597000	3.75629	74	0
1527930493.843282000	3.75698	74	0
1527930493.843973000	3.75767	74	0
1527930493.844662000	3.75836	74	0
1527930493.845353000	3.75905	74	0
1527930493.846041000	3.75973	74	0
1527930494.178067000	4.09176	422	0
1527930494.182132000	4.09583	104	0
1527930494.182158000	4.09585	74	1
1527930494.182832000	4.09653	112	0
1527930494.182991000	4.09668	112	1
1527930494.199007000	4.1127	74	0
1527930495.984032000	5.89773	329	1
1527930495.984152000	5.89785	1434	1
1527930495.984157000	5.89785	961	1
1527930495.993161000	5.90685	171	1
1527930495.998664000	5.91236	74	0
1527930495.999343000	5.91304	74	0
1527930496.006952000	5.92065	74	0
1527930496.381242000	6.29494	423	0
1527930496.383930000	6.29762	104	0
1527930496.383963000	6.29766	74	1
1527930496.384580000	6.29827	112	0
1527930496.384724000	6.29842	112	1
1527930496.398094000	6.31179	74	0
1527930496.402183000	6.31588	509	0
1527930496.402858000	6.31655	548	0
1527930496.402879000	6.31657	74	1
1527930496.403558000	6.31725	107	0
1527930496.404258000	6.31795	112	0
1527930496.404274000	6.31797	74	1
1527930496.404407000	6.3181	112	1
1527930496.406293000	6.31999	257	1
1527930496.420480000	6.33417	74	0
1527930496.697071000	6.61076	682	0
1527930496.729319000	6.64301	1294	0
1527930496.729377000	6.64307	74	1
1527930496.730027000	6.64372	1294	0
1527930496.730724000	6.64442	1294	0
1527930496.730742000	6.64444	74	1
1527930496.731383000	6.64508	813	0
1527930496.732094000	6.64579	1294	0
1527930496.732123000	6.64582	74	1
1527930496.732776000	6.64647	1294	0
1527930496.733458000	6.64715	332	0
1527930496.733476000	6.64717	74	1
1527930496.759786000	6.67348	1294	0
1527930496.760467000	6.67416	1294	0
1527930496.760500000	6.67419	74	1
1527930496.761189000	6.67488	1294	0
1527930496.761868000	6.67556	652	0
1527930496.761889000	6.67558	74	1
1527930496.762578000	6.67627	1294	0
1527930496.763237000	6.67693	169	0
1527930496.763257000	6.67695	74	1
1527930496.791581000	6.70527	1294	0
1527930496.792259000	6.70595	1294	0
1527930496.792291000	6.70598	74	1
1527930496.792979000	6.70667	1294	0
1527930496.793656000	6.70735	633	0
1527930496.793674000	6.70737	74	1
1527930496.795110000	6.7088	147	0
1527930496.795833000	6.70953	1294	0
1527930496.795854000	6.70955	74	1
1527930496.796546000	6.71024	1112	0
1527930496.799717000	6.71341	1294	0
1527930496.799759000	6.71345	74	1
1527930496.800440000	6.71413	1294	0
1527930496.801131000	6.71482	1294	0
1527930496.801150000	6.71484	74	1
1527930496.801809000	6.7155	756	0
1527930496.803512000	6.71721	961	0
1527930496.803544000	6.71724	74	1
1527930496.813853000	6.72755	1294	0
1527930496.814549000	6.72824	1294	0
1527930496.814579000	6.72827	74	1
1527930496.815272000	6.72897	1294	0
1527930496.815964000	6.72966	1294	0
1527930496.815981000	6.72967	74	1
1527930496.816663000	6.73036	1294	0
1527930496.817342000	6.73104	770	0
1527930496.817370000	6.73106	74	1
1527930496.818113000	6.73181	1294	0
1527930496.818814000	6.73251	1294	0
1527930496.818837000	6.73253	74	1
1527930496.819507000	6.7332	1294	0
1527930496.820200000	6.73389	1294	0
1527930496.820226000	6.73392	74	1
1527930496.820892000	6.73459	1294	0
1527930496.821585000	6.73528	1294	0
1527930496.821601000	6.73529	74	1
1527930496.822278000	6.73597	1294	0
1527930496.822937000	6.73663	244	0
1527930496.822958000	6.73665	74	1
1527930496.823744000	6.73744	1246	0
1527930496.846526000	6.76022	1294	0
1527930496.846576000	6.76027	74	1
1527930496.847235000	6.76093	1294	0
1527930496.847987000	6.76168	1294	0
1527930496.848003000	6.7617	74	1
1527930496.848692000	6.76239	1294	0
1527930496.849385000	6.76308	1294	0
1527930496.849408000	6.7631	74	1
1527930496.850079000	6.76377	1294	0
1527930496.850771000	6.76446	1294	0
1527930496.850785000	6.76448	74	1
1527930496.851464000	6.76516	1294	0
1527930496.852157000	6.76585	1294	0
1527930496.852173000	6.76587	74	1
1527930496.852823000	6.76652	335	0
1527930496.853540000	6.76723	1294	0
1527930496.853555000	6.76725	74	1
1527930496.854309000	6.768	1294	0
1527930496.854994000	6.76869	842	0
1527930496.855013000	6.76871	74	1
1527930496.855670000	6.76936	268	0
1527930496.856359000	6.77005	235	0
1527930496.856375000	6.77007	74	1
1527930496.857085000	6.77078	112	1
1527930496.911533000	6.82523	74	0
1527930499.140297000	9.05399	1317	1
1527930499.140346000	9.05404	311	1
1527930499.145427000	9.05912	309	1
1527930499.145527000	9.05922	1434	1
1527930499.145532000	9.05923	1434	1
1527930499.145535000	9.05923	236	1
1527930499.145584000	9.05928	780	1
1527930499.156388000	9.07008	74	0
1527930499.157064000	9.07076	74	0
1527930499.161715000	9.07541	74	0
1527930499.162392000	9.07609	74	0
1527930499.163081000	9.07677	74	0
1527930499.163771000	9.07746	74	0
1527930499.182139000	9.09583	389	1
1527930499.195581000	9.10927	74	0
1527930499.482411000	9.3961	422	0
1527930499.489934000	9.40363	104	0
1527930499.489996000	9.40369	74	1
1527930499.490636000	9.40433	112	0
1527930499.491004000	9.4047	112	1
1527930499.505791000	9.41948	74	0
1527930499.517100000	9.43079	307	0
1527930499.517880000	9.43157	1294	0
1527930499.517910000	9.4316	74	1
1527930499.518577000	9.43227	406	0
1527930499.519278000	9.43297	555	0
1527930499.519295000	9.43299	74	1
1527930499.520368000	9.43406	864	0
1527930499.523643000	9.43734	876	0
1527930499.523671000	9.43736	74	1
1527930499.524515000	9.43821	724	0
1527930499.525210000	9.4389	727	0
1527930499.525233000	9.43893	74	1
1527930499.526548000	9.44024	626	0
1527930499.528306000	9.442	336	0
1527930499.528321000	9.44201	74	1
1527930499.529021000	9.44271	146	0
1527930499.529732000	9.44343	948	0
1527930499.529752000	9.44345	74	1
1527930499.530422000	9.44412	790	0
1527930499.531109000	9.4448	657	0
1527930499.531124000	9.44482	74	1
1527930499.532370000	9.44606	641	0
1527930499.533372000	9.44707	148	0
1527930499.533387000	9.44708	74	1
1527930499.534089000	9.44778	112	0
1527930499.534220000	9.44791	112	1
1527930499.534801000	9.44849	953	0
1527930499.536045000	9.44974	726	0
1527930499.536060000	9.44975	74	1
1527930499.537955000	9.45165	748	0
1527930499.539585000	9.45328	685	0
1527930499.539609000	9.4533	74	1
1527930499.540674000	9.45437	832	0
1527930499.541367000	9.45506	766	0
1527930499.541390000	9.45508	74	1
1527930499.570859000	9.48455	284	0
1527930499.571535000	9.48523	300	0
1527930499.571567000	9.48526	74	1
1527930499.572244000	9.48594	112	0
1527930499.572859000	9.48655	112	1
1527930499.628249000	9.54194	74	0
1527930500.194156000	10.1078	402	1
1527930500.194202000	10.1079	126	1
1527930500.203934000	10.1176	309	1
1527930500.205860000	10.1196	484	1
1527930500.208410000	10.1221	74	0
1527930500.209089000	10.1228	74	0
1527930500.218237000	10.1319	74	0
1527930500.219370000	10.1331	74	0
1527930500.370405000	10.2841	356	0
1527930500.371082000	10.2848	387	0
1527930500.371105000	10.2848	74	1
1527930500.376265000	10.29	229	0
1527930500.376959000	10.2907	175	0
1527930500.376973000	10.2907	74	1
1527930500.377649000	10.2913	112	0
1527930500.390327000	10.304	112	1
1527930500.403847000	10.3175	74	0
1527930500.577662000	10.4914	422	0
1527930500.578395000	10.4921	166	0
1527930500.578424000	10.4921	74	1
1527930500.585259000	10.499	350	0
1527930500.585932000	10.4996	312	0
1527930500.585956000	10.4997	74	1
1527930500.586644000	10.5003	112	0
1527930500.586748000	10.5004	112	1
1527930500.604447000	10.5181	74	0
1527930500.730816000	10.6445	283	0
1527930500.731506000	10.6452	281	0
1527930500.731530000	10.6452	74	1
1527930500.735220000	10.6489	216	0
1527930500.735899000	10.6496	260	0
1527930500.735920000	10.6496	74	1
1527930500.736614000	10.6503	112	0
1527930500.737100000	10.6508	112	1
1527930500.750051000	10.6637	74	0
1527930501.715590000	11.6293	399	1
1527930501.715668000	11.6294	281	1
1527930501.730228000	11.6439	74	0
1527930501.730901000	11.6446	74	0
1527930501.914597000	11.8283	424	1
1527930501.914664000	11.8284	111	1
1527930501.929032000	11.8427	74	0
1527930501.938615000	11.8523	74	0
1527930502.097853000	12.0115	280	0
1527930502.098553000	12.0122	516	0
1527930502.098584000	12.0123	74	1
1527930502.099366000	12.0131	267	0
1527930502.100116000	12.0138	112	0
1527930502.100133000	12.0138	74	1
1527930502.100253000	12.0139	112	1
1527930502.113819000	12.0275	74	0
1527930502.228629000	12.1423	376	1
1527930502.228741000	12.1424	1434	1
1527930502.228746000	12.1424	1434	1
1527930502.228750000	12.1424	236	1
1527930502.228814000	12.1425	1434	1
1527930502.228830000	12.1425	1434	1
1527930502.228833000	12.1425	236	1
1527930502.228884000	12.1426	1434	1
1527930502.228890000	12.1426	1434	1
1527930502.228893000	12.1426	236	1
1527930502.228932000	12.1426	1434	1
1527930502.228938000	12.1426	1434	1
1527930502.228941000	12.1426	236	1
1527930502.228995000	12.1427	1434	1
1527930502.229000000	12.1427	1434	1
1527930502.229003000	12.1427	236	1
1527930502.229051000	12.1427	1434	1
1527930502.229068000	12.1428	868	1
1527930502.229114000	12.1428	1434	1
1527930502.229119000	12.1428	1434	1
1527930502.229122000	12.1428	236	1
1527930502.229184000	12.1429	1434	1
1527930502.229188000	12.1429	1434	1
1527930502.229191000	12.1429	236	1
1527930502.229241000	12.1429	1434	1
1527930502.229246000	12.1429	1434	1
1527930502.229249000	12.1429	236	1
1527930502.229312000	12.143	1434	1
1527930502.229316000	12.143	1434	1
1527930502.229319000	12.143	236	1
1527930502.229450000	12.1431	1434	1
1527930502.229455000	12.1431	1434	1
1527930502.229458000	12.1432	236	1
1527930502.229507000	12.1432	1434	1
1527930502.229511000	12.1432	868	1
1527930502.229561000	12.1433	1434	1
1527930502.229565000	12.1433	1434	1
1527930502.229569000	12.1433	236	1
1527930502.229618000	12.1433	1434	1
1527930502.229624000	12.1433	1434	1
1527930502.229627000	12.1433	236	1
1527930502.229688000	12.1434	1434	1
1527930502.229693000	12.1434	1434	1
1527930502.229696000	12.1434	236	1
1527930502.229746000	12.1434	1434	1
1527930502.229758000	12.1435	1434	1
1527930502.229761000	12.1435	236	1
1527930502.229804000	12.1435	250	1
1527930502.244483000	12.1582	74	0
1527930502.245158000	12.1589	74	0
1527930502.245849000	12.1595	74	0
1527930502.246540000	12.1602	74	0
1527930502.247230000	12.1609	74	0
1527930502.247987000	12.1617	74	0
1527930502.248688000	12.1624	74	0
1527930502.249489000	12.1632	74	0
1527930502.250283000	12.164	74	0
1527930502.250974000	12.1647	74	0
1527930502.251665000	12.1654	74	0
1527930502.252351000	12.166	74	0
1527930502.253046000	12.1667	74	0
1527930502.253759000	12.1675	74	0
1527930502.254452000	12.1681	74	0
1527930502.255140000	12.1688	74	0
1527930502.255828000	12.1695	74	0
1527930502.256517000	12.1702	74	0
1527930502.257206000	12.1709	74	0
1527930502.257991000	12.1717	74	0
1527930502.258698000	12.1724	74	0
1527930502.259388000	12.1731	74	0
1527930502.290920000	12.2046	281	0
1527930502.291598000	12.2053	381	0
1527930502.291627000	12.2053	74	1
1527930502.296236000	12.2099	185	0
1527930502.296924000	12.2106	111	0
1527930502.296950000	12.2106	74	1
1527930502.297638000	12.2113	112	0
1527930502.297778000	12.2115	112	1
1527930502.311427000	12.2251	74	0
1527930502.636375000	12.5501	420	0
1527930502.643782000	12.5575	104	0
1527930502.643838000	12.5575	74	1
1527930502.644488000	12.5582	112	0
1527930502.644727000	12.5584	112	1
1527930502.658483000	12.5722	74	0
1527930502.894373000	12.8081	367	1
1527930502.894960000	12.8087	313	1
1527930502.907677000	12.8214	74	0
1527930502.909627000	12.8233	74	0
1527930502.929723000	12.8434	382	1
1527930502.962474000	12.8762	74	0
1527930503.035284000	12.949	283	0
1527930503.036005000	12.9497	552	0
1527930503.036019000	12.9497	74	1
1527930503.040535000	12.9542	115	0
1527930503.041220000	12.9549	314	0
1527930503.041252000	12.9549	74	1
1527930503.041907000	12.9556	112	0
1527930503.042040000	12.9557	112	1
1527930503.056271000	12.97	74	0
1527930503.164480000	13.0782	585	0
1527930503.165174000	13.0789	1046	0
1527930503.165195000	13.0789	74	1
1527930503.166734000	13.0804	210	0
1527930503.167422000	13.0811	204	0
1527930503.167449000	13.0811	74	1
1527930503.168201000	13.0819	112	0
1527930503.168918000	13.0826	112	1
1527930503.184604000	13.0983	74	0
1527930503.202771000	13.1165	642	1
1527930503.202818000	13.1165	295	1
1527930503.217970000	13.1317	74	0
1527930503.218653000	13.1323	74	0
1527930503.236871000	13.1506	281	0
1527930503.237541000	13.1512	285	0
1527930503.237564000	13.1513	74	1
1527930503.244338000	13.158	192	0
1527930503.245099000	13.1588	180	0
1527930503.245120000	13.1588	74	1
1527930503.245815000	13.1595	112	0
1527930503.247482000	13.1612	112	1
1527930503.299856000	13.2135	74	0
1527930503.551854000	13.4655	281	0
1527930503.552549000	13.4662	243	0
1527930503.552579000	13.4663	74	1
1527930503.556630000	13.4703	124	0
1527930503.557328000	13.471	241	0
1527930503.557353000	13.471	74	1
1527930503.558028000	13.4717	112	0
1527930503.558174000	13.4719	112	1
1527930503.572170000	13.4859	74	0
1527930503.586577000	13.5003	395	1
1527930503.586618000	13.5003	281	1
1527930503.600340000	13.514	74	0
1527930503.601035000	13.5147	74	0
1527930503.942646000	13.8563	281	0
1527930503.943395000	13.8571	336	0
1527930503.943410000	13.8571	74	1
1527930503.949715000	13.8634	142	0
1527930503.950407000	13.8641	327	0
1527930503.950422000	13.8641	74	1
1527930503.951117000	13.8648	112	0
1527930503.951233000	13.8649	112	1
1527930503.970267000	13.884	74	0
1527930504.064983000	13.9787	399	1
1527930504.065028000	13.9787	277	1
1527930504.078290000	13.992	74	0
1527930504.078969000	13.9927	74	0
1527930504.414502000	14.3282	283	0
1527930504.415176000	14.3289	272	0
1527930504.415203000	14.3289	74	1
1527930504.420316000	14.334	136	0
1527930504.420997000	14.3347	185	0
1527930504.421025000	14.3347	74	1
1527930504.421713000	14.3354	112	0
1527930504.421979000	14.3357	112	1
1527930504.436002000	14.3497	74	0
1527930504.480149000	14.3938	395	1
1527930504.480226000	14.3939	277	1
1527930504.496971000	14.4107	74	0
1527930504.497660000	14.4114	74	0
1527930504.670246000	14.5839	284	0
1527930504.670937000	14.5846	173	0
1527930504.670959000	14.5847	74	1
1527930504.675835000	14.5895	242	0
1527930504.676568000	14.5903	271	0
1527930504.676587000	14.5903	74	1
1527930504.677247000	14.5909	112	0
1527930504.678614000	14.5923	112	1
1527930504.693568000	14.6073	74	0
1527930504.806001000	14.7197	1337	1
1527930504.806082000	14.7198	277	1
1527930504.821251000	14.7349	74	0
1527930504.821943000	14.7356	74	0
1527930505.156443000	15.0701	283	0
1527930505.157134000	15.0708	360	0
1527930505.157155000	15.0708	74	1
1527930505.160984000	15.0747	126	0
1527930505.161613000	15.0753	313	0
1527930505.161645000	15.0753	74	1
1527930505.162326000	15.076	112	0
1527930505.162485000	15.0762	112	1
1527930505.173117000	15.0868	400	1
1527930505.173173000	15.0869	271	1
1527930505.177018000	15.0907	74	0
1527930505.186811000	15.1005	74	0
1527930505.187480000	15.1012	74	0
1527930505.626214000	15.5399	280	0
1527930505.626907000	15.5406	238	0
1527930505.626927000	15.5406	74	1
1527930505.631484000	15.5452	196	0
1527930505.632140000	15.5458	140	0
1527930505.632171000	15.5459	74	1
1527930505.632860000	15.5466	112	0
1527930505.632996000	15.5467	112	1
1527930505.646572000	15.5603	74	0
1527930506.002024000	15.9157	398	1
1527930506.002103000	15.9158	291	1
1527930506.015745000	15.9294	74	0
1527930506.026363000	15.9401	74	0
1527930506.347558000	16.2613	283	0
1527930506.348301000	16.262	215	0
1527930506.348321000	16.262	74	1
1527930506.351945000	16.2656	166	0
1527930506.352626000	16.2663	152	0
1527930506.352646000	16.2663	74	1
1527930506.353338000	16.267	112	0
1527930506.353491000	16.2672	112	1
1527930506.367395000	16.2811	74	0
1527930506.462980000	16.3767	399	1
1527930506.463024000	16.3767	278	1
1527930506.478420000	16.3921	74	0
1527930506.479078000	16.3928	74	0
1527930506.647053000	16.5607	283	0
1527930506.647703000	16.5614	372	0
1527930506.647724000	16.5614	74	1
1527930506.652546000	16.5662	250	0
1527930506.653292000	16.567	150	0
1527930506.653316000	16.567	74	1
1527930506.653936000	16.5676	112	0
1527930506.654082000	16.5678	112	1
1527930506.671272000	16.585	74	0
1527930506.978257000	16.892	400	1
1527930506.978337000	16.892	279	1
1527930506.993991000	16.9077	74	0
1527930506.994668000	16.9084	74	0
1527930507.162726000	17.0764	283	0
1527930507.163342000	17.077	357	0
1527930507.163360000	17.0771	74	1
1527930507.166738000	17.0804	173	0
1527930507.167475000	17.0812	161	0
1527930507.167500000	17.0812	74	1
1527930507.168200000	17.0819	112	0
1527930507.168351000	17.082	112	1
1527930507.187499000	17.1012	74	0
1527930507.404166000	17.3179	395	1
1527930507.404253000	17.3179	278	1
1527930507.417645000	17.3313	74	0
1527930507.418333000	17.332	74	0
1527930507.749998000	17.6637	281	0
1527930507.750693000	17.6644	195	0
1527930507.750713000	17.6644	74	1
1527930507.755809000	17.6695	175	0
1527930507.756486000	17.6702	344	0
1527930507.756508000	17.6702	74	1
1527930507.757194000	17.6709	112	0
1527930507.757312000	17.671	112	1
1527930507.771626000	17.6853	74	0
1527930507.837860000	17.7516	411	1
1527930507.837943000	17.7516	267	1
1527930507.851422000	17.7651	74	0
1527930507.852114000	17.7658	74	0
1527930507.985473000	17.8992	283	0
1527930507.986165000	17.8999	209	0
1527930507.986185000	17.8999	74	1
1527930507.991430000	17.9051	203	0
1527930507.992189000	17.9059	274	0
1527930507.992213000	17.9059	74	1
1527930507.992837000	17.9065	112	0
1527930507.992988000	17.9067	112	1
1527930508.007140000	17.9208	74	0
1527930508.079926000	17.9936	395	1
1527930508.079968000	17.9937	267	1
1527930508.093283000	18.007	74	0
1527930508.093910000	18.0076	74	0
1527930508.438966000	18.3527	281	0
1527930508.439603000	18.3533	309	0
1527930508.439615000	18.3533	74	1
1527930508.443800000	18.3575	159	0
1527930508.444495000	18.3582	301	0
1527930508.444518000	18.3582	74	1
1527930508.445193000	18.3589	112	0
1527930508.445318000	18.359	112	1
1527930508.463355000	18.377	74	0
1527930510.625355000	20.539	641	1
1527930510.625399000	20.5391	273	1
1527930510.639351000	20.553	74	0
1527930510.640068000	20.5538	74	0
1527930510.973071000	20.8868	281	0
1527930510.973764000	20.8875	299	0
1527930510.973787000	20.8875	74	1
1527930510.978845000	20.8925	184	0
1527930510.979522000	20.8932	157	0
1527930510.979553000	20.8932	74	1
1527930510.980241000	20.8939	112	0
1527930510.980377000	20.8941	112	1
1527930510.993687000	20.9074	74	0
1527930511.161447000	21.0751	398	1
1527930511.161525000	21.0752	274	1
1527930511.178084000	21.0918	74	0
1527930511.178775000	21.0925	74	0
1527930511.517690000	21.4314	284	0
1527930511.518453000	21.4321	350	0
1527930511.518476000	21.4322	74	1
1527930511.524702000	21.4384	137	0
1527930511.525386000	21.4391	133	0
1527930511.525419000	21.4391	74	1
1527930511.526108000	21.4398	112	0
1527930511.526369000	21.4401	112	1
1527930511.542737000	21.4564	74	0
1527930511.602574000	21.5163	397	1
1527930511.602629000	21.5163	278	1
1527930511.618889000	21.5326	74	0
1527930511.619516000	21.5332	74	0
1527930511.952150000	21.8658	283	0
1527930511.952847000	21.8665	413	0
1527930511.952860000	21.8666	74	1
1527930511.956982000	21.8707	355	0
1527930511.957638000	21.8713	173	0
1527930511.957658000	21.8714	74	1
1527930511.958485000	21.8722	112	0
1527930511.958619000	21.8723	112	1
1527930511.972876000	21.8866	74	0
1527930512.125007000	22.0387	1340	1
1527930512.125057000	22.0388	276	1
1527930512.141211000	22.0549	74	0
1527930512.141889000	22.0556	74	0
1527930512.505441000	22.4191	281	0
1527930512.506118000	22.4198	247	0
1527930512.506142000	22.4198	74	1
1527930512.512461000	22.4262	215	0
1527930512.513132000	22.4268	120	0
1527930512.513160000	22.4269	74	1
1527930512.513854000	22.4275	112	0
1527930512.514039000	22.4277	112	1
1527930512.527357000	22.4411	74	0
1527930512.540692000	22.4544	395	1
1527930512.540780000	22.4545	278	1
1527930512.554807000	22.4685	74	0
1527930512.555516000	22.4692	74	0
1527930512.806798000	22.7205	309	1
1527930512.806899000	22.7206	1434	1
1527930512.806904000	22.7206	1434	1
1527930512.806907000	22.7206	236	1
1527930512.806970000	22.7207	1434	1
1527930512.806974000	22.7207	1132	1
1527930512.821534000	22.7352	74	0
1527930512.822218000	22.7359	74	0
1527930512.822896000	22.7366	74	0
1527930512.823587000	22.7373	74	0
1527930512.824278000	22.738	74	0
1527930512.886433000	22.8001	283	0
1527930512.887127000	22.8008	271	0
1527930512.887137000	22.8008	74	1
1527930512.890828000	22.8045	306	0
1527930512.891520000	22.8052	245	0
1527930512.891536000	22.8052	74	1
1527930512.892216000	22.8059	112	0
1527930512.892332000	22.806	112	1
1527930512.905075000	22.8188	74	0
1527930513.018273000	22.932	423	0
1527930513.025585000	22.9393	104	0
1527930513.025616000	22.9393	74	1
1527930513.026305000	22.94	112	0
1527930513.026560000	22.9403	112	1
1527930513.040085000	22.9538	74	0
1527930513.202442000	23.1161	395	1
1527930513.202490000	23.1162	279	1
1527930513.216448000	23.1301	74	0
1527930513.217123000	23.1308	74	0
1527930513.564732000	23.4784	281	0
1527930513.565420000	23.4791	389	0
1527930513.565441000	23.4791	74	1
1527930513.571423000	23.4851	250	0
1527930513.572103000	23.4858	232	0
1527930513.572133000	23.4858	74	1
1527930513.572817000	23.4865	112	0
1527930513.572971000	23.4867	112	1
1527930513.587019000	23.5007	74	0
1527930514.094204000	24.0079	394	1
1527930514.094281000	24.008	276	1
1527930514.108024000	24.0217	74	0
1527930514.108703000	24.0224	74	0
1527930514.444616000	24.3583	281	0
1527930514.445307000	24.359	363	0
1527930514.445329000	24.359	74	1
1527930514.451126000	24.3648	275	0
1527930514.451839000	24.3655	131	0
1527930514.451867000	24.3656	74	1
1527930514.452537000	24.3662	112	0
1527930514.452666000	24.3664	112	1
1527930514.468219000	24.3819	74	0
1527930514.648333000	24.562	399	1
1527930514.648408000	24.5621	283	1
1527930514.662889000	24.5766	74	0
1527930514.663567000	24.5773	74	0
1527930515.015297000	24.929	283	0
1527930515.015969000	24.9297	181	0
1527930515.015991000	24.9297	74	1
1527930515.019811000	24.9335	172	0
1527930515.020595000	24.9343	235	0
1527930515.020614000	24.9343	74	1
1527930515.021277000	24.935	112	0
1527930515.021404000	24.9351	112	1
1527930515.037912000	24.9516	74	0
1527930515.118216000	25.0319	399	1
1527930515.118262000	25.032	275	1
1527930515.132791000	25.0465	74	0
1527930515.133463000	25.0472	74	0
1527930515.468434000	25.3821	283	0
1527930515.469127000	25.3828	354	0
1527930515.469144000	25.3828	74	1
1527930515.474779000	25.3885	134	0
1527930515.475460000	25.3892	272	0
1527930515.475487000	25.3892	74	1
1527930515.476149000	25.3898	112	0
1527930515.476282000	25.39	112	1
1527930515.491967000	25.4057	74	0
1527930515.544524000	25.4582	412	1
1527930515.544569000	25.4583	278	1
1527930515.558812000	25.4725	74	0
1527930515.559502000	25.4732	74	0
1527930515.898503000	25.8122	283	0
1527930515.899180000	25.8129	332	0
1527930515.899196000	25.8129	74	1
1527930515.904900000	25.8186	159	0
1527930515.905560000	25.8193	284	0
1527930515.905579000	25.8193	74	1
1527930515.906257000	25.82	112	0
1527930515.906391000	25.8201	112	1
1527930515.919886000	25.8336	74	0
1527930515.972456000	25.8861	396	1
1527930515.972499000	25.8862	274	1
1527930515.986418000	25.9001	74	0
1527930515.987138000	25.9008	74	0
1527930516.335258000	26.249	283	0
1527930516.335988000	26.2497	231	0
1527930516.336002000	26.2497	74	1
1527930516.341395000	26.2551	138	0
1527930516.342093000	26.2558	286	0
1527930516.342123000	26.2558	74	1
1527930516.342789000	26.2565	112	0
1527930516.342949000	26.2566	112	1
1527930516.357327000	26.271	74	0
1527930516.405206000	26.3189	642	1
1527930516.405250000	26.3189	279	1
1527930516.419094000	26.3328	74	0
1527930516.419767000	26.3335	74	0
1527930516.760532000	26.6742	283	0
1527930516.761235000	26.6749	339	0
1527930516.761258000	26.675	74	1
1527930516.765728000	26.6794	357	0
1527930516.766411000	26.6801	280	0
1527930516.766440000	26.6801	74	1
1527930516.767143000	26.6808	112	0
1527930516.767281000	26.681	112	1
1527930516.780953000	26.6946	74	0
1527930516.855733000	26.7694	395	1
1527930516.855823000	26.7695	276	1
1527930516.869301000	26.783	74	0
1527930516.869995000	26.7837	74	0
1527930517.242441000	27.1561	283	0
1527930517.243102000	27.1568	194	0
1527930517.243124000	27.1568	74	1
1527930517.250786000	27.1645	244	0
1527930517.251470000	27.1652	240	0
1527930517.251499000	27.1652	74	1
1527930517.252121000	27.1658	112	0
1527930517.252259000	27.166	112	1
1527930517.265476000	27.1792	74	0
1527930517.497125000	27.4108	399	1
1527930517.497164000	27.4109	282	1
1527930517.510939000	27.4246	74	0
1527930517.511569000	27.4253	74	0
1527930517.683792000	27.5975	281	0
1527930517.684489000	27.5982	419	0
1527930517.684510000	27.5982	74	1
1527930517.689507000	27.6032	202	0
1527930517.690201000	27.6039	144	0
1527930517.690225000	27.6039	74	1
1527930517.690911000	27.6046	112	0
1527930517.691049000	27.6047	112	1
1527930517.703731000	27.6174	74	0
1527930517.938059000	27.8518	1340	1
1527930517.938139000	27.8518	280	1
1527930517.953100000	27.8668	74	0
1527930517.958889000	27.8726	74	0
1527930518.300729000	28.2144	281	0
1527930518.301478000	28.2152	299	0
1527930518.301501000	28.2152	74	1
1527930518.306184000	28.2199	322	0
1527930518.306877000	28.2206	356	0
1527930518.306903000	28.2206	74	1
1527930518.307510000	28.2212	112	0
1527930518.307662000	28.2214	112	1
1527930518.331789000	28.2455	74	0
1527930518.386845000	28.3005	395	1
1527930518.386932000	28.3006	278	1
1527930518.400932000	28.3146	74	0
1527930518.401648000	28.3153	74	0
1527930518.746775000	28.6605	281	0
1527930518.747390000	28.6611	244	0
1527930518.747406000	28.6611	74	1
1527930518.753452000	28.6671	301	0
1527930518.754156000	28.6679	291	0
1527930518.754187000	28.6679	74	1
1527930518.754847000	28.6685	112	0
1527930518.755083000	28.6688	112	1
1527930518.769103000	28.6828	74	0
1527930518.830886000	28.7446	395	1
1527930518.830974000	28.7447	275	1
1527930518.844514000	28.7582	74	0
1527930518.845261000	28.759	74	0
1527930519.177534000	29.0912	283	0
1527930519.178280000	29.092	420	0
1527930519.178298000	29.092	74	1
1527930519.182416000	29.0961	367	0
1527930519.183113000	29.0968	310	0
1527930519.183133000	29.0968	74	1
1527930519.183750000	29.0974	112	0
1527930519.183897000	29.0976	112	1
1527930519.199757000	29.1135	74	0
1527930519.359812000	29.2735	399	1
1527930519.359887000	29.2736	277	1
1527930519.374461000	29.2882	74	0
1527930519.375146000	29.2888	74	0
1527930519.717299000	29.631	283	0
1527930519.718069000	29.6318	274	0
1527930519.718096000	29.6318	74	1
1527930519.722819000	29.6365	257	0
1527930519.723475000	29.6372	129	0
1527930519.723495000	29.6372	74	1
1527930519.724158000	29.6379	112	0
1527930519.724305000	29.638	112	1
1527930519.737463000	29.6512	74	0
1527930519.827171000	29.7409	396	1
1527930519.827216000	29.7409	280	1
1527930519.841682000	29.7554	74	0
1527930519.842406000	29.7561	74	0
1527930519.982522000	29.8962	283	0
1527930519.983204000	29.8969	382	0
1527930519.983225000	29.8969	74	1
1527930519.987318000	29.901	228	0
1527930519.988080000	29.9018	149	0
1527930519.988105000	29.9018	74	1
1527930519.988706000	29.9024	112	0
1527930519.988850000	29.9025	112	1
1527930520.002146000	29.9158	74	0
1527930520.118002000	30.0317	396	1
1527930520.118089000	30.0318	277	1
1527930520.131661000	30.0454	74	0
1527930520.132429000	30.0461	74	0
1527930520.298380000	30.2121	281	0
1527930520.299005000	30.2127	292	0
1527930520.299018000	30.2127	74	1
1527930520.302706000	30.2164	188	0
1527930520.303457000	30.2172	219	0
1527930520.303480000	30.2172	74	1
1527930520.304101000	30.2178	112	0
1527930520.304244000	30.2179	112	1
1527930520.319287000	30.233	74	0
1527930520.638681000	30.5524	395	1
1527930520.638760000	30.5525	279	1
1527930520.653750000	30.5674	74	0
1527930520.654441000	30.5681	74	0
1527930521.088732000	31.0024	280	0
1527930521.089418000	31.0031	341	0
1527930521.089440000	31.0031	74	1
1527930521.092809000	31.0065	288	0
1527930521.093519000	31.0072	109	0
1527930521.093536000	31.0072	74	1
1527930521.094214000	31.0079	112	0
1527930521.094355000	31.008	112	1
1527930521.110395000	31.0241	74	0
1527930521.242920000	31.1566	410	1
1527930521.243000000	31.1567	278	1
1527930521.256876000	31.1706	74	0
1527930521.257606000	31.1713	74	0
1527930521.593911000	31.5076	283	0
1527930521.594598000	31.5083	227	0
1527930521.594621000	31.5083	74	1
1527930521.599687000	31.5134	364	0
1527930521.600372000	31.5141	263	0
1527930521.600401000	31.5141	74	1
1527930521.601031000	31.5147	112	0
1527930521.601161000	31.5149	112	1
1527930521.615767000	31.5295	74	0
1527930521.658123000	31.5718	399	1
1527930521.658205000	31.5719	281	1
1527930521.674904000	31.5886	74	0
1527930521.675526000	31.5892	74	0
1527930521.813944000	31.7276	281	0
1527930521.814639000	31.7283	335	0
1527930521.814658000	31.7284	74	1
1527930521.819364000	31.7331	204	0
1527930521.820075000	31.7338	282	0
1527930521.820094000	31.7338	74	1
1527930521.820771000	31.7345	112	0
1527930521.820907000	31.7346	112	1
1527930521.834259000	31.748	74	0
1527930521.955440000	31.8691	641	1
1527930521.955486000	31.8692	274	1
1527930521.969559000	31.8833	74	0
1527930521.970236000	31.8839	74	0
1527930522.309443000	32.2231	281	0
1527930522.310076000	32.2238	294	0
1527930522.310101000	32.2238	74	1
1527930522.310873000	32.2246	269	0
1527930522.311634000	32.2253	289	0
1527930522.311658000	32.2254	74	1
1527930522.312248000	32.2259	112	0
1527930522.312401000	32.2261	112	1
1527930522.325426000	32.2391	74	0
1527930522.414465000	32.3282	394	1
1527930522.414520000	32.3282	280	1
1527930522.428272000	32.342	74	0
1527930522.429063000	32.3428	74	0
1527930522.605270000	32.519	281	0
1527930522.605886000	32.5196	307	0
1527930522.605901000	32.5196	74	1
1527930522.606735000	32.5204	138	0
1527930522.607478000	32.5212	172	0
1527930522.607503000	32.5212	74	1
1527930522.608180000	32.5219	112	0
1527930522.608312000	32.522	112	1
1527930522.624334000	32.538	74	0
1527930522.822410000	32.7361	398	1
1527930522.822490000	32.7362	276	1
1527930522.835828000	32.7495	74	0
1527930522.836517000	32.7502	74	0
1527930523.171490000	33.0852	281	0
1527930523.172180000	33.0859	264	0
1527930523.172199000	33.0859	74	1
1527930523.177393000	33.0911	321	0
1527930523.178127000	33.0918	109	0
1527930523.178147000	33.0918	74	1
1527930523.178828000	33.0925	112	0
1527930523.178979000	33.0927	112	1
1527930523.192747000	33.1064	74	0
1527930523.635822000	33.5495	1339	1
1527930523.635898000	33.5496	273	1
1527930523.650689000	33.5644	74	0
1527930523.651379000	33.5651	74	0
1527930523.800033000	33.7137	281	0
1527930523.800654000	33.7143	374	0
1527930523.800673000	33.7144	74	1
1527930523.805003000	33.7187	131	0
1527930523.805694000	33.7194	187	0
1527930523.805719000	33.7194	74	1
1527930523.806358000	33.7201	112	0
1527930523.806502000	33.7202	112	1
1527930523.821019000	33.7347	74	0
1527930523.871020000	33.7847	395	1
1527930523.871098000	33.7848	274	1
1527930523.885919000	33.7996	74	0
1527930523.886598000	33.8003	74	0
1527930524.244035000	34.1577	281	0
1527930524.244797000	34.1585	328	0
1527930524.244815000	34.1585	74	1
1527930524.249269000	34.163	267	0
1527930524.249959000	34.1637	147	0
1527930524.249978000	34.1637	74	1
1527930524.250677000	34.1644	112	0
1527930524.250810000	34.1645	112	1
1527930524.265248000	34.1789	74	0
1527930524.284535000	34.1982	395	1
1527930524.284590000	34.1983	278	1
1527930524.298896000	34.2126	74	0
1527930524.299559000	34.2133	74	0
1527930524.437477000	34.3512	281	0
1527930524.438218000	34.3519	180	0
1527930524.438239000	34.3519	74	1
1527930524.441818000	34.3555	289	0
1527930524.442475000	34.3562	219	0
1527930524.442496000	34.3562	74	1
1527930524.443176000	34.3569	112	0
1527930524.443308000	34.357	112	1
1527930524.458348000	34.372	74	0
1527930524.513628000	34.4273	398	1
1527930524.513682000	34.4274	275	1
1527930524.528309000	34.442	74	0
1527930524.529063000	34.4428	74	0
1527930524.874442000	34.7881	284	0
1527930524.875147000	34.7888	370	0
1527930524.875173000	34.7889	74	1
1527930524.880113000	34.7938	268	0
1527930524.880802000	34.7945	184	0
1527930524.880828000	34.7945	74	1
1527930524.881461000	34.7952	112	0
1527930524.881596000	34.7953	112	1
1527930524.893296000	34.807	74	0
1527930524.959087000	34.8728	400	1
1527930524.959128000	34.8728	280	1
1527930524.974238000	34.8879	74	0
1527930524.974929000	34.8886	74	0
1527930525.331512000	35.2452	283	0
1527930525.333009000	35.2467	191	0
1527930525.333039000	35.2467	74	1
1527930525.336662000	35.2504	156	0
1527930525.337423000	35.2511	194	0
1527930525.337454000	35.2511	74	1
1527930525.338201000	35.2519	112	0
1527930525.338567000	35.2523	112	1
1527930525.353178000	35.2669	74	0
1527930525.397630000	35.3113	399	1
1527930525.397675000	35.3114	237	1
1527930525.411476000	35.3252	74	0
1527930525.412217000	35.3259	74	0
1527930525.741956000	35.6556	281	0
1527930525.742607000	35.6563	197	0
1527930525.742624000	35.6563	74	1
1527930525.746477000	35.6602	184	0
1527930525.747184000	35.6609	150	0
1527930525.747206000	35.6609	74	1
1527930525.747897000	35.6616	112	0
1527930525.748025000	35.6617	112	1
1527930525.761143000	35.6748	74	0
1527930525.848165000	35.7619	411	1
1527930525.848249000	35.7619	269	1
1527930525.861995000	35.7757	74	0
1527930525.862814000	35.7765	74	0
1527930526.023601000	35.9373	281	0
1527930526.024301000	35.938	209	0
1527930526.024320000	35.938	74	1
1527930526.029322000	35.943	116	0
1527930526.029992000	35.9437	228	0
1527930526.030017000	35.9437	74	1
1527930526.030672000	35.9444	112	0
1527930526.030781000	35.9445	112	1
1527930526.043767000	35.9575	74	0
1527930529.494129000	39.4078	375	1
1527930529.494234000	39.4079	1434	1
1527930529.494239000	39.4079	1434	1
1527930529.494242000	39.4079	236	1
1527930529.494291000	39.408	1434	1
1527930529.494299000	39.408	317	1
1527930529.511376000	39.4251	74	0
1527930529.513063000	39.4268	74	0
1527930529.513750000	39.4274	74	0
1527930529.514453000	39.4281	74	0
1527930529.642967000	39.5567	421	0
1527930529.649284000	39.563	104	0
1527930529.649318000	39.563	74	1
1527930529.649944000	39.5636	112	0
1527930529.650078000	39.5638	112	1
1527930529.663373000	39.5771	74	0
1527930529.695062000	39.6088	641	1
1527930529.695143000	39.6088	274	1
1527930529.709209000	39.6229	74	0
1527930529.711038000	39.6247	74	0
1527930530.051480000	39.9652	281	0
1527930530.052139000	39.9658	371	0
1527930530.052162000	39.9659	74	1
1527930530.056483000	39.9702	188	0
1527930530.057205000	39.9709	323	0
1527930530.057229000	39.9709	74	1
1527930530.057947000	39.9716	112	0
1527930530.058088000	39.9718	112	1
1527930530.075502000	39.9892	74	0
1527930530.207799000	40.1215	395	1
1527930530.207853000	40.1215	275	1
1527930530.222580000	40.1363	74	0
1527930530.224513000	40.1382	74	0
1527930530.557063000	40.4708	283	0
1527930530.557875000	40.4716	291	0
1527930530.557906000	40.4716	74	1
1527930530.562191000	40.4759	167	0
1527930530.562891000	40.4766	173	0
1527930530.562916000	40.4766	74	1
1527930530.563559000	40.4773	112	0
1527930530.563685000	40.4774	112	1
1527930530.580022000	40.4937	74	0
1527930530.601777000	40.5155	399	1
1527930530.601859000	40.5156	276	1
1527930530.618209000	40.5319	74	0
1527930530.618841000	40.5325	74	0
1527930530.944521000	40.8582	280	0
1527930530.945204000	40.8589	409	0
1527930530.945225000	40.8589	74	1
1527930530.949384000	40.8631	163	0
1527930530.950402000	40.8641	226	0
1527930530.950435000	40.8641	74	1
1527930530.951123000	40.8648	112	0
1527930530.951660000	40.8654	112	1
1527930530.965306000	40.879	74	0
1527930531.227846000	41.1415	1334	1
1527930531.227958000	41.1417	280	1
1527930531.241919000	41.1556	74	0
1527930531.242619000	41.1563	74	0
1527930531.574571000	41.4883	281	0
1527930531.575253000	41.4889	191	0
1527930531.575287000	41.489	74	1
1527930531.579077000	41.4928	334	0
1527930531.579691000	41.4934	167	0
1527930531.579717000	41.4934	74	1
1527930531.580412000	41.4941	112	0
1527930531.580557000	41.4943	112	1
1527930531.594820000	41.5085	74	0
1527930531.658554000	41.5722	398	1
1527930531.658610000	41.5723	281	1
1527930531.672305000	41.586	74	0
1527930531.672997000	41.5867	74	0
1527930532.019707000	41.9334	283	0
1527930532.020400000	41.9341	317	0
1527930532.020415000	41.9341	74	1
1527930532.022974000	41.9367	132	0
1527930532.023608000	41.9373	193	0
1527930532.023624000	41.9373	74	1
1527930532.024309000	41.938	112	0
1527930532.024489000	41.9382	112	1
1527930532.061363000	41.9751	74	0
1527930532.136974000	42.0507	396	1
1527930532.137030000	42.0507	280	1
1527930532.152353000	42.066	74	0
1527930532.153046000	42.0667	74	0
1527930532.288100000	42.2018	281	0
1527930532.288784000	42.2025	304	0
1527930532.288807000	42.2025	74	1
1527930532.293025000	42.2067	251	0
1527930532.293726000	42.2074	317	0
1527930532.293750000	42.2074	74	1
1527930532.294363000	42.2081	112	0
1527930532.294497000	42.2082	112	1
1527930532.309244000	42.2229	74	0
1527930532.439171000	42.3529	398	1
1527930532.439259000	42.353	275	1
1527930532.455192000	42.3689	74	0
1527930532.455881000	42.3696	74	0
1527930532.784252000	42.6979	280	0
1527930532.784881000	42.6986	264	0
1527930532.784901000	42.6986	74	1
1527930532.788150000	42.7018	302	0
1527930532.788775000	42.7025	154	0
1527930532.788799000	42.7025	74	1
1527930532.789498000	42.7032	112	0
1527930532.789619000	42.7033	112	1
1527930532.804279000	42.718	74	0
1527930533.084965000	42.9987	393	1
1527930533.085020000	42.9987	276	1
1527930533.100043000	43.0137	74	0
1527930533.100734000	43.0144	74	0
1527930533.283823000	43.1975	284	0
1527930533.284514000	43.1982	183	0
1527930533.284529000	43.1982	74	1
1527930533.290005000	43.2037	337	0
1527930533.290760000	43.2045	200	0
1527930533.290775000	43.2045	74	1
1527930533.291452000	43.2051	112	0
1527930533.291588000	43.2053	112	1
1527930533.317484000	43.2312	74	0
1527930536.256386000	46.1701	397	1
1527930536.256440000	46.1701	274	1
1527930536.270566000	46.1843	74	0
1527930536.271291000	46.185	74	0
1527930536.605091000	46.5188	281	0
1527930536.605790000	46.5195	187	0
1527930536.605817000	46.5195	74	1
1527930536.606500000	46.5202	358	0
1527930536.607236000	46.5209	143	0
1527930536.607261000	46.521	74	1
1527930536.607928000	46.5216	112	0
1527930536.608071000	46.5218	112	1
1527930536.641742000	46.5554	74	0
1527930536.653477000	46.5672	399	1
1527930536.653532000	46.5672	599	1
1527930536.667099000	46.5808	74	0
1527930536.667850000	46.5815	74	0
1527930536.809267000	46.723	281	0
1527930536.809873000	46.7236	185	0
1527930536.809888000	46.7236	74	1
1527930536.814481000	46.7282	128	0
1527930536.815230000	46.7289	334	0
1527930536.815254000	46.7289	74	1
1527930536.815872000	46.7296	112	0
1527930536.816020000	46.7297	112	1
1527930536.828889000	46.7426	74	0
1527930536.875181000	46.7889	407	1
1527930536.875253000	46.7889	276	1
1527930536.890226000	46.8039	74	0
1527930536.890919000	46.8046	74	0
1527930537.035953000	46.9496	283	0
1527930537.036578000	46.9503	230	0
1527930537.036599000	46.9503	74	1
1527930537.040457000	46.9542	187	0
1527930537.041168000	46.9549	115	0
1527930537.041186000	46.9549	74	1
1527930537.041868000	46.9556	112	0
1527930537.042003000	46.9557	112	1
1527930537.055654000	46.9693	74	0
1527930537.216198000	47.1299	376	1
1527930537.216289000	47.13	1434	1
1527930537.216294000	47.13	1434	1
1527930537.216298000	47.13	236	1
1527930537.216350000	47.13	1434	1
1527930537.216354000	47.13	597	1
1527930537.233178000	47.1469	74	0
1527930537.233862000	47.1476	74	0
1527930537.308337000	47.222	575	1
1527930537.308387000	47.2221	277	1
1527930537.327042000	47.2407	74	0
1527930537.456576000	47.3703	280	0
1527930537.457232000	47.3709	264	0
1527930537.457245000	47.3709	74	1
1527930537.461062000	47.3748	341	0
1527930537.461827000	47.3755	308	0
1527930537.461851000	47.3755	74	1
1527930537.462468000	47.3762	112	0
1527930537.462590000	47.3763	112	1
1527930537.477195000	47.3909	74	0
1527930537.551960000	47.4657	421	0
1527930537.557245000	47.4709	104	0
1527930537.557275000	47.471	74	1
1527930537.557965000	47.4717	112	0
1527930537.558112000	47.4718	112	1
1527930537.571769000	47.4855	74	0
1527930537.731317000	47.645	398	1
1527930537.731403000	47.6451	279	1
1527930537.745476000	47.6592	74	0
1527930537.878913000	47.7926	281	0
1527930537.879618000	47.7933	390	0
1527930537.879640000	47.7933	74	1
1527930537.885234000	47.7989	241	0
1527930537.885925000	47.7996	306	0
1527930537.885950000	47.7996	74	1
1527930537.886579000	47.8003	112	0
1527930537.886697000	47.8004	112	1
1527930537.910115000	47.8238	74	0
1527930538.181466000	48.0952	397	1
1527930538.181520000	48.0952	276	1
1527930538.195023000	48.1087	74	0
1527930538.195712000	48.1094	74	0
1527930538.545763000	48.4595	283	0
1527930538.546453000	48.4601	367	0
1527930538.546479000	48.4602	74	1
1527930538.550219000	48.4639	340	0
1527930538.550927000	48.4646	114	0
1527930538.550948000	48.4646	74	1
1527930538.551620000	48.4653	112	0
1527930538.551764000	48.4655	112	1
1527930538.566167000	48.4799	74	0
1527930540.513255000	50.4269	1337	1
1527930540.513305000	50.427	276	1
1527930540.529007000	50.4427	74	0
1527930540.529768000	50.4435	74	0
1527930540.860929000	50.7746	281	0
1527930540.861629000	50.7753	398	0
1527930540.861654000	50.7753	74	1
1527930540.866101000	50.7798	283	0
1527930540.866806000	50.7805	229	0
1527930540.866827000	50.7805	74	1
1527930540.867502000	50.7812	112	0
1527930540.867632000	50.7813	112	1
1527930540.883929000	50.7976	74	0
1527930540.996355000	50.91	398	1
1527930540.996410000	50.9101	274	1
1527930541.010108000	50.9238	74	0
1527930541.010869000	50.9246	74	0
1527930541.343424000	51.2571	283	0
1527930541.344105000	51.2578	375	0
1527930541.344130000	51.2578	74	1
1527930541.347336000	51.261	161	0
1527930541.348063000	51.2618	105	0
1527930541.348089000	51.2618	74	1
1527930541.348758000	51.2625	112	0
1527930541.348876000	51.2626	112	1
1527930541.362376000	51.2761	74	0
1527930586.371585000	96.2853	75	1
1527930586.384455000	96.2981	86	0
