1527800194.251965000	0	295	1
1527800194.270300000	0.0183349	87	0
1527800194.495537000	0.243572	300	0
1527800194.496980000	0.245015	1412	0
1527800194.498125000	0.24616	106	1
1527800194.498459000	0.246494	1412	0
1527800194.499934000	0.247969	1412	0
1527800194.501181000	0.249216	103	1
1527800194.501258000	0.249293	180	0
1527800194.502722000	0.250757	1412	0
1527800194.504104000	0.252139	103	1
1527800194.504205000	0.25224	1412	0
1527800194.505646000	0.253681	1412	0
1527800194.507043000	0.255078	188	0
1527800194.508499000	0.256534	1412	0
1527800194.509934000	0.257969	1412	0
1527800194.510988000	0.259023	103	1
1527800194.511359000	0.259394	1412	0
1527800194.512758000	0.260793	173	0
1527800194.514263000	0.262298	1412	0
1527800194.515698000	0.263733	1412	0
1527800194.517124000	0.265159	1412	0
1527800194.518528000	0.266563	188	0
1527800194.520039000	0.268074	1412	0
1527800194.520108000	0.268143	124	1
1527800194.521470000	0.269505	1412	0
1527800194.522901000	0.270936	1412	0
1527800194.523208000	0.271243	103	1
1527800194.524347000	0.272382	180	0
1527800194.525808000	0.273843	1412	0
1527800194.527237000	0.275272	1412	0
1527800194.528651000	0.276686	986	0
1527800194.530091000	0.278126	1412	0
1527800194.531498000	0.279533	802	0
1527800194.532942000	0.280977	1412	0
1527800194.534411000	0.282446	1000	0
1527800194.535851000	0.283886	1412	0
1527800194.537277000	0.285312	1412	0
1527800194.538700000	0.286735	1412	0
1527800194.540097000	0.288132	188	0
1527800194.541555000	0.28959	1412	0
1527800194.542949000	0.290984	170	0
1527800194.544504000	0.292539	1412	0
1527800194.545941000	0.293976	1412	0
1527800194.547368000	0.295403	1412	0
1527800194.548764000	0.296799	188	0
1527800194.550224000	0.298259	1412	0
1527800194.551615000	0.29965	153	0
1527800194.553075000	0.30111	1412	0
1527800194.554549000	0.302584	1412	0
1527800194.555977000	0.304012	1412	0
1527800194.557370000	0.305405	188	0
1527800194.558814000	0.306849	794	0
1527800194.560255000	0.30829	1412	0
1527800194.561679000	0.309714	1412	0
1527800194.563111000	0.311146	1412	0
1527800194.564547000	0.312582	188	0
1527800194.565985000	0.31402	662	0
1527800194.566649000	0.314684	100	1
1527800194.566937000	0.314972	127	1
1527800194.567094000	0.315129	127	1
1527800194.567265000	0.3153	127	1
1527800194.567397000	0.315432	164	0
1527800194.568828000	0.316863	300	0
1527800194.576638000	0.324673	103	1
1527800194.958219000	0.706254	316	1
1527800194.958302000	0.706337	1412	1
1527800194.958326000	0.706361	918	1
1527800194.964628000	0.712663	230	1
1527800194.976626000	0.724661	87	0
1527800194.982103000	0.730138	87	0
1527800195.073464000	0.821499	396	0
1527800195.076082000	0.824117	80	0
1527800195.077313000	0.825348	106	1
1527800195.082493000	0.830528	100	1
1527800195.246584000	0.994619	217	1
1527800195.264307000	1.01234	87	0
1527800195.295729000	1.04376	303	0
1527800195.297172000	1.04521	1412	0
1527800195.298147000	1.04618	106	1
1527800195.298622000	1.04666	1412	0
1527800195.300057000	1.04809	1412	0
1527800195.301136000	1.04917	103	1
1527800195.301479000	1.04951	1412	0
1527800195.302908000	1.05094	1412	0
1527800195.304162000	1.0522	103	1
1527800195.304387000	1.05242	1169	0
1527800195.305794000	1.05383	92	0
1527800195.307150000	1.05518	103	1
1527800195.307203000	1.05524	134	0
1527800195.310160000	1.05819	100	1
1527800195.381453000	1.12949	387	0
1527800195.382885000	1.13092	1116	0
1527800195.384180000	1.13222	103	1
1527800195.384341000	1.13238	92	0
1527800195.385783000	1.13382	135	0
1527800195.387156000	1.13519	103	1
1527800195.692588000	1.44062	595	1
1527800195.693888000	1.44192	720	1
1527800195.710070000	1.4581	87	0
1527800195.920611000	1.66865	522	0
1527800195.922007000	1.67004	80	0
1527800195.973648000	1.72168	1322	0
1527800195.975051000	1.72309	201	0
1527800196.039967000	1.788	522	0
1527800196.040495000	1.78853	112	1
1527800196.045730000	1.79377	100	1
1527800196.046662000	1.7947	396	1
1527800196.063966000	1.812	87	0
1527800196.083961000	1.832	255	0
1527800196.085381000	1.83342	451	0
1527800196.087316000	1.83535	106	1
1527800196.121123000	1.86916	281	1
1527800196.121202000	1.86924	145	1
1527800196.131628000	1.87966	156	1
1527800196.131700000	1.87973	191	1
1527800196.138334000	1.88637	87	0
1527800196.148362000	1.8964	87	0
1527800196.194225000	1.94226	1412	0
1527800196.195663000	1.9437	1412	0
1527800196.197071000	1.94511	1412	0
1527800196.198478000	1.94651	678	0
1527800196.199902000	1.94794	92	0
1527800196.201328000	1.94936	272	0
1527800196.204945000	1.95298	156	1
1527800196.208457000	1.95649	121	1
1527800196.239343000	1.98738	87	0
1527800196.277177000	2.02521	594	0
1527800196.278572000	2.02661	92	0
1527800196.280015000	2.02805	272	0
1527800196.309251000	2.05729	109	1
1527800196.922347000	2.67038	406	1
1527800196.940082000	2.68812	87	0
1527800196.977515000	2.72555	1412	1
1527800196.977572000	2.72561	546	1
1527800196.993119000	2.74115	90	0
1527800196.996414000	2.74445	87	0
1527800197.002349000	2.75038	106	1
1527800197.027508000	2.77554	277	0
1527800197.028953000	2.77699	1412	0
1527800197.030271000	2.77831	103	1
1527800197.030391000	2.77843	998	0
1527800197.034297000	2.78233	100	1
1527800197.044827000	2.79286	102	0
1527800197.047254000	2.79529	100	1
1527800197.074719000	2.82275	149	0
1527800197.077267000	2.8253	100	1
1527800197.246227000	2.99426	1412	0
1527800197.247607000	2.99564	175	0
1527800197.249034000	2.99707	172	0
1527800197.263561000	3.0116	106	1
1527800197.301119000	3.04915	1412	1
1527800197.301190000	3.04922	1412	1
1527800197.301222000	3.04926	444	1
1527800197.301291000	3.04933	845	1
1527800197.303318000	3.05135	1412	1
1527800197.303345000	3.05138	274	1
1527800197.319159000	3.06719	87	0
1527800197.341305000	3.08934	439	0
1527800197.342708000	3.09074	176	0
1527800197.344297000	3.09233	106	1
1527800197.954591000	3.70263	526	1
1527800197.954709000	3.70274	1412	1
1527800197.954747000	3.70278	1412	1
1527800197.954775000	3.70281	1412	1
1527800197.954821000	3.70286	1412	1
1527800197.954843000	3.70288	1412	1
1527800197.954877000	3.70291	1412	1
1527800197.954916000	3.70295	1412	1
1527800197.954956000	3.70299	1412	1
1527800197.954988000	3.70302	1412	1
1527800197.955023000	3.70306	1412	1
1527800197.955060000	3.70309	1412	1
1527800197.955089000	3.70312	1412	1
1527800197.955112000	3.70315	1293	1
1527800197.983221000	3.73126	87	0
1527800197.984760000	3.7328	90	0
1527800197.986189000	3.73422	87	0
1527800198.000958000	3.74899	106	1
1527800198.109539000	3.85757	399	0
1527800198.112160000	3.86019	100	1
1527800198.112359000	3.86039	80	0
1527800198.127771000	3.87581	100	1
1527800198.501182000	4.24922	1161	0
1527800198.502498000	4.25053	116	0
1527800198.513199000	4.26123	103	1
1527800200.140184000	5.88822	333	1
1527800200.140269000	5.8883	1412	1
1527800200.140296000	5.88833	1021	1
1527800200.159004000	5.90704	87	0
1527800200.160287000	5.90832	252	1
1527800200.178464000	5.9265	87	0
1527800200.255516000	6.00355	509	0
1527800200.257503000	6.00554	80	0
1527800200.260401000	6.00844	106	1
1527800200.265160000	6.0132	100	1
1527800200.379841000	6.12788	568	0
1527800200.381257000	6.12929	306	0
1527800200.382677000	6.13071	116	0
1527800200.418636000	6.16667	558	0
1527800200.457804000	6.20584	306	0
1527800200.657786000	6.40582	82	0
1527800200.659161000	6.4072	558	0
1527800200.704141000	6.45218	118	1
1527800200.704897000	6.45293	102	1
1527800200.709253000	6.45729	252	1
1527800200.721762000	6.4698	87	0
1527800200.727186000	6.47522	87	0
1527800201.100909000	6.84894	868	0
1527800201.102342000	6.85038	1412	0
1527800201.103838000	6.85187	1412	0
1527800201.104151000	6.85219	109	1
1527800201.105301000	6.85334	1412	0
1527800201.106715000	6.85475	180	0
1527800201.107393000	6.85543	103	1
1527800201.108158000	6.85619	1412	0
1527800201.109591000	6.85763	1349	0
1527800201.110164000	6.8582	106	1
1527800201.111019000	6.85905	1412	0
1527800201.112453000	6.86049	1412	0
1527800201.113934000	6.86197	1412	0
1527800201.114223000	6.86226	103	1
1527800201.115344000	6.86338	188	0
1527800201.116796000	6.86483	1412	0
1527800201.117161000	6.8652	106	1
1527800201.118220000	6.86626	1412	0
1527800201.119654000	6.86769	1412	0
1527800201.121045000	6.86908	180	0
1527800201.122495000	6.87053	1227	0
1527800201.122816000	6.87085	103	1
1527800201.123985000	6.87202	1412	0
1527800201.125393000	6.87343	740	0
1527800201.126840000	6.87488	1412	0
1527800201.127266000	6.8753	106	1
1527800201.128268000	6.8763	1412	0
1527800201.129693000	6.87773	1412	0
1527800201.131087000	6.87912	180	0
1527800201.132538000	6.88057	1412	0
1527800201.134083000	6.88212	1412	0
1527800201.135514000	6.88355	1412	0
1527800201.136943000	6.88498	1412	0
1527800201.138345000	6.88638	458	0
1527800201.139797000	6.88783	1412	0
1527800201.141224000	6.88926	1412	0
1527800201.142650000	6.89068	1412	0
1527800201.144170000	6.8922	188	0
1527800201.144471000	6.89251	103	1
1527800201.144748000	6.89278	127	1
1527800201.145630000	6.89366	1412	0
1527800201.147080000	6.89511	1412	0
1527800201.147276000	6.89531	106	1
1527800201.148483000	6.89652	1412	0
1527800201.149881000	6.89792	180	0
1527800201.150651000	6.89869	106	1
1527800201.151335000	6.89937	1412	0
1527800201.152769000	6.9008	1312	0
1527800201.154250000	6.90228	1412	0
1527800201.155679000	6.90371	1412	0
1527800201.157106000	6.90514	1412	0
1527800201.158565000	6.9066	188	0
1527800201.160014000	6.90805	965	0
1527800201.160297000	6.90833	100	1
1527800201.161441000	6.90948	1412	0
1527800201.162875000	6.91091	1301	0
1527800201.164336000	6.91237	749	0
1527800201.165262000	6.9133	115	1
1527800201.165782000	6.91382	1412	0
1527800201.167211000	6.91525	1326	0
1527800201.168644000	6.91668	1412	0
1527800201.169316000	6.91735	115	1
1527800201.170067000	6.9181	1412	0
1527800201.171470000	6.9195	342	0
1527800201.172885000	6.92092	92	0
1527800201.173173000	6.92121	106	1
1527800201.174357000	6.92239	123	0
1527800201.175960000	6.924	868	0
1527800201.177161000	6.9252	103	1
1527800203.527932000	9.27597	307	1
1527800203.528007000	9.27604	145	1
1527800203.546338000	9.29437	87	0
1527800203.597430000	9.34546	1412	0
1527800203.598844000	9.34688	1412	0
1527800203.600275000	9.34831	1412	0
1527800203.600362000	9.3484	106	1
1527800203.601702000	9.34974	631	0
1527800203.603114000	9.35115	201	0
1527800203.603672000	9.35171	106	1
1527800204.591477000	10.3395	379	1
1527800204.591565000	10.3396	295	1
1527800204.595243000	10.3433	424	1
1527800204.595318000	10.3434	1412	1
1527800204.595342000	10.3434	1412	1
1527800204.595362000	10.3434	982	1
1527800204.609143000	10.3572	87	0
1527800204.615302000	10.3633	87	0
1527800204.647639000	10.3957	399	1
1527800204.666788000	10.4148	87	0
1527800204.731721000	10.4798	298	0
1527800204.733118000	10.4812	103	0
1527800204.734779000	10.4828	106	1
1527800204.735227000	10.4833	98	0
1527800204.737810000	10.4858	100	1
1527800204.739741000	10.4878	374	0
1527800204.742798000	10.4908	100	1
1527800204.744574000	10.4926	80	0
1527800204.746756000	10.4948	100	1
1527800204.756915000	10.505	426	0
1527800204.758417000	10.5065	1400	0
1527800204.759748000	10.5078	103	1
1527800204.759842000	10.5079	513	0
1527800204.761273000	10.5093	592	0
1527800204.762705000	10.5107	635	0
1527800204.762747000	10.5108	103	1
1527800204.764173000	10.5122	467	0
1527800204.765610000	10.5136	697	0
1527800204.765718000	10.5138	106	1
1527800204.767032000	10.5151	494	0
1527800204.768467000	10.5165	835	0
1527800204.769734000	10.5178	103	1
1527800204.769886000	10.5179	649	0
1527800204.771312000	10.5193	519	0
1527800204.772733000	10.5208	439	0
1527800204.772763000	10.5208	103	1
1527800204.774213000	10.5222	701	0
1527800204.775638000	10.5237	616	0
1527800204.775820000	10.5239	106	1
1527800204.777063000	10.5251	558	0
1527800204.778493000	10.5265	654	0
1527800204.779913000	10.5279	583	0
1527800204.780263000	10.5283	103	1
1527800204.781336000	10.5294	689	0
1527800204.783675000	10.5317	92	0
1527800204.783799000	10.5318	106	1
1527800204.785129000	10.5332	130	0
1527800204.787769000	10.5358	100	1
1527800205.726874000	11.4749	391	1
1527800205.726951000	11.475	268	1
1527800205.744895000	11.4929	87	0
1527800205.805175000	11.5532	899	1
1527800205.805271000	11.5533	95	1
1527800205.822403000	11.5704	87	0
1527800205.908891000	11.6569	262	0
1527800205.910308000	11.6583	367	0
1527800205.911819000	11.6599	109	1
1527800205.912920000	11.661	120	0
1527800205.915819000	11.6639	100	1
1527800206.597007000	12.345	269	0
1527800206.598421000	12.3465	146	0
1527800206.601672000	12.3497	92	0
1527800206.603097000	12.3511	295	0
1527800206.603370000	12.3514	103	1
1527800206.606006000	12.354	103	1
1527800206.835462000	12.5835	396	1
1527800206.835549000	12.5836	110	1
1527800206.839789000	12.5878	302	1
1527800206.841937000	12.59	694	1
1527800206.842008000	12.59	88	1
1527800206.853065000	12.6011	87	0
1527800206.858251000	12.6063	87	0
1527800206.966845000	12.7149	284	0
1527800206.968255000	12.7163	140	0
1527800206.969877000	12.7179	109	1
1527800206.970541000	12.7186	92	0
1527800206.971982000	12.72	147	0
1527800206.972923000	12.721	103	1
1527800206.984232000	12.7323	265	0
1527800206.985651000	12.7337	151	0
1527800206.986923000	12.735	103	1
1527800206.987089000	12.7351	92	0
1527800206.988527000	12.7366	186	0
1527800206.990289000	12.7383	103	1
1527800206.996714000	12.7447	245	0
1527800206.998121000	12.7462	103	0
1527800206.999544000	12.7476	92	0
1527800206.999866000	12.7479	106	1
1527800207.001005000	12.749	322	0
1527800207.003889000	12.7519	100	1
1527800207.509653000	13.2577	371	1
1527800207.510753000	13.2588	307	1
1527800207.527409000	13.2754	87	0
1527800207.648530000	13.3966	290	1
1527800207.657610000	13.4056	259	0
1527800207.659002000	13.407	118	0
1527800207.660433000	13.4085	235	0
1527800207.661186000	13.4092	109	1
1527800207.661879000	13.4099	279	0
1527800207.664916000	13.413	100	1
1527800207.665627000	13.4137	92	0
1527800207.667070000	13.4151	222	0
1527800207.667898000	13.4159	103	1
1527800207.668486000	13.4165	92	0
1527800207.669959000	13.418	256	0
1527800207.671006000	13.419	100	1
1527800207.671335000	13.4194	87	0
1527800207.673912000	13.4219	103	1
1527800207.691811000	13.4398	602	1
1527800207.691908000	13.4399	282	1
1527800207.710814000	13.4588	87	0
1527800207.715922000	13.464	303	1
1527800207.716080000	13.4641	1412	1
1527800207.716106000	13.4641	1412	1
1527800207.716149000	13.4642	1412	1
1527800207.716204000	13.4642	1412	1
1527800207.716240000	13.4643	1412	1
1527800207.716292000	13.4643	1412	1
1527800207.716328000	13.4644	1412	1
1527800207.716380000	13.4644	1412	1
1527800207.716416000	13.4645	1412	1
1527800207.716451000	13.4645	1412	1
1527800207.716488000	13.4645	1412	1
1527800207.716525000	13.4646	1412	1
1527800207.716573000	13.4646	1412	1
1527800207.716610000	13.4646	1412	1
1527800207.716656000	13.4647	1412	1
1527800207.716696000	13.4647	1412	1
1527800207.717903000	13.4659	1412	1
1527800207.717931000	13.466	1412	1
1527800207.717979000	13.466	1412	1
1527800207.718002000	13.466	1412	1
1527800207.718038000	13.4661	1412	1
1527800207.718072000	13.4661	1412	1
1527800207.718107000	13.4661	1412	1
1527800207.718148000	13.4662	1412	1
1527800207.718181000	13.4662	1412	1
1527800207.718216000	13.4663	1412	1
1527800207.718239000	13.4663	1412	1
1527800207.718285000	13.4663	1412	1
1527800207.718321000	13.4664	1412	1
1527800207.719896000	13.4679	1412	1
1527800207.719921000	13.468	1412	1
1527800207.719957000	13.468	1412	1
1527800207.719991000	13.468	1412	1
1527800207.720024000	13.4681	781	1
1527800207.734595000	13.4826	87	0
1527800207.736002000	13.484	87	0
1527800207.740136000	13.4882	87	0
1527800207.742634000	13.4907	87	0
1527800207.812011000	13.56	235	0
1527800207.813481000	13.5615	146	0
1527800207.814916000	13.563	118	1
1527800207.815493000	13.5635	92	0
1527800207.816923000	13.565	189	0
1527800207.817896000	13.5659	103	1
1527800207.837873000	13.5859	385	0
1527800207.840947000	13.589	100	1
1527800207.842731000	13.5908	80	0
1527800207.844913000	13.5929	100	1
1527800207.849140000	13.5972	553	0
1527800207.850572000	13.5986	801	0
1527800207.851982000	13.6	103	1
1527800207.851997000	13.6	92	0
1527800207.853710000	13.6017	226	0
1527800207.854953000	13.603	103	1
1527800207.966276000	13.7143	1249	1
1527800207.985405000	13.7334	87	0
1527800208.240337000	13.9884	744	0
1527800208.242966000	13.991	103	1
1527800208.254567000	14.0026	473	1
1527800208.272725000	14.0208	87	0
1527800208.430845000	14.1789	897	0
1527800208.434065000	14.1821	103	1
1527800208.792341000	14.5404	1013	1
1527800208.792417000	14.5405	262	1
1527800208.820981000	14.569	87	0
1527800209.204958000	14.953	402	0
1527800209.206352000	14.9544	146	0
1527800209.207785000	14.9558	92	0
1527800209.208024000	14.9561	109	1
1527800209.209241000	14.9573	230	0
1527800209.212072000	14.9601	100	1
1527800209.485639000	15.2337	611	1
1527800209.485720000	15.2338	254	1
1527800209.508596000	15.2566	87	0
1527800209.612400000	15.3604	312	0
1527800209.613865000	15.3619	146	0
1527800209.615044000	15.3631	106	1
1527800209.615423000	15.3635	92	0
1527800209.616852000	15.3649	204	0
1527800209.618031000	15.3661	103	1
1527800209.905598000	15.6536	625	1
1527800209.905669000	15.6537	260	1
1527800209.923399000	15.6714	87	0
1527800210.016767000	15.7648	235	0
1527800210.018189000	15.7662	146	0
1527800210.019074000	15.7671	106	1
1527800210.021617000	15.7697	92	0
1527800210.023033000	15.7711	91	0
1527800210.024069000	15.7721	103	1
1527800211.569311000	17.3173	392	1
1527800211.569394000	17.3174	257	1
1527800211.587677000	17.3357	87	0
1527800211.663239000	17.4113	259	0
1527800211.665942000	17.414	103	1
1527800211.666995000	17.415	146	0
1527800211.668446000	17.4165	92	0
1527800211.669872000	17.4179	182	0
1527800211.669915000	17.4179	103	1
1527800211.673016000	17.4211	100	1
1527800211.788678000	17.5367	393	1
1527800211.788770000	17.5368	256	1
1527800211.806354000	17.5544	87	0
1527800211.956570000	17.7046	233	0
1527800211.957983000	17.706	146	0
1527800211.959409000	17.7074	92	0
1527800211.959966000	17.708	109	1
1527800211.962118000	17.7102	240	0
1527800211.965032000	17.7131	100	1
1527800212.257385000	18.0054	390	1
1527800212.257470000	18.0055	259	1
1527800212.275167000	18.0232	87	0
1527800212.498367000	18.2464	259	0
1527800212.499800000	18.2478	146	0
1527800212.501060000	18.2491	106	1
1527800212.501207000	18.2492	92	0
1527800212.502676000	18.2507	207	0
1527800212.504011000	18.252	103	1
1527800212.739456000	18.4875	388	1
1527800212.739541000	18.4876	260	1
1527800212.758385000	18.5064	87	0
1527800212.902264000	18.6503	235	0
1527800212.903740000	18.6518	148	0
1527800212.905093000	18.6531	106	1
1527800212.905401000	18.6534	92	0
1527800212.906896000	18.6549	277	0
1527800212.907994000	18.656	103	1
1527800213.175466000	18.9235	392	1
1527800213.175540000	18.9236	258	1
1527800213.194307000	18.9423	87	0
1527800213.335967000	19.084	233	0
1527800213.337351000	19.0854	148	0
1527800213.338945000	19.087	92	0
1527800213.339191000	19.0872	109	1
1527800213.340346000	19.0884	117	0
1527800213.343103000	19.0911	100	1
1527800214.730805000	20.4788	388	1
1527800214.730875000	20.4789	260	1
1527800214.748824000	20.4969	87	0
1527800214.897557000	20.6456	256	0
1527800214.898975000	20.647	148	0
1527800214.900196000	20.6482	106	1
1527800214.900882000	20.6489	92	0
1527800214.902312000	20.6503	165	0
1527800214.903108000	20.6511	103	1
1527800215.020702000	20.7687	510	1
1527800215.020794000	20.7688	259	1
1527800215.038315000	20.7864	87	0
1527800215.194499000	20.9425	233	0
1527800215.195926000	20.944	148	0
1527800215.197136000	20.9452	106	1
1527800215.197984000	20.946	92	0
1527800215.199414000	20.9474	236	0
1527800215.201126000	20.9492	103	1
1527800215.510612000	21.2586	388	1
1527800215.510668000	21.2587	258	1
1527800215.528742000	21.2768	87	0
1527800215.651160000	21.3992	256	0
1527800215.652573000	21.4006	148	0
1527800215.654056000	21.4021	92	0
1527800215.654279000	21.4023	109	1
1527800215.655517000	21.4036	225	0
1527800215.658212000	21.4062	100	1
1527800215.814460000	21.5625	387	1
1527800215.814534000	21.5626	258	1
1527800215.833042000	21.5811	87	0
1527800215.837343000	21.5854	87	0
1527800215.921044000	21.6691	232	0
1527800215.922439000	21.6705	148	0
1527800215.924116000	21.6722	92	0
1527800215.924194000	21.6722	109	1
1527800215.925580000	21.6736	340	0
1527800215.927182000	21.6752	103	1
1527800216.015427000	21.7635	1009	1
1527800216.015513000	21.7635	259	1
1527800216.033938000	21.782	87	0
1527800216.191439000	21.9395	233	0
1527800216.192851000	21.9409	148	0
1527800216.194194000	21.9422	106	1
1527800216.194347000	21.9424	92	0
1527800216.195781000	21.9438	98	0
1527800216.197195000	21.9452	103	1
1527800216.475280000	22.2233	606	1
1527800216.475345000	22.2234	258	1
1527800216.492711000	22.2407	87	0
1527800216.649581000	22.3976	285	0
1527800216.650988000	22.399	148	0
1527800216.652299000	22.4003	106	1
1527800216.652687000	22.4007	92	0
1527800216.654189000	22.4022	126	0
1527800216.655211000	22.4032	103	1
1527800216.725603000	22.4736	625	1
1527800216.725659000	22.4737	256	1
1527800216.743996000	22.492	87	0
1527800216.867342000	22.6154	277	0
1527800216.868755000	22.6168	148	0
1527800216.870214000	22.6182	106	1
1527800216.870292000	22.6183	92	0
1527800216.871722000	22.6198	168	0
1527800216.873225000	22.6213	103	1
1527800217.197113000	22.9451	393	1
1527800217.197202000	22.9452	263	1
1527800217.219700000	22.9677	87	0
1527800217.324481000	23.0725	400	0
1527800217.325889000	23.0739	148	0
1527800217.327338000	23.0754	106	1
1527800217.329113000	23.0771	92	0
1527800217.330547000	23.0786	212	0
1527800217.332233000	23.0803	103	1
1527800217.629011000	23.377	392	1
1527800217.629071000	23.3771	262	1
1527800217.646096000	23.3941	87	0
1527800217.732741000	23.4808	311	0
1527800217.734220000	23.4823	148	0
1527800217.735351000	23.4834	106	1
1527800217.736309000	23.4843	92	0
1527800217.737781000	23.4858	146	0
1527800217.739263000	23.4873	103	1
1527800218.119412000	23.8674	391	1
1527800218.119488000	23.8675	259	1
1527800218.136903000	23.8849	87	0
1527800218.217508000	23.9655	233	0
1527800218.218919000	23.967	148	0
1527800218.220289000	23.9683	106	1
1527800218.220445000	23.9685	92	0
1527800218.221877000	23.9699	152	0
1527800218.223285000	23.9713	103	1
1527800218.363639000	24.1117	388	1
1527800218.363700000	24.1117	259	1
1527800218.381190000	24.1292	87	0
1527800218.486096000	24.2341	256	0
1527800218.487510000	24.2355	148	0
1527800218.489352000	24.2374	92	0
1527800218.489413000	24.2374	106	1
1527800218.490843000	24.2389	120	0
1527800218.492380000	24.2404	103	1
1527800218.617764000	24.3658	392	1
1527800218.617823000	24.3659	257	1
1527800218.636610000	24.3846	87	0
1527800218.808885000	24.5569	235	0
1527800218.810313000	24.5583	148	0
1527800218.811379000	24.5594	106	1
1527800218.812549000	24.5606	92	0
1527800218.814041000	24.5621	300	0
1527800218.815342000	24.5634	103	1
1527800219.104972000	24.853	389	1
1527800219.105064000	24.8531	259	1
1527800219.122963000	24.871	87	0
1527800219.208518000	24.9566	233	0
1527800219.209934000	24.958	148	0
1527800219.211347000	24.9594	92	0
1527800219.211439000	24.9595	106	1
1527800219.212850000	24.9609	119	0
1527800219.214377000	24.9624	103	1
1527800219.464250000	25.2123	510	1
1527800219.464312000	25.2123	257	1
1527800219.482321000	25.2304	87	0
1527800219.740418000	25.4885	254	0
1527800219.741829000	25.4899	148	0
1527800219.743248000	25.4913	92	0
1527800219.743405000	25.4914	109	1
1527800219.744794000	25.4928	220	0
1527800219.747414000	25.4954	100	1
1527800219.967924000	25.716	390	1
1527800219.968016000	25.7161	264	1
1527800219.986296000	25.7343	87	0
1527800220.145516000	25.8936	236	0
1527800220.147008000	25.895	148	0
1527800220.148432000	25.8965	106	1
1527800220.149380000	25.8974	92	0
1527800220.150863000	25.8989	132	0
1527800220.152426000	25.9005	103	1
1527800220.415215000	26.1632	392	1
1527800220.415282000	26.1633	260	1
1527800220.433551000	26.1816	87	0
1527800220.525304000	26.2733	256	0
1527800220.526717000	26.2748	148	0
1527800220.528475000	26.2765	106	1
1527800220.530867000	26.2789	92	0
1527800220.532302000	26.2803	273	0
1527800220.533427000	26.2815	103	1
1527800220.654095000	26.4021	1013	1
1527800220.654157000	26.4022	258	1
1527800220.671647000	26.4197	87	0
1527800220.762374000	26.5104	235	0
1527800220.763844000	26.5119	148	0
1527800220.765449000	26.5135	106	1
1527800220.765639000	26.5137	92	0
1527800220.767074000	26.5151	120	0
1527800220.768446000	26.5165	103	1
1527800220.883759000	26.6318	607	1
1527800220.883821000	26.6319	262	1
1527800220.901633000	26.6497	87	0
1527800221.003333000	26.7514	232	0
1527800221.004764000	26.7528	148	0
1527800221.006481000	26.7545	106	1
1527800221.006794000	26.7548	92	0
1527800221.008231000	26.7563	208	0
1527800221.009459000	26.7575	103	1
1527800221.403932000	27.152	622	1
1527800221.404004000	27.152	259	1
1527800221.421193000	27.1692	87	0
1527800221.578940000	27.327	258	0
1527800221.580353000	27.3284	148	0
1527800221.581587000	27.3296	106	1
1527800221.581905000	27.3299	92	0
1527800221.583340000	27.3314	173	0
1527800221.584465000	27.3325	103	1
1527800221.644024000	27.3921	389	1
1527800221.644089000	27.3921	258	1
1527800221.661777000	27.4098	87	0
1527800221.767962000	27.516	233	0
1527800221.769354000	27.5174	148	0
1527800221.770593000	27.5186	106	1
1527800221.770818000	27.5189	92	0
1527800221.772241000	27.5203	319	0
1527800221.773503000	27.5215	103	1
1527800221.863666000	27.6117	387	1
1527800221.863758000	27.6118	258	1
1527800221.881778000	27.6298	87	0
1527800221.980100000	27.7281	259	0
1527800221.981498000	27.7295	148	0
1527800221.982522000	27.7306	106	1
1527800221.982969000	27.731	92	0
1527800221.984459000	27.7325	90	0
1527800221.985506000	27.7335	103	1
1527800222.403901000	28.1519	388	1
1527800222.403993000	28.152	260	1
1527800222.421255000	28.1693	87	0
1527800222.518499000	28.2665	297	0
1527800222.519945000	28.268	148	0
1527800222.521594000	28.2696	92	0
1527800222.521680000	28.2697	106	1
1527800222.523109000	28.2711	133	0
1527800222.524625000	28.2727	103	1
1527800222.706276000	28.4543	387	1
1527800222.706347000	28.4544	258	1
1527800222.724742000	28.4728	87	0
1527800222.809443000	28.5575	400	0
1527800222.810889000	28.5589	148	0
1527800222.812644000	28.5607	106	1
1527800222.812967000	28.561	92	0
1527800222.814367000	28.5624	279	0
1527800222.815545000	28.5636	103	1
1527800223.137011000	28.885	392	1
1527800223.137087000	28.8851	266	1
1527800223.154790000	28.9028	87	0
1527800223.241755000	28.9898	290	0
1527800223.243186000	28.9912	148	0
1527800223.244596000	28.9926	106	1
1527800223.245418000	28.9935	92	0
1527800223.246845000	28.9949	167	0
1527800223.247559000	28.9956	103	1
1527800223.608556000	29.3566	392	1
1527800223.608645000	29.3567	265	1
1527800223.635451000	29.3835	87	0
1527800223.779796000	29.5278	255	0
1527800223.781210000	29.5292	148	0
1527800223.782714000	29.5307	106	1
1527800223.783612000	29.5316	92	0
1527800223.785040000	29.5331	318	0
1527800223.786688000	29.5347	103	1
1527800224.021093000	29.7691	513	1
1527800224.021183000	29.7692	261	1
1527800224.038823000	29.7869	87	0
1527800224.122657000	29.8707	235	0
1527800224.124142000	29.8722	148	0
1527800224.125710000	29.8737	106	1
1527800224.126376000	29.8744	92	0
1527800224.127920000	29.876	188	0
1527800224.128614000	29.8766	103	1
1527800224.366211000	30.1142	389	1
1527800224.366325000	30.1144	260	1
1527800224.383715000	30.1317	87	0
1527800224.529182000	30.2772	255	0
1527800224.530581000	30.2786	148	0
1527800224.531667000	30.2797	106	1
1527800224.532018000	30.2801	92	0
1527800224.533505000	30.2815	90	0
1527800224.534645000	30.2827	103	1
1527800224.743960000	30.492	391	1
1527800224.744028000	30.4921	257	1
1527800224.761658000	30.5097	87	0
1527800224.870285000	30.6183	235	0
1527800224.871711000	30.6197	148	0
1527800224.872764000	30.6208	106	1
1527800224.873153000	30.6212	92	0
1527800224.874650000	30.6227	299	0
1527800224.875671000	30.6237	103	1
1527800225.232169000	30.9802	1013	1
1527800225.232262000	30.9803	260	1
1527800225.250100000	30.9981	87	0
1527800225.370051000	31.1181	236	0
1527800225.371460000	31.1195	148	0
1527800225.372706000	31.1207	106	1
1527800225.372904000	31.1209	92	0
1527800225.374391000	31.1224	193	0
1527800225.375717000	31.1238	103	1
1527800225.504049000	31.2521	610	1
1527800225.504109000	31.2521	258	1
1527800225.521513000	31.2695	87	0
1527800225.666767000	31.4148	256	0
1527800225.668191000	31.4162	148	0
1527800225.669606000	31.4176	92	0
1527800225.669866000	31.4179	109	1
1527800225.671014000	31.419	259	0
1527800225.673811000	31.4218	100	1
1527800226.019425000	31.7675	623	1
1527800226.019515000	31.7675	261	1
1527800226.036263000	31.7843	87	0
1527800226.125123000	31.8732	235	0
1527800226.126513000	31.8745	148	0
1527800226.127832000	31.8759	106	1
1527800226.127935000	31.876	92	0
1527800226.129376000	31.8774	291	0
1527800226.130816000	31.8789	103	1
1527800230.719752000	36.4678	370	1
1527800230.719850000	36.4679	1412	1
1527800230.719898000	36.4679	1412	1
1527800230.719923000	36.468	1412	1
1527800230.719966000	36.468	1373	1
1527800230.737025000	36.4851	87	0
1527800230.896380000	36.6444	411	0
1527800230.899037000	36.6471	103	1
1527800230.900387000	36.6484	80	0
1527800230.903030000	36.6511	100	1
1527800230.920178000	36.6682	391	1
1527800230.920263000	36.6683	262	1
1527800230.938384000	36.6864	87	0
1527800231.091874000	36.8399	232	0
1527800231.093292000	36.8413	148	0
1527800231.095124000	36.8432	106	1
1527800231.095717000	36.8438	92	0
1527800231.097099000	36.8451	329	0
1527800231.098029000	36.8461	103	1
1527800231.152941000	36.901	387	1
1527800231.153004000	36.901	262	1
1527800231.169940000	36.918	87	0
1527800231.308108000	37.0561	235	0
1527800231.309574000	37.0576	148	0
1527800231.310989000	37.059	92	0
1527800231.311081000	37.0591	106	1
1527800231.312394000	37.0604	326	0
1527800231.314122000	37.0622	103	1
1527800231.389247000	37.1373	388	1
1527800231.389337000	37.1374	260	1
1527800231.406831000	37.1549	87	0
1527800231.602277000	37.3503	280	0
1527800231.603751000	37.3518	148	0
1527800231.605170000	37.3532	106	1
1527800231.605499000	37.3535	92	0
1527800231.606939000	37.355	330	0
1527800231.608064000	37.3561	103	1
1527800231.731924000	37.48	386	1
1527800231.731990000	37.48	258	1
1527800231.750115000	37.4981	87	0
1527800231.894160000	37.6422	275	0
1527800231.895641000	37.6437	148	0
1527800231.897134000	37.6452	106	1
1527800231.903120000	37.6512	92	0
1527800231.904577000	37.6526	251	0
1527800231.906162000	37.6542	103	1
1527800232.211428000	37.9595	388	1
1527800232.211518000	37.9596	262	1
1527800232.229410000	37.9774	87	0
1527800232.376977000	38.125	398	0
1527800232.378354000	38.1264	148	0
1527800232.379799000	38.1278	92	0
1527800232.380117000	38.1282	109	1
1527800232.381253000	38.1293	155	0
1527800232.384180000	38.1322	100	1
1527800232.631572000	38.3796	508	1
1527800232.631666000	38.3797	262	1
1527800232.649710000	38.3977	87	0
1527800232.807367000	38.5554	311	0
1527800232.808826000	38.5569	148	0
1527800232.810220000	38.5583	106	1
1527800232.817877000	38.5659	92	0
1527800232.819310000	38.5673	121	0
1527800232.820158000	38.5682	103	1
1527800233.243491000	38.9915	388	1
1527800233.243587000	38.9916	257	1
1527800233.261077000	39.0091	87	0
1527800233.340999000	39.089	233	0
1527800233.342366000	39.0904	148	0
1527800233.344249000	39.0923	106	1
1527800233.345192000	39.0932	92	0
1527800233.346624000	39.0947	129	0
1527800233.348238000	39.0963	103	1
1527800236.279020000	42.0271	391	1
1527800236.279106000	42.0271	259	1
1527800236.297309000	42.0453	87	0
1527800236.401158000	42.1492	255	0
1527800236.402583000	42.1506	148	0
1527800236.404392000	42.1524	106	1
1527800236.404584000	42.1526	92	0
1527800236.406019000	42.1541	172	0
1527800236.407379000	42.1554	103	1
1527800238.998592000	44.7466	1009	1
1527800238.998667000	44.7467	259	1
1527800239.016483000	44.7645	87	0
1527800239.113769000	44.8618	258	0
1527800239.115192000	44.8632	148	0
1527800239.116503000	44.8645	106	1
1527800239.117619000	44.8657	92	0
1527800239.119072000	44.8671	248	0
1527800239.120545000	44.8686	103	1
1527800239.208708000	44.9567	611	1
1527800239.208772000	44.9568	257	1
1527800239.227135000	44.9752	87	0
1527800239.327865000	45.0759	232	0
1527800239.330577000	45.0786	103	1
1527800239.336541000	45.0846	148	0
1527800239.339568000	45.0876	100	1
1527800239.342739000	45.0908	92	0
1527800239.344274000	45.0923	148	0
1527800239.345571000	45.0936	103	1
1527800243.601911000	49.3499	603	1
1527800243.601996000	49.35	1412	1
1527800243.602021000	49.3501	1412	1
1527800243.602044000	49.3501	1412	1
1527800243.602081000	49.3501	254	1
1527800243.619336000	49.3674	87	0
1527800243.622192000	49.3702	87	0
1527800243.705830000	49.4539	397	0
1527800243.708577000	49.4566	106	1
1527800243.710830000	49.4589	80	0
1527800243.713578000	49.4616	100	1
1527800243.803946000	49.552	392	1
1527800243.804038000	49.5521	261	1
1527800243.822844000	49.5709	87	0
1527800243.974818000	49.7229	235	0
1527800243.976298000	49.7243	148	0
1527800243.977644000	49.7257	106	1
1527800243.977663000	49.7257	92	0
1527800243.979170000	49.7272	221	0
1527800243.980552000	49.7286	103	1
1527800244.024695000	49.7727	391	1
1527800244.024793000	49.7728	260	1
1527800244.041939000	49.79	87	0
1527800244.137989000	49.886	233	0
1527800244.139384000	49.8874	148	0
1527800244.140582000	49.8886	106	1
1527800244.140844000	49.8889	92	0
1527800244.142267000	49.8903	225	0
1527800244.143574000	49.8916	103	1
1527800244.261735000	50.0098	391	1
1527800244.261782000	50.0098	258	1
1527800244.279534000	50.0276	87	0
1527800244.378325000	50.1264	235	0
1527800244.379739000	50.1278	148	0
1527800244.381153000	50.1292	92	0
1527800244.381666000	50.1297	109	1
1527800244.382555000	50.1306	335	0
1527800244.385652000	50.1337	100	1
1527800244.693722000	50.4418	388	1
1527800244.693796000	50.4418	259	1
1527800244.713150000	50.4612	87	0
1527800244.807845000	50.5559	258	0
1527800244.809260000	50.5573	148	0
1527800244.810704000	50.5587	106	1
1527800244.811302000	50.5593	92	0
1527800244.812674000	50.5607	111	0
1527800244.813604000	50.5616	103	1
1527800245.096512000	50.8445	388	1
1527800245.096659000	50.8447	259	1
1527800245.113852000	50.8619	87	0
1527800245.125769000	50.8738	87	0
1527800245.207375000	50.9554	233	0
1527800245.208774000	50.9568	148	0
1527800245.210640000	50.9587	92	0
1527800245.210669000	50.9587	109	1
1527800245.212090000	50.9601	289	0
1527800245.213615000	50.9616	103	1
1527800245.402853000	51.1509	514	1
1527800245.402950000	51.151	262	1
1527800245.420698000	51.1687	87	0
1527800245.530842000	51.2789	326	0
1527800245.532269000	51.2803	148	0
1527800245.533731000	51.2818	106	1
1527800245.534966000	51.283	92	0
1527800245.536389000	51.2844	95	0
1527800245.537650000	51.2857	103	1
1527800245.683133000	51.4312	389	1
1527800245.683231000	51.4313	259	1
1527800245.701519000	51.4496	87	0
1527800245.799992000	51.548	400	0
1527800245.801398000	51.5494	148	0
1527800245.802655000	51.5507	106	1
1527800245.802874000	51.5509	92	0
1527800245.804367000	51.5524	222	0
1527800245.805736000	51.5538	103	1
1527800245.925664000	51.6737	387	1
1527800245.925754000	51.6738	261	1
1527800245.943580000	51.6916	87	0
1527800246.040327000	51.7884	290	0
1527800246.041722000	51.7898	148	0
1527800246.043655000	51.7917	92	0
1527800246.043750000	51.7918	106	1
1527800246.045112000	51.7931	298	0
1527800246.046748000	51.7948	103	1
1527800246.123819000	51.8719	389	1
1527800246.123882000	51.8719	258	1
1527800246.141353000	51.8894	87	0
1527800246.222424000	51.9705	235	0
1527800246.223954000	51.972	148	0
1527800246.225350000	51.9734	92	0
1527800246.225768000	51.9738	109	1
1527800246.226763000	51.9748	269	0
1527800246.229693000	51.9777	100	1
1527800246.443072000	52.1911	1011	1
1527800246.443127000	52.1912	258	1
1527800246.461617000	52.2097	87	0
1527800246.547723000	52.2958	259	0
1527800246.549137000	52.2972	148	0
1527800246.550643000	52.2987	92	0
1527800246.550746000	52.2988	106	1
1527800246.552156000	52.3002	219	0
1527800246.553795000	52.3018	103	1
1527800246.685941000	52.434	610	1
1527800246.686031000	52.4341	257	1
1527800246.703312000	52.4513	87	0
1527800246.814011000	52.562	233	0
1527800246.815450000	52.5635	148	0
1527800246.816805000	52.5648	106	1
1527800246.818513000	52.5665	92	0
1527800246.819946000	52.568	199	0
1527800246.820759000	52.5688	103	1
1527800246.939247000	52.6873	627	1
1527800246.939337000	52.6874	264	1
1527800246.957102000	52.7051	87	0
1527800247.057314000	52.8053	236	0
1527800247.058719000	52.8068	148	0
1527800247.059749000	52.8078	106	1
1527800247.060154000	52.8082	92	0
1527800247.061587000	52.8096	239	0
1527800247.062733000	52.8108	103	1
1527800247.399968000	53.148	393	1
1527800247.400029000	53.1481	261	1
1527800247.419941000	53.168	87	0
1527800247.567083000	53.3151	256	0
1527800247.568464000	53.3165	148	0
1527800247.569852000	53.3179	92	0
1527800247.569879000	53.3179	106	1
1527800247.571352000	53.3194	153	0
1527800247.572837000	53.3209	103	1
1527800247.921316000	53.6694	390	1
1527800247.921381000	53.6694	259	1
1527800247.938242000	53.6863	87	0
1527800248.029964000	53.778	233	0
1527800248.031353000	53.7794	148	0
1527800248.032865000	53.7809	106	1
1527800248.033300000	53.7813	92	0
1527800248.034780000	53.7828	125	0
1527800248.035813000	53.7838	103	1
1527800248.268195000	54.0162	391	1
1527800248.268285000	54.0163	260	1
1527800248.285641000	54.0337	87	0
1527800248.379113000	54.1271	233	0
1527800248.380523000	54.1286	148	0
1527800248.381870000	54.1299	92	0
1527800248.381962000	54.13	106	1
1527800248.383502000	54.1315	122	0
1527800248.384809000	54.1328	103	1
1527800248.689353000	54.4374	387	1
1527800248.689414000	54.4374	264	1
1527800248.707066000	54.4551	87	0
1527800248.781876000	54.5299	257	0
1527800248.783293000	54.5313	148	0
1527800248.784917000	54.533	106	1
1527800248.785214000	54.5332	92	0
1527800248.786649000	54.5347	185	0
1527800248.787834000	54.5359	103	1
1527800249.110554000	54.8586	392	1
1527800249.110624000	54.8587	267	1
1527800249.128926000	54.877	87	0
1527800249.213168000	54.9612	233	0
1527800249.214699000	54.9627	148	0
1527800249.215946000	54.964	106	1
1527800249.216146000	54.9642	92	0
1527800249.217575000	54.9656	169	0
1527800249.218856000	54.9669	103	1
1527800249.523453000	55.2715	510	1
1527800249.523542000	55.2716	261	1
1527800249.540812000	55.2888	87	0
1527800249.618823000	55.3669	257	0
1527800249.620170000	55.3682	148	0
1527800249.621893000	55.3699	106	1
1527800249.622034000	55.3701	92	0
1527800249.623525000	55.3716	173	0
1527800249.624872000	55.3729	103	1
1527800249.759103000	55.5071	387	1
1527800249.759168000	55.5072	264	1
1527800249.777097000	55.5251	87	0
1527800249.863775000	55.6118	236	0
1527800249.865211000	55.6132	148	0
1527800249.866970000	55.615	106	1
1527800249.867365000	55.6154	92	0
1527800249.868856000	55.6169	181	0
1527800249.869945000	55.618	103	1
1527800250.231364000	55.9794	392	1
1527800250.231460000	55.9795	258	1
1527800250.250724000	55.9988	87	0
1527800250.430206000	56.1782	257	0
1527800250.431634000	56.1797	148	0
1527800250.433005000	56.181	106	1
1527800250.433524000	56.1816	92	0
1527800250.434955000	56.183	144	0
1527800250.435958000	56.184	103	1
1527800250.512294000	56.2603	1010	1
1527800250.512378000	56.2604	259	1
1527800250.530835000	56.2789	87	0
1527800250.621599000	56.3696	301	0
1527800250.622952000	56.371	148	0
1527800250.623935000	56.372	106	1
1527800250.624449000	56.3725	92	0
1527800250.625880000	56.3739	88	0
1527800250.626924000	56.375	103	1
1527800250.834323000	56.5824	388	1
1527800250.834414000	56.5824	258	1
1527800250.862037000	56.6101	87	0
1527800250.997019000	56.7451	400	0
1527800250.998438000	56.7465	148	0
1527800251.000045000	56.7481	106	1
1527800251.000324000	56.7484	92	0
1527800251.001753000	56.7498	155	0
1527800251.003000000	56.751	103	1
1527800251.099669000	56.8477	609	1
1527800251.099748000	56.8478	263	1
1527800251.117877000	56.8659	87	0
1527800251.267942000	57.016	287	0
1527800251.269354000	57.0174	148	0
1527800251.271937000	57.02	92	0
1527800251.272371000	57.0204	106	1
1527800251.273520000	57.0216	299	0
1527800251.274988000	57.023	103	1
1527800251.444550000	57.1926	622	1
1527800251.444641000	57.1927	261	1
1527800251.461933000	57.21	87	0
1527800251.538446000	57.2865	259	0
1527800251.539905000	57.2879	148	0
1527800251.541076000	57.2891	106	1
1527800251.542703000	57.2907	92	0
1527800251.544239000	57.2923	192	0
1527800251.545015000	57.2931	103	1
1527800251.791435000	57.5395	389	1
1527800251.791497000	57.5395	260	1
1527800251.814963000	57.563	87	0
1527800251.912617000	57.6607	233	0
1527800251.914087000	57.6621	148	0
1527800251.915027000	57.6631	106	1
1527800251.915532000	57.6636	92	0
1527800251.916975000	57.665	250	0
1527800251.918027000	57.6661	103	1
1527800252.092537000	57.8406	392	1
1527800252.092598000	57.8406	261	1
1527800252.111505000	57.8595	87	0
1527800252.258639000	58.0067	235	0
1527800252.260068000	58.0081	148	0
1527800252.261115000	58.0092	106	1
1527800252.261504000	58.0095	92	0
1527800252.262931000	58.011	181	0
1527800252.264031000	58.0121	103	1
1527800252.582581000	58.3306	388	1
1527800252.582647000	58.3307	261	1
1527800252.600579000	58.3486	87	0
1527800252.677882000	58.4259	257	0
1527800252.679294000	58.4273	148	0
1527800252.680816000	58.4289	92	0
1527800252.681076000	58.4291	109	1
1527800252.682276000	58.4303	338	0
1527800252.685128000	58.4332	100	1
1527800252.851677000	58.5997	392	1
1527800252.851738000	58.5998	264	1
1527800252.870834000	58.6189	87	0
1527800252.971341000	58.7194	233	0
1527800252.972768000	58.7208	148	0
1527800252.974165000	58.7222	106	1
1527800252.974576000	58.7226	92	0
1527800252.976011000	58.724	156	0
1527800252.977075000	58.7251	103	1
1527800253.097850000	58.8459	387	1
1527800253.097948000	58.846	264	1
1527800253.115320000	58.8634	87	0
1527800253.262740000	59.0108	235	0
1527800253.264173000	59.0122	148	0
1527800253.265158000	59.0132	106	1
1527800253.266632000	59.0147	92	0
1527800253.268074000	59.0161	285	0
1527800253.269138000	59.0172	103	1
1527800253.514973000	59.263	513	1
1527800253.515067000	59.2631	268	1
1527800253.533734000	59.2818	87	0
1527800253.619539000	59.3676	258	0
1527800253.621032000	59.3691	148	0
1527800253.622189000	59.3702	106	1
1527800253.622421000	59.3705	92	0
1527800253.623965000	59.372	129	0
1527800253.625107000	59.3731	103	1
1527800254.444631000	60.1927	393	1
1527800254.444692000	60.1927	262	1
1527800254.462207000	60.2102	87	0
1527800254.562784000	60.3108	256	0
1527800254.564211000	60.3122	148	0
1527800254.565243000	60.3133	106	1
1527800254.565716000	60.3138	92	0
1527800254.567149000	60.3152	309	0
1527800254.568161000	60.3162	103	1
1527800254.846650000	60.5947	388	1
1527800254.846694000	60.5947	261	1
1527800254.863820000	60.6119	87	0
1527800254.969368000	60.7174	233	0
1527800254.970781000	60.7188	148	0
1527800254.972195000	60.7202	106	1
1527800254.972309000	60.7203	92	0
1527800254.973791000	60.7218	91	0
1527800254.975193000	60.7232	103	1
1527800255.070874000	60.8189	1012	1
1527800255.070962000	60.819	258	1
1527800255.088552000	60.8366	87	0
1527800255.183361000	60.9314	235	0
1527800255.184854000	60.9329	148	0
1527800255.186285000	60.9343	106	1
1527800255.186550000	60.9346	92	0
1527800255.188051000	60.9361	173	0
1527800255.189201000	60.9372	103	1
1527800255.427970000	61.176	389	1
1527800255.428047000	61.1761	262	1
1527800255.455408000	61.2034	87	0
1527800255.534332000	61.2824	258	0
1527800255.535813000	61.2838	148	0
1527800255.537300000	61.2853	106	1
1527800255.538730000	61.2868	92	0
1527800255.540164000	61.2882	299	0
1527800255.541217000	61.2893	103	1
1527800255.756600000	61.5046	609	1
1527800255.756691000	61.5047	260	1
1527800255.773999000	61.522	87	0
1527800255.908616000	61.6567	231	0
1527800255.910030000	61.6581	148	0
1527800255.911324000	61.6594	106	1
1527800255.911865000	61.6599	92	0
1527800255.913231000	61.6613	253	0
1527800255.914223000	61.6623	103	1
1527800256.221308000	61.9693	625	1
1527800256.221380000	61.9694	265	1
1527800256.238756000	61.9868	87	0
1527800256.339012000	62.087	303	0
1527800256.340419000	62.0885	148	0
1527800256.342272000	62.0903	106	1
1527800256.342846000	62.0909	92	0
1527800256.344374000	62.0924	86	0
1527800256.345259000	62.0933	103	1
1527800256.528509000	62.2765	393	1
1527800256.528594000	62.2766	261	1
1527800256.546299000	62.2943	87	0
1527800256.690656000	62.4387	427	0
1527800256.692066000	62.4401	148	0
1527800256.693371000	62.4414	106	1
1527800256.694855000	62.4429	92	0
1527800256.696284000	62.4443	106	0
1527800256.697283000	62.4453	103	1
1527800256.757426000	62.5055	389	1
1527800256.757521000	62.5056	258	1
1527800256.775416000	62.5235	87	0
1527800256.879896000	62.6279	288	0
1527800256.881307000	62.6293	148	0
1527800256.882384000	62.6304	106	1
1527800256.882751000	62.6308	92	0
1527800256.884253000	62.6323	297	0
1527800256.885300000	62.6333	103	1
1527800256.988636000	62.7367	387	1
1527800256.988696000	62.7367	258	1
1527800257.006768000	62.7548	87	0
1527800257.089367000	62.8374	235	0
1527800257.090735000	62.8388	148	0
1527800257.092311000	62.8403	106	1
1527800257.093030000	62.8411	92	0
1527800257.094524000	62.8426	153	0
1527800257.095326000	62.8434	103	1
1527800257.197585000	62.9456	389	1
1527800257.197651000	62.9457	262	1
1527800257.215580000	62.9636	87	0
1527800257.304354000	63.0524	233	0
1527800257.305790000	63.0538	148	0
1527800257.307397000	63.0554	106	1
1527800257.307648000	63.0557	92	0
1527800257.309077000	63.0571	105	0
1527800257.310383000	63.0584	103	1
1527800257.557918000	63.306	387	1
1527800257.558015000	63.3061	260	1
1527800257.576408000	63.3244	87	0
1527800257.675342000	63.4234	260	0
1527800257.676746000	63.4248	148	0
1527800257.678399000	63.4264	106	1
1527800257.679554000	63.4276	92	0
1527800257.680977000	63.429	135	0
1527800257.682325000	63.4304	103	1
1527800257.979289000	63.7273	516	1
1527800257.979350000	63.7274	263	1
1527800257.998022000	63.7461	87	0
1527800258.075427000	63.8235	235	0
1527800258.076926000	63.825	148	0
1527800258.078391000	63.8264	106	1
1527800258.078487000	63.8265	92	0
1527800258.079972000	63.828	243	0
1527800258.081382000	63.8294	103	1
1527800258.307713000	64.0557	388	1
1527800258.307804000	64.0558	258	1
1527800258.325395000	64.0734	87	0
1527800258.425616000	64.1737	259	0
1527800258.427034000	64.1751	148	0
1527800258.428413000	64.1764	106	1
1527800258.429286000	64.1773	92	0
1527800258.430780000	64.1788	235	0
1527800258.432400000	64.1804	103	1
1527800258.717652000	64.4657	388	1
1527800258.717741000	64.4658	263	1
1527800258.734945000	64.483	87	0
1527800258.880837000	64.6289	233	0
1527800258.882252000	64.6303	148	0
1527800258.883458000	64.6315	106	1
1527800258.883873000	64.6319	92	0
1527800258.885305000	64.6333	222	0
1527800258.886442000	64.6345	103	1
1527800259.127999000	64.876	1010	1
1527800259.128057000	64.8761	261	1
1527800259.145832000	64.8939	87	0
1527800259.233368000	64.9814	233	0
1527800259.234862000	64.9829	148	0
1527800259.236483000	64.9845	106	1
1527800259.236869000	64.9849	92	0
1527800259.238352000	64.9864	93	0
1527800259.239496000	64.9875	103	1
1527800259.537629000	65.2857	390	1
1527800259.537722000	65.2858	258	1
1527800259.555874000	65.3039	87	0
1527800259.639713000	65.3877	259	0
1527800259.641123000	65.3892	148	0
1527800259.642457000	65.3905	106	1
1527800259.642908000	65.3909	92	0
1527800259.644463000	65.3925	259	0
1527800259.645454000	65.3935	103	1
1527800259.798122000	65.5462	610	1
1527800259.798185000	65.5462	262	1
1527800259.815288000	65.5633	87	0
1527800259.910335000	65.6584	232	0
1527800259.911746000	65.6598	148	0
1527800259.913338000	65.6614	92	0
1527800259.913572000	65.6616	109	1
1527800259.914837000	65.6629	97	0
1527800259.917559000	65.6656	100	1
1527800260.059740000	65.8078	625	1
1527800260.059825000	65.8079	260	1
1527800260.077310000	65.8253	87	0
1527800260.224690000	65.9727	233	0
1527800260.226121000	65.9742	148	0
1527800260.227567000	65.9756	106	1
1527800260.227865000	65.9759	92	0
1527800260.229303000	65.9773	218	0
1527800260.230491000	65.9785	103	1
1527800260.558894000	66.3069	392	1
1527800260.558989000	66.307	261	1
1527800260.576385000	66.3244	87	0
1527800260.661998000	66.41	260	0
1527800260.664607000	66.4126	103	1
1527800260.665746000	66.4138	148	0
1527800260.667175000	66.4152	92	0
1527800260.668582000	66.4166	103	1
1527800260.668614000	66.4166	265	0
1527800260.671538000	66.4196	100	1
1527800260.978758000	66.7268	392	1
1527800260.978854000	66.7269	259	1
1527800261.006847000	66.7549	87	0
1527800261.087374000	66.8354	235	0
1527800261.088852000	66.8369	148	0
1527800261.090626000	66.8387	106	1
1527800261.090662000	66.8387	92	0
1527800261.092165000	66.8402	115	0
1527800261.093612000	66.8416	103	1
1527800261.538381000	67.2864	389	1
1527800261.538479000	67.2865	262	1
1527800261.555770000	67.3038	87	0
1527800261.650692000	67.3987	324	0
1527800261.652137000	67.4002	148	0
1527800261.653663000	67.4017	106	1
1527800261.654557000	67.4026	92	0
1527800261.655997000	67.404	254	0
1527800261.657654000	67.4057	103	1
1527800261.789438000	67.5375	387	1
1527800261.789499000	67.5375	261	1
1527800261.806926000	67.555	87	0
1527800261.890868000	67.6389	400	0
1527800261.892288000	67.6403	148	0
1527800261.893672000	67.6417	106	1
1527800261.893716000	67.6418	92	0
1527800261.895226000	67.6433	250	0
1527800261.896660000	67.6447	103	1
1527800262.129715000	67.8777	388	1
1527800262.129782000	67.8778	260	1
1527800262.158481000	67.9065	87	0
1527800262.265624000	68.0137	288	0
1527800262.267050000	68.0151	148	0
1527800262.268687000	68.0167	106	1
1527800262.268768000	68.0168	92	0
1527800262.270271000	68.0183	305	0
1527800262.271600000	68.0196	103	1
1527800264.535272000	70.2833	491	1
1527800264.535371000	70.2834	1412	1
1527800264.535410000	70.2834	1412	1
1527800264.535439000	70.2835	1149	1
1527800264.555909000	70.3039	87	0
1527800264.562132000	70.3102	87	0
1527800264.685319000	70.4334	414	0
1527800264.687775000	70.4358	106	1
1527800264.690784000	70.4388	80	0
1527800264.693826000	70.4419	100	1
1527800266.020881000	71.7689	392	1
1527800266.020969000	71.769	265	1
1527800266.038774000	71.7868	87	0
1527800266.140351000	71.8884	255	0
1527800266.141783000	71.8898	148	0
1527800266.142907000	71.8909	106	1
1527800266.143866000	71.8919	92	0
1527800266.145347000	71.8934	296	0
1527800266.146897000	71.8949	103	1
1527800266.368308000	72.1163	1013	1
1527800266.368372000	72.1164	263	1
1527800266.386073000	72.1341	87	0
1527800266.488187000	72.2362	257	0
1527800266.489607000	72.2376	148	0
1527800266.490925000	72.239	106	1
1527800266.490969000	72.239	92	0
1527800266.492446000	72.2405	240	0
1527800266.493918000	72.242	103	1
1527800266.759173000	72.5072	387	1
1527800266.759242000	72.5073	259	1
1527800266.778619000	72.5267	87	0
1527800266.941974000	72.69	235	0
1527800266.943506000	72.6915	148	0
1527800266.944890000	72.6929	106	1
1527800266.944910000	72.6929	92	0
1527800266.946365000	72.6944	177	0
1527800266.947895000	72.6959	103	1
1527800267.379102000	73.1271	611	1
1527800267.379193000	73.1272	262	1
1527800267.408615000	73.1567	87	0
1527800267.484827000	73.2329	259	0
1527800267.486165000	73.2342	148	0
1527800267.487888000	73.2359	92	0
1527800267.487953000	73.236	106	1
1527800267.489339000	73.2374	193	0
1527800267.490983000	73.239	103	1
1527800267.541153000	73.2892	605	1
1527800267.541260000	73.2893	1412	1
1527800267.541298000	73.2893	1412	1
1527800267.541332000	73.2894	1412	1
1527800267.541369000	73.2894	1412	1
1527800267.541391000	73.2894	1412	1
1527800267.541437000	73.2895	1412	1
1527800267.541473000	73.2895	1412	1
1527800267.541513000	73.2895	1412	1
1527800267.541546000	73.2896	1412	1
1527800267.541581000	73.2896	1412	1
1527800267.541618000	73.2897	1412	1
1527800267.541652000	73.2897	1412	1
1527800267.541687000	73.2897	1412	1
1527800267.541705000	73.2897	157	1
1527800267.558723000	73.3068	100	0
1527800267.561918000	73.31	100	1
1527800267.562126000	73.3102	87	0
1527800267.606128000	73.3542	321	1
1527800267.606222000	73.3543	263	1
1527800267.623568000	73.3716	87	0
1527800267.633356000	73.3814	374	0
1527800267.635990000	73.384	106	1
1527800267.638508000	73.3865	80	0
1527800267.640990000	73.389	100	1
1527800267.726766000	73.4748	243	0
1527800267.728182000	73.4762	148	0
1527800267.730015000	73.478	103	1
1527800267.730897000	73.4789	92	0
1527800267.732355000	73.4804	215	0
1527800267.733993000	73.482	103	1
1527800267.897031000	73.6451	388	1
1527800267.897094000	73.6451	259	1
1527800267.917301000	73.6653	87	0
1527800267.998694000	73.7467	235	0
1527800268.000108000	73.7481	148	0
1527800268.001942000	73.75	106	1
1527800268.002915000	73.7509	92	0
1527800268.004408000	73.7524	328	0
1527800268.005952000	73.754	103	1
1527800268.397579000	74.1456	393	1
1527800268.397675000	74.1457	261	1
1527800268.414965000	74.163	87	0
1527800268.567425000	74.3155	259	0
1527800268.568957000	74.317	148	0
1527800268.570057000	74.3181	106	1
1527800268.570560000	74.3186	92	0
1527800268.571987000	74.32	160	0
1527800268.572962000	74.321	103	1
1527800268.616037000	74.3641	389	1
1527800268.616096000	74.3641	262	1
1527800268.634198000	74.3822	87	0
1527800268.727053000	74.4751	300	0
1527800268.728530000	74.4766	148	0
1527800268.729950000	74.478	92	0
1527800268.730019000	74.4781	106	1
1527800268.731355000	74.4794	133	0
1527800268.733045000	74.4811	103	1
1527800269.556986000	75.305	390	1
1527800269.557076000	75.3051	260	1
1527800269.573824000	75.3219	87	0
1527800269.576648000	75.3247	87	0
1527800269.666934000	75.415	424	0
1527800269.668356000	75.4164	148	0
1527800269.669862000	75.4179	92	0
1527800269.670078000	75.4181	112	1
1527800269.671323000	75.4194	192	0
1527800269.674108000	75.4221	100	1
1527800270.397504000	76.1455	388	1
1527800270.397594000	76.1456	261	1
1527800270.415323000	76.1634	87	0
1527800270.501592000	76.2496	314	0
1527800270.502952000	76.251	148	0
1527800270.504091000	76.2521	106	1
1527800270.505034000	76.2531	92	0
1527800270.506441000	76.2545	107	0
1527800270.508089000	76.2561	103	1
1527800270.623802000	76.3718	515	1
1527800270.623887000	76.3719	264	1
1527800270.641200000	76.3892	87	0
1527800270.807026000	76.5551	236	0
1527800270.808464000	76.5565	148	0
1527800270.810199000	76.5582	106	1
1527800270.810368000	76.5584	92	0
1527800270.811807000	76.5598	121	0
1527800270.813091000	76.5611	103	1
1527800271.043549000	76.7916	392	1
1527800271.043640000	76.7917	269	1
1527800271.061214000	76.8092	87	0
1527800271.155620000	76.9037	235	0
1527800271.157049000	76.9051	148	0
1527800271.158187000	76.9062	106	1
1527800271.158952000	76.907	92	0
1527800271.160359000	76.9084	226	0
1527800271.162184000	76.9102	103	1
1527800271.517615000	77.2657	389	1
1527800271.517711000	77.2657	261	1
1527800271.535995000	77.284	87	0
1527800271.643536000	77.3916	257	0
1527800271.644947000	77.393	148	0
1527800271.646138000	77.3942	106	1
1527800271.646849000	77.3949	92	0
1527800271.648284000	77.3963	180	0
1527800271.649125000	77.3972	103	1
1527800271.761138000	77.5092	1010	1
1527800271.761195000	77.5092	261	1
1527800271.779180000	77.5272	87	0
1527800271.864883000	77.6129	233	0
1527800271.866265000	77.6143	148	0
1527800271.867873000	77.6159	92	0
1527800271.868243000	77.6163	109	1
1527800271.869260000	77.6173	197	0
1527800271.872234000	77.6203	100	1
1527800272.011022000	77.7591	387	1
1527800272.011144000	77.7592	264	1
1527800272.028552000	77.7766	87	0
1527800272.107401000	77.8554	232	0
1527800272.108880000	77.8569	148	0
1527800272.110230000	77.8583	92	0
1527800272.110301000	77.8583	106	1
1527800272.111753000	77.8598	230	0
1527800272.113238000	77.8613	103	1
1527800276.570886000	82.3189	609	1
1527800276.570950000	82.319	265	1
1527800276.589130000	82.3372	87	0
1527800276.746014000	82.494	260	0
1527800276.747381000	82.4954	148	0
1527800276.748500000	82.4965	106	1
1527800276.749623000	82.4977	92	0
1527800276.751050000	82.4991	172	0
1527800276.752465000	82.5005	103	1
1527800276.799510000	82.5475	625	1
1527800276.799587000	82.5476	261	1
1527800276.817136000	82.5652	87	0
1527800276.979870000	82.7279	233	0
1527800276.981258000	82.7293	148	0
1527800276.982483000	82.7305	106	1
1527800276.982702000	82.7307	92	0
1527800276.984198000	82.7322	265	0
1527800276.985468000	82.7335	103	1
1527800277.021579000	82.7696	388	1
1527800277.021663000	82.7697	261	1
1527800277.038426000	82.7865	87	0
1527800277.298465000	83.0465	232	0
1527800277.299892000	83.0479	148	0
1527800277.301460000	83.0495	92	0
1527800277.301549000	83.0496	106	1
1527800277.302876000	83.0509	156	0
1527800277.304471000	83.0525	103	1
1527800277.430925000	83.179	390	1
1527800277.430983000	83.179	263	1
1527800277.448667000	83.1967	87	0
1527800277.543007000	83.291	256	0
1527800277.544519000	83.2926	148	0
1527800277.545566000	83.2936	106	1
1527800277.546523000	83.2946	92	0
1527800277.547994000	83.296	173	0
1527800277.549552000	83.2976	103	1
1527800277.715706000	83.4637	388	1
1527800277.715781000	83.4638	264	1
1527800277.732517000	83.4806	87	0
1527800277.842064000	83.5901	235	0
1527800277.843538000	83.5916	148	0
1527800277.844568000	83.5926	106	1
1527800277.844998000	83.593	92	0
1527800277.846364000	83.5944	92	0
1527800277.847494000	83.5955	103	1
1527800278.151791000	83.8998	393	1
1527800278.151876000	83.8999	261	1
1527800278.169223000	83.9173	87	0
1527800278.267574000	84.0156	235	0
1527800278.268939000	84.017	148	0
1527800278.270621000	84.0187	106	1
1527800278.271527000	84.0196	92	0
1527800278.273021000	84.0211	290	0
1527800278.274598000	84.0226	103	1
1527800282.093289000	87.8413	369	1
1527800282.093372000	87.8414	1412	1
1527800282.093396000	87.8414	1412	1
1527800282.093437000	87.8415	1412	1
1527800282.093462000	87.8415	783	1
1527800282.110604000	87.8586	87	0
1527800282.217631000	87.9657	453	0
1527800282.221040000	87.9691	103	1
1527800282.221313000	87.9693	80	0
1527800282.224011000	87.972	100	1
1527800282.289240000	88.0373	513	1
1527800282.289328000	88.0374	264	1
1527800282.306935000	88.055	87	0
1527800282.387206000	88.1352	428	0
1527800282.388610000	88.1366	148	0
1527800282.390035000	88.1381	106	1
1527800282.391868000	88.1399	92	0
1527800282.393262000	88.1413	267	0
1527800282.395043000	88.1431	103	1
1527800282.558337000	88.3064	388	1
1527800282.558398000	88.3064	261	1
1527800282.575313000	88.3233	87	0
1527800282.681126000	88.4292	311	0
1527800282.682610000	88.4306	148	0
1527800282.684053000	88.4321	106	1
1527800282.684092000	88.4321	92	0
1527800282.685555000	88.4336	289	0
1527800282.687059000	88.4351	103	1
1527800282.694845000	88.4429	311	0
1527800282.697979000	88.446	100	1
1527800282.989177000	88.7372	388	1
1527800282.989236000	88.7373	264	1
1527800283.006357000	88.7544	87	0
1527800283.093158000	88.8412	233	0
1527800283.094635000	88.8427	148	0
1527800283.096071000	88.8441	106	1
1527800283.096604000	88.8446	92	0
1527800283.098026000	88.8461	124	0
1527800283.098984000	88.847	103	1
1527800283.455761000	89.2038	1010	1
1527800283.455850000	89.2039	265	1
1527800283.474069000	89.2221	87	0
1527800283.574512000	89.3225	256	0
1527800283.575965000	89.324	148	0
1527800283.577100000	89.3251	106	1
1527800283.578292000	89.3263	92	0
1527800283.579728000	89.3278	128	0
1527800283.581013000	89.329	103	1
1527800283.855463000	89.6035	391	1
1527800283.855522000	89.6036	270	1
1527800283.872847000	89.6209	100	0
1527800283.876094000	89.6241	100	1
1527800283.877041000	89.6251	87	0
1527800283.954089000	89.7021	233	0
1527800283.955508000	89.7035	148	0
1527800283.957123000	89.7052	106	1
1527800283.957341000	89.7054	92	0
1527800283.958771000	89.7068	205	0
1527800283.960116000	89.7082	103	1
1527800285.008868000	90.7569	605	1
1527800285.008959000	90.757	270	1
1527800285.026357000	90.7744	87	0
1527800285.130820000	90.8789	256	0
1527800285.132148000	90.8802	148	0
1527800285.133732000	90.8818	92	0
1527800285.134189000	90.8822	109	1
1527800285.135147000	90.8832	160	0
1527800285.138184000	90.8862	100	1
1527800285.315565000	91.0636	626	1
1527800285.315657000	91.0637	260	1
1527800285.334986000	91.083	87	0
1527800285.423643000	91.1717	256	0
1527800285.425070000	91.1731	148	0
1527800285.426193000	91.1742	106	1
1527800285.426511000	91.1745	92	0
1527800285.427948000	91.176	310	0
1527800285.429122000	91.1772	103	1
1527800285.752688000	91.5007	392	1
1527800285.752763000	91.5008	266	1
1527800285.771054000	91.5191	87	0
1527800285.934985000	91.683	233	0
1527800285.936399000	91.6844	148	0
1527800285.937796000	91.6858	92	0
1527800285.938168000	91.6862	109	1
1527800285.939250000	91.6873	301	0
1527800285.942206000	91.6902	100	1
1527800286.134678000	91.8827	387	1
1527800286.134764000	91.8828	261	1
1527800286.152669000	91.9007	87	0
1527800286.250569000	91.9986	235	0
1527800286.251982000	92	148	0
1527800286.253167000	92.0012	106	1
1527800286.253475000	92.0015	92	0
1527800286.254906000	92.0029	111	0
1527800286.256172000	92.0042	103	1
1527800286.342552000	92.0906	388	1
1527800286.342611000	92.0906	264	1
1527800286.361081000	92.1091	87	0
1527800286.438795000	92.1868	258	0
1527800286.440223000	92.1883	148	0
1527800286.441250000	92.1893	106	1
1527800286.441668000	92.1897	92	0
1527800286.443101000	92.1911	297	0
1527800286.444179000	92.1922	103	1
1527800286.983650000	92.7317	392	1
1527800286.983718000	92.7318	277	1
1527800287.001236000	92.7493	87	0
1527800287.082569000	92.8306	233	0
1527800287.084041000	92.8321	148	0
1527800287.085274000	92.8333	106	1
1527800287.086291000	92.8343	92	0
1527800287.087725000	92.8358	211	0
1527800287.089229000	92.8373	103	1
1527800287.244855000	92.9929	392	1
1527800287.244950000	92.993	263	1
1527800287.262400000	93.0104	87	0
1527800287.349165000	93.0972	233	0
1527800287.350576000	93.0986	148	0
1527800287.351991000	93.1	92	0
1527800287.352256000	93.1003	109	1
1527800287.353509000	93.1015	240	0
1527800287.356301000	93.1043	100	1
1527800287.496422000	93.2445	512	1
1527800287.496518000	93.2446	259	1
1527800287.513611000	93.2616	87	0
1527800287.591582000	93.3396	258	0
1527800287.592964000	93.341	148	0
1527800287.594330000	93.3424	106	1
1527800287.595567000	93.3436	92	0
1527800287.597069000	93.3451	322	0
1527800287.598245000	93.3463	103	1
1527800287.776791000	93.5248	392	1
1527800287.776880000	93.5249	262	1
1527800287.794675000	93.5427	87	0
1527800287.887711000	93.6357	233	0
1527800287.889139000	93.6372	148	0
1527800287.890738000	93.6388	92	0
1527800287.891255000	93.6393	109	1
1527800287.892194000	93.6402	199	0
1527800287.895283000	93.6433	100	1
1527800288.222569000	93.9706	1013	1
1527800288.222630000	93.9707	261	1
1527800288.240702000	93.9887	87	0
1527800288.399544000	94.1476	274	0
1527800288.400953000	94.149	148	0
1527800288.402375000	94.1504	106	1
1527800288.403995000	94.152	92	0
1527800288.405373000	94.1534	124	0
1527800288.406286000	94.1543	103	1
1527800288.555651000	94.3037	387	1
1527800288.555743000	94.3038	260	1
1527800288.573676000	94.3217	87	0
1527800288.681891000	94.4299	449	0
1527800288.683311000	94.4313	148	0
1527800288.684392000	94.4324	106	1
1527800288.684818000	94.4329	92	0
1527800288.686257000	94.4343	228	0
1527800288.687308000	94.4353	103	1
1527800288.815909000	94.5639	605	1
1527800288.815998000	94.564	263	1
1527800288.836674000	94.5847	87	0
1527800288.923138000	94.6712	290	0
1527800288.924603000	94.6726	148	0
1527800288.926330000	94.6744	106	1
1527800288.926687000	94.6747	92	0
1527800288.928124000	94.6762	273	0
1527800288.929312000	94.6773	103	1
1527800289.067723000	94.8158	627	1
1527800289.067814000	94.8158	268	1
1527800289.085997000	94.834	87	0
1527800289.245181000	94.9932	233	0
1527800289.246607000	94.9946	148	0
1527800289.248353000	94.9964	92	0
1527800289.248431000	94.9965	106	1
1527800289.249801000	94.9978	97	0
1527800289.251403000	94.9994	103	1
1527800290.826999000	96.575	391	1
1527800290.827078000	96.5751	260	1
1527800290.844268000	96.5923	87	0
1527800290.953987000	96.702	258	0
1527800290.955359000	96.7034	148	0
1527800290.956825000	96.7049	92	0
1527800290.957095000	96.7051	109	1
1527800290.958283000	96.7063	233	0
1527800290.961119000	96.7092	100	1
1527800291.104512000	96.8525	388	1
1527800291.104594000	96.8526	262	1
1527800291.122218000	96.8703	87	0
1527800291.244294000	96.9923	232	0
1527800291.245715000	96.9937	148	0
1527800291.247143000	96.9952	106	1
1527800291.247868000	96.9959	92	0
1527800291.249299000	96.9973	163	0
1527800291.250045000	96.9981	103	1
1527800291.324275000	97.0723	387	1
1527800291.324371000	97.0724	260	1
1527800291.341509000	97.0895	87	0
1527800291.433668000	97.1817	258	0
1527800291.435082000	97.1831	148	0
1527800291.436155000	97.1842	106	1
1527800291.436887000	97.1849	92	0
1527800291.438323000	97.1864	180	0
1527800291.439050000	97.1871	103	1
1527800291.594331000	97.3424	389	1
1527800291.594423000	97.3425	259	1
1527800291.612941000	97.361	87	0
1527800291.704570000	97.4526	235	0
1527800291.705991000	97.454	148	0
1527800291.707168000	97.4552	106	1
1527800291.714569000	97.4626	92	0
1527800291.716010000	97.464	287	0
1527800291.717075000	97.4651	103	1
1527800292.977280000	98.7253	388	1
1527800292.977346000	98.7254	259	1
1527800292.995227000	98.7433	87	0
1527800293.091717000	98.8398	256	0
1527800293.093140000	98.8412	148	0
1527800293.094826000	98.8429	106	1
1527800293.096178000	98.8442	92	0
1527800293.097613000	98.8456	291	0
1527800293.098745000	98.8468	103	1
1527800294.045556000	99.7936	392	1
1527800294.045645000	99.7937	264	1
1527800294.063237000	99.8113	87	0
1527800294.146377000	99.8944	256	0
1527800294.147793000	99.8958	148	0
1527800294.149250000	99.8973	92	0
1527800294.149322000	99.8974	106	1
1527800294.150705000	99.8987	179	0
1527800294.152306000	99.9003	103	1
1527800294.268609000	100.017	510	1
1527800294.268699000	100.017	261	1
1527800294.286319000	100.034	87	0
1527800294.387189000	100.135	233	0
1527800294.388602000	100.137	148	0
1527800294.390016000	100.138	92	0
1527800294.390285000	100.138	109	1
1527800294.391437000	100.139	155	0
1527800294.394292000	100.142	100	1
1527800294.551220000	100.299	388	1
1527800294.551304000	100.299	261	1
1527800294.569616000	100.318	87	0
1527800294.658301000	100.406	256	0
1527800294.659780000	100.408	148	0
1527800294.661209000	100.409	92	0
1527800294.661438000	100.409	109	1
1527800294.662706000	100.411	103	0
1527800294.665304000	100.413	100	1
1527800294.900036000	100.648	1014	1
1527800294.900126000	100.648	261	1
1527800294.916982000	100.665	87	0
1527800295.165182000	100.913	235	0
1527800295.166595000	100.915	148	0
1527800295.168096000	100.916	92	0
1527800295.168348000	100.916	109	1
1527800295.169550000	100.918	130	0
1527800295.172336000	100.92	100	1
1527800295.659727000	101.408	389	1
1527800295.659817000	101.408	261	1
1527800295.678056000	101.426	87	0
1527800295.770091000	101.518	258	0
1527800295.771517000	101.52	148	0
1527800295.773034000	101.521	92	0
1527800295.773312000	101.521	109	1
1527800295.774503000	101.523	266	0
1527800295.777385000	101.525	100	1
1527800296.020860000	101.769	611	1
1527800296.020972000	101.769	265	1
1527800296.038178000	101.786	87	0
1527800296.116924000	101.865	275	0
1527800296.118339000	101.866	148	0
1527800296.119414000	101.867	106	1
1527800296.119778000	101.868	92	0
1527800296.121211000	101.869	215	0
1527800296.122313000	101.87	103	1
1527800296.260631000	102.009	623	1
1527800296.260732000	102.009	261	1
1527800296.278676000	102.027	87	0
1527800296.353331000	102.101	326	0
1527800296.354813000	102.103	148	0
1527800296.356330000	102.104	106	1
1527800296.358271000	102.106	92	0
1527800296.359705000	102.108	305	0
1527800296.361327000	102.109	103	1
1527800296.562736000	102.311	392	1
1527800296.562827000	102.311	263	1
1527800296.579831000	102.328	87	0
1527800296.667667000	102.416	356	0
1527800296.669090000	102.417	148	0
1527800296.670401000	102.418	106	1
1527800296.677733000	102.426	92	0
1527800296.679168000	102.427	275	0
1527800296.680348000	102.428	103	1
1527800297.010865000	102.759	388	1
1527800297.010949000	102.759	264	1
1527800297.028543000	102.777	87	0
1527800297.118377000	102.866	290	0
1527800297.119896000	102.868	148	0
1527800297.121402000	102.869	106	1
1527800297.121942000	102.87	92	0
1527800297.123358000	102.871	151	0
1527800297.124369000	102.872	103	1
1527800297.443959000	103.192	392	1
1527800297.444047000	103.192	259	1
1527800297.461648000	103.21	87	0
1527800297.547562000	103.296	258	0
1527800297.548997000	103.297	148	0
1527800297.550370000	103.298	92	0
1527800297.550450000	103.298	106	1
1527800297.551793000	103.3	103	0
1527800297.553418000	103.301	103	1
1527800297.772791000	103.521	389	1
1527800297.772853000	103.521	261	1
1527800297.790661000	103.539	87	0
1527800297.894283000	103.642	235	0
1527800297.895710000	103.644	148	0
1527800297.897447000	103.645	106	1
1527800297.903511000	103.652	92	0
1527800297.906416000	103.654	100	1
1527800297.929386000	103.677	193	0
1527800297.932441000	103.68	100	1
1527800298.113807000	103.862	393	1
1527800298.113902000	103.862	266	1
1527800298.130737000	103.879	87	0
1527800298.270243000	104.018	232	0
1527800298.271650000	104.02	148	0
1527800298.273488000	104.022	106	1
1527800298.273705000	104.022	92	0
1527800298.275146000	104.023	323	0
1527800298.276460000	104.024	103	1
1527800298.493791000	104.242	387	1
1527800298.493858000	104.242	259	1
1527800298.512131000	104.26	87	0
1527800298.618023000	104.366	256	0
1527800298.619397000	104.367	148	0
1527800298.620497000	104.369	106	1
1527800298.621358000	104.369	92	0
1527800298.622786000	104.371	128	0
1527800298.624493000	104.373	103	1
1527800299.052888000	104.801	510	1
1527800299.052980000	104.801	259	1
1527800299.070814000	104.819	87	0
1527800299.183683000	104.932	236	0
1527800299.185177000	104.933	148	0
1527800299.186536000	104.935	92	0
1527800299.186624000	104.935	106	1
1527800299.188049000	104.936	260	0
1527800299.189561000	104.938	103	1
1527800299.302763000	105.051	390	1
1527800299.302852000	105.051	259	1
1527800299.320549000	105.069	87	0
1527800299.421052000	105.169	256	0
1527800299.422421000	105.17	148	0
1527800299.423581000	105.172	106	1
1527800299.425565000	105.174	92	0
1527800299.427066000	105.175	305	0
1527800299.428575000	105.177	103	1
1527800302.914561000	108.663	1010	1
1527800302.914620000	108.663	259	1
1527800302.932740000	108.681	87	0
1527800303.069923000	108.818	258	0
1527800303.071342000	108.819	148	0
1527800303.072988000	108.821	106	1
1527800303.073352000	108.821	92	0
1527800303.074836000	108.823	184	0
1527800303.075905000	108.824	103	1
1527800303.384203000	109.132	392	1
1527800303.384287000	109.132	260	1
1527800303.401877000	109.15	87	0
1527800303.493926000	109.242	258	0
1527800303.495357000	109.243	148	0
1527800303.496774000	109.245	92	0
1527800303.497001000	109.245	109	1
1527800303.498230000	109.246	166	0
1527800303.501020000	109.249	100	1
1527800303.924541000	109.673	610	1
1527800303.924602000	109.673	262	1
1527800303.943559000	109.692	87	0
1527800304.028404000	109.776	233	0
1527800304.029885000	109.778	148	0
1527800304.031040000	109.779	106	1
1527800304.031327000	109.779	92	0
1527800304.032754000	109.781	137	0
1527800304.034053000	109.782	103	1
1527800304.334306000	110.082	623	1
1527800304.334389000	110.082	259	1
1527800304.352354000	110.1	87	0
1527800304.496983000	110.245	258	0
1527800304.498407000	110.246	148	0
1527800304.499827000	110.248	92	0
1527800304.500011000	110.248	109	1
1527800304.501288000	110.249	334	0
1527800304.503999000	110.252	100	1
1527800304.708319000	110.456	389	1
1527800304.708378000	110.456	259	1
1527800304.726027000	110.474	87	0
1527800304.842603000	110.591	277	0
1527800304.844053000	110.592	148	0
1527800304.845086000	110.593	106	1
1527800304.845538000	110.594	92	0
1527800304.846969000	110.595	209	0
1527800304.848005000	110.596	103	1
1527800305.165478000	110.914	389	1
1527800305.165540000	110.914	259	1
1527800305.182683000	110.931	87	0
1527800305.265547000	111.014	328	0
1527800305.266970000	111.015	148	0
1527800305.268117000	111.016	106	1
1527800305.268361000	111.016	92	0
1527800305.269843000	111.018	128	0
1527800305.271015000	111.019	103	1
1527800305.525252000	111.273	392	1
1527800305.525348000	111.273	259	1
1527800305.545939000	111.294	87	0
1527800305.644905000	111.393	358	0
1527800305.646363000	111.394	148	0
1527800305.647812000	111.396	92	0
1527800305.648072000	111.396	109	1
1527800305.649271000	111.397	271	0
1527800305.652132000	111.4	100	1
1527800305.955238000	111.703	389	1
1527800305.955333000	111.703	259	1
1527800305.973115000	111.721	87	0
1527800306.063082000	111.811	288	0
1527800306.064559000	111.813	148	0
1527800306.066163000	111.814	106	1
1527800306.067057000	111.815	92	0
1527800306.068456000	111.816	236	0
1527800306.070162000	111.818	103	1
1527800306.334638000	112.083	388	1
1527800306.334711000	112.083	259	1
1527800306.352078000	112.1	87	0
1527800306.458020000	112.206	257	0
1527800306.459380000	112.207	148	0
1527800306.460852000	112.209	92	0
1527800306.461113000	112.209	109	1
1527800306.462306000	112.21	189	0
1527800306.465172000	112.213	100	1
1527800306.585374000	112.333	387	1
1527800306.585466000	112.334	262	1
1527800306.603100000	112.351	87	0
1527800306.700831000	112.449	233	0
1527800306.702175000	112.45	148	0
1527800306.703730000	112.452	92	0
1527800306.704201000	112.452	109	1
1527800306.705158000	112.453	229	0
1527800306.708188000	112.456	100	1
1527800306.814393000	112.562	388	1
1527800306.814452000	112.562	260	1
1527800306.833053000	112.581	87	0
1527800306.915362000	112.663	235	0
1527800306.916804000	112.665	148	0
1527800306.918154000	112.666	106	1
1527800306.918166000	112.666	92	0
1527800306.919677000	112.668	179	0
1527800306.921201000	112.669	103	1
1527800307.654859000	113.403	511	1
1527800307.654928000	113.403	262	1
1527800307.672553000	113.421	87	0
1527800307.776342000	113.524	259	0
1527800307.777767000	113.526	148	0
1527800307.779190000	113.527	92	0
1527800307.779283000	113.527	106	1
1527800307.780641000	113.529	177	0
1527800307.782246000	113.53	103	1
