1527929384.874768000	0	295	1
1527929384.892186000	0.0174179	87	0
1527929385.124717000	0.249949	371	0
1527929385.125362000	0.250594	1412	0
1527929385.126048000	0.25128	1412	0
1527929385.126738000	0.25197	1412	0
1527929385.127453000	0.252685	180	0
1527929385.128194000	0.253426	1412	0
1527929385.128871000	0.254103	1412	0
1527929385.129470000	0.254702	116	1
1527929385.129555000	0.254787	1412	0
1527929385.130230000	0.255462	825	0
1527929385.131047000	0.256279	1412	0
1527929385.131730000	0.256962	1412	0
1527929385.132403000	0.257635	694	0
1527929385.133109000	0.258341	1412	0
1527929385.133293000	0.258525	110	1
1527929385.133795000	0.259027	1412	0
1527929385.134483000	0.259715	1412	0
1527929385.135138000	0.26037	188	0
1527929385.139750000	0.264982	110	1
1527929385.178497000	0.303729	1205	0
1527929385.180004000	0.305236	1412	0
1527929385.180680000	0.305912	1412	0
1527929385.181369000	0.306601	1412	0
1527929385.182023000	0.307255	188	0
1527929385.182736000	0.307968	1239	0
1527929385.183429000	0.308661	1412	0
1527929385.184084000	0.309316	252	0
1527929385.184177000	0.309409	116	1
1527929385.185224000	0.310456	1412	0
1527929385.185893000	0.311125	802	0
1527929385.187837000	0.313069	1412	0
1527929385.188130000	0.313362	107	1
1527929385.188537000	0.313769	1006	0
1527929385.190026000	0.315258	1412	0
1527929385.190712000	0.315944	1412	0
1527929385.191399000	0.316631	1412	0
1527929385.192054000	0.317286	188	0
1527929385.192164000	0.317396	107	1
1527929385.192798000	0.31803	1412	0
1527929385.193452000	0.318684	171	0
1527929385.196947000	0.322179	1412	0
1527929385.197713000	0.322945	1412	0
1527929385.198404000	0.323636	1412	0
1527929385.199092000	0.324324	1412	0
1527929385.199748000	0.32498	262	0
1527929385.200463000	0.325695	1412	0
1527929385.200528000	0.32576	104	1
1527929385.201173000	0.326405	1412	0
1527929385.201866000	0.327098	1412	0
1527929385.202541000	0.327773	897	0
1527929385.203803000	0.329035	1412	0
1527929385.204047000	0.329279	125	1
1527929385.204504000	0.329736	1412	0
1527929385.205198000	0.33043	1412	0
1527929385.205862000	0.331094	795	0
1527929385.208424000	0.333656	104	1
1527929385.618979000	0.744211	855	1
1527929385.619061000	0.744293	1412	1
1527929385.619086000	0.744318	906	1
1527929385.625378000	0.75061	218	1
1527929385.637189000	0.762421	87	0
1527929385.644069000	0.769301	87	0
1527929385.761548000	0.88678	398	0
1527929385.765147000	0.890379	104	1
1527929385.765463000	0.890695	80	0
1527929385.769129000	0.894361	98	1
1527929385.857463000	0.982695	217	1
1527929385.874356000	0.999588	379	0
1527929385.875064000	1.0003	1412	0
1527929385.875756000	1.00099	1412	0
1527929385.876440000	1.00167	1412	0
1527929385.877157000	1.00239	180	0
1527929385.877887000	1.00312	1412	0
1527929385.878152000	1.00338	113	1
1527929385.878575000	1.00381	1412	0
1527929385.879259000	1.00449	1071	0
1527929385.883111000	1.00834	101	1
1527929385.883316000	1.00855	92	0
1527929385.884019000	1.00925	115	0
1527929385.887141000	1.01237	101	1
1527929386.206025000	1.33126	410	0
1527929386.206718000	1.33195	1115	0
1527929386.208257000	1.33349	92	0
1527929386.208948000	1.33418	292	0
1527929386.210185000	1.33542	107	1
1527929386.268578000	1.39381	569	1
1527929386.271133000	1.39636	719	1
1527929386.292711000	1.41794	87	0
1527929386.487099000	1.61233	568	0
1527929386.487817000	1.61305	1203	0
1527929386.491261000	1.61649	104	1
1527929386.645767000	1.771	280	1
1527929386.645884000	1.77112	144	1
1527929386.662516000	1.78775	87	0
1527929386.680767000	1.806	155	1
1527929386.680849000	1.80608	190	1
1527929386.697957000	1.82319	87	0
1527929386.748271000	1.8735	1412	0
1527929386.748946000	1.87418	1412	0
1527929386.749628000	1.87486	1412	0
1527929386.750295000	1.87553	501	0
1527929386.750963000	1.87619	92	0
1527929386.751654000	1.87689	249	0
1527929386.752222000	1.87745	119	1
1527929386.822753000	1.94798	599	0
1527929386.823411000	1.94864	92	0
1527929386.824106000	1.94934	223	0
1527929386.826223000	1.95145	104	1
1527929387.519272000	2.6445	1412	1
1527929387.519323000	2.64456	1412	1
1527929387.519360000	2.64459	247	1
1527929387.519425000	2.64466	843	1
1527929387.538126000	2.66336	87	0
1527929387.539500000	2.66473	653	1
1527929387.543678000	2.66891	1318	1
1527929387.557851000	2.68308	601	0
1527929387.562144000	2.68738	87	0
1527929387.565368000	2.6906	101	1
1527929387.885428000	3.01066	1412	0
1527929387.886101000	3.01133	1412	0
1527929387.886786000	3.01202	1412	0
1527929387.887513000	3.01274	465	0
1527929387.888280000	3.01351	309	0
1527929387.889273000	3.0145	113	1
1527929387.912073000	3.0373	375	0
1527929387.912768000	3.038	1412	0
1527929387.913447000	3.03868	998	0
1527929387.916283000	3.04151	104	1
1527929387.920114000	3.04535	361	0
1527929387.920775000	3.04601	115	1
1527929387.920790000	3.04602	80	0
1527929387.925299000	3.05053	98	1
1527929387.929188000	3.05442	92	0
1527929387.929866000	3.0551	233	0
1527929387.933316000	3.05855	101	1
1527929387.937564000	3.0628	87	0
1527929388.251975000	3.37721	1389	1
1527929388.269634000	3.39487	87	0
1527929388.452927000	3.57816	1172	0
1527929388.453506000	3.57874	130	0
1527929388.456532000	3.58176	107	1
1527929388.711611000	3.83684	341	1
1527929388.711720000	3.83695	1412	1
1527929388.711760000	3.83699	1412	1
1527929388.711815000	3.83705	1412	1
1527929388.711840000	3.83707	1412	1
1527929388.711879000	3.83711	1412	1
1527929388.711912000	3.83714	1412	1
1527929388.711951000	3.83718	1412	1
1527929388.711990000	3.83722	1412	1
1527929388.712042000	3.83727	1412	1
1527929388.712080000	3.83731	1412	1
1527929388.712135000	3.83737	1412	1
1527929388.712160000	3.83739	1412	1
1527929388.713525000	3.83876	1272	1
1527929388.729797000	3.85503	87	0
1527929388.732676000	3.85791	87	0
1527929388.735865000	3.8611	87	0
1527929388.910027000	4.03526	373	0
1527929388.913275000	4.03851	80	0
1527929388.924145000	4.04938	110	1
1527929389.073183000	4.19842	1389	1
1527929389.092022000	4.21725	87	0
1527929389.227730000	4.35296	288	0
1527929389.228322000	4.35355	163	0
1527929389.229004000	4.35424	132	0
1527929389.243463000	4.3687	107	1
1527929390.776586000	5.90182	334	1
1527929390.776682000	5.90191	1412	1
1527929390.776719000	5.90195	981	1
1527929390.778227000	5.90346	224	1
1527929390.778276000	5.90351	1412	1
1527929390.778313000	5.90354	1412	1
1527929390.778362000	5.90359	758	1
1527929390.795508000	5.92074	87	0
1527929390.806976000	5.93221	165	1
1527929390.812927000	5.93816	101	1
1527929390.824238000	5.94947	87	0
1527929390.826349000	5.95158	94	0
1527929390.829797000	5.95503	87	0
1527929390.832955000	5.95819	107	1
1527929390.973223000	6.09845	398	0
1527929390.975524000	6.10076	80	0
1527929390.977611000	6.10284	101	1
1527929392.045468000	7.1707	569	0
1527929392.046139000	7.17137	432	0
1527929392.047664000	7.1729	115	1
1527929392.051717000	7.17695	98	1
1527929392.052172000	7.1774	253	1
1527929392.065408000	7.19064	87	0
1527929392.069673000	7.19491	87	0
1527929392.478943000	7.60418	982	0
1527929392.479566000	7.6048	1412	0
1527929392.480253000	7.60548	1412	0
1527929392.480941000	7.60617	1412	0
1527929392.481592000	7.60682	180	0
1527929392.482311000	7.60754	1412	0
1527929392.482628000	7.60786	119	1
1527929392.482999000	7.60823	1357	0
1527929392.483832000	7.60906	1412	0
1527929392.484522000	7.60975	1412	0
1527929392.485205000	7.61044	1412	0
1527929392.485860000	7.61109	188	0
1527929392.486580000	7.61181	1226	0
1527929392.486893000	7.61212	110	1
1527929392.490669000	7.6159	98	1
1527929392.531503000	7.65673	1412	0
1527929392.532182000	7.65741	1412	0
1527929392.532871000	7.6581	1412	0
1527929392.533522000	7.65875	198	0
1527929392.534239000	7.65947	1412	0
1527929392.534907000	7.66014	728	0
1527929392.535609000	7.66084	1412	0
1527929392.536298000	7.66153	1412	0
1527929392.537039000	7.66227	1412	0
1527929392.537625000	7.66286	122	1
1527929392.537722000	7.66295	188	0
1527929392.538431000	7.66366	782	0
1527929392.539188000	7.66442	1412	0
1527929392.539888000	7.66512	1412	0
1527929392.540574000	7.66581	1412	0
1527929392.541253000	7.66649	1085	0
1527929392.541803000	7.66703	113	1
1527929392.542793000	7.66803	1412	0
1527929392.543482000	7.66871	1412	0
1527929392.544171000	7.6694	1412	0
1527929392.544956000	7.67019	1412	0
1527929392.545618000	7.67085	314	0
1527929392.546842000	7.67207	110	1
1527929392.548093000	7.67333	1412	0
1527929392.548784000	7.67402	1412	0
1527929392.549472000	7.6747	1412	0
1527929392.550127000	7.67536	188	0
1527929392.550837000	7.67607	1186	0
1527929392.551626000	7.67686	110	1
1527929392.551867000	7.6771	1412	0
1527929392.552561000	7.67779	1412	0
1527929392.553248000	7.67848	1412	0
1527929392.554129000	7.67936	1103	0
1527929392.554825000	7.68006	1412	0
1527929392.555509000	7.68074	1251	0
1527929392.555640000	7.68087	113	1
1527929392.556601000	7.68183	754	0
1527929392.558683000	7.68391	1412	0
1527929392.559367000	7.6846	1329	0
1527929392.560626000	7.68586	104	1
1527929392.560842000	7.68607	1412	0
1527929392.561536000	7.68677	1412	0
1527929392.562192000	7.68742	340	0
1527929392.562876000	7.68811	113	0
1527929392.564758000	7.68999	107	1
1527929393.829234000	8.95447	911	1
1527929393.829325000	8.95456	144	1
1527929393.848456000	8.97369	87	0
1527929393.854111000	8.97934	87	0
1527929393.928051000	9.05328	1412	0
1527929393.928723000	9.05396	1412	0
1527929393.929413000	9.05465	1412	0
1527929393.930081000	9.05531	664	0
1527929393.930745000	9.05598	92	0
1527929393.931437000	9.05667	182	0
1527929393.932038000	9.05727	119	1
1527929394.945446000	10.0707	479	1
1527929394.945534000	10.0708	294	1
1527929394.950415000	10.0756	577	1
1527929394.950496000	10.0757	1412	1
1527929394.950522000	10.0758	1412	1
1527929394.950563000	10.0758	979	1
1527929394.963870000	10.0891	87	0
1527929394.969998000	10.0952	87	0
1527929395.024565000	10.1498	399	1
1527929395.041235000	10.1665	87	0
1527929395.148311000	10.2735	303	0
1527929395.149263000	10.2745	1400	0
1527929395.149931000	10.2752	513	0
1527929395.151777000	10.277	107	1
1527929395.174834000	10.3001	592	0
1527929395.175589000	10.3008	1412	0
1527929395.176255000	10.3015	305	0
1527929395.178777000	10.304	104	1
1527929395.180249000	10.3055	484	0
1527929395.180964000	10.3062	1412	0
1527929395.181639000	10.3069	866	0
1527929395.183782000	10.309	104	1
1527929395.201159000	10.3264	711	0
1527929395.201829000	10.3271	616	0
1527929395.204778000	10.33	101	1
1527929395.206632000	10.3319	558	0
1527929395.207410000	10.3326	1412	0
1527929395.208076000	10.3333	442	0
1527929395.208758000	10.334	154	0
1527929395.209770000	10.335	107	1
1527929395.225158000	10.3504	1412	1
1527929395.225199000	10.3504	1412	1
1527929395.225224000	10.3505	288	1
1527929395.225285000	10.3505	844	1
1527929395.244607000	10.3698	87	0
1527929395.255261000	10.3805	375	0
1527929395.258809000	10.384	101	1
1527929395.263418000	10.3886	80	0
1527929395.264111000	10.3893	528	0
1527929395.266797000	10.392	101	1
1527929395.332242000	10.4575	312	0
1527929395.332909000	10.4581	103	0
1527929395.335825000	10.4611	101	1
1527929395.337778000	10.463	87	0
1527929395.341844000	10.4671	98	1
1527929396.777762000	11.903	989	1
1527929396.777837000	11.9031	109	1
1527929396.782955000	11.9082	302	1
1527929396.785003000	11.9102	478	1
1527929396.785065000	11.9103	87	1
1527929396.795184000	11.9204	87	0
1527929396.800885000	11.9261	87	0
1527929397.188606000	12.3138	256	0
1527929397.189277000	12.3145	152	0
1527929397.192223000	12.3175	92	0
1527929397.192899000	12.3181	335	0
1527929397.193194000	12.3184	110	1
1527929397.196985000	12.3222	98	1
1527929397.200602000	12.3258	265	0
1527929397.201264000	12.3265	103	0
1527929397.204939000	12.3302	101	1
1527929397.205516000	12.3307	92	0
1527929397.206208000	12.3314	217	0
1527929397.208955000	12.3342	101	1
1527929397.281641000	12.4069	392	1
1527929397.281715000	12.4069	262	1
1527929397.299843000	12.4251	87	0
1527929397.327575000	12.4528	305	0
1527929397.328244000	12.4535	141	0
1527929397.332374000	12.4576	92	0
1527929397.333050000	12.4583	265	0
1527929397.335493000	12.4607	104	1
1527929397.339937000	12.4652	101	1
1527929397.388240000	12.5135	485	1
1527929397.388313000	12.5135	94	1
1527929397.405946000	12.5312	87	0
1527929397.415245000	12.5405	87	0
1527929397.684327000	12.8096	240	0
1527929397.685001000	12.8102	366	0
1527929397.687960000	12.8132	107	1
1527929397.689412000	12.8146	298	0
1527929397.692972000	12.8182	98	1
1527929397.841188000	12.9664	369	1
1527929397.841309000	12.9665	1412	1
1527929397.841334000	12.9666	1412	1
1527929397.841357000	12.9666	1412	1
1527929397.841403000	12.9666	1412	1
1527929397.841440000	12.9667	1412	1
1527929397.841477000	12.9667	1412	1
1527929397.841506000	12.9667	1412	1
1527929397.841543000	12.9668	1412	1
1527929397.841585000	12.9668	1412	1
1527929397.841620000	12.9669	1412	1
1527929397.841656000	12.9669	1412	1
1527929397.842995000	12.9682	1412	1
1527929397.843034000	12.9683	1412	1
1527929397.843093000	12.9683	1412	1
1527929397.843152000	12.9684	1412	1
1527929397.844994000	12.9702	1412	1
1527929397.845055000	12.9703	1412	1
1527929397.845091000	12.9703	1412	1
1527929397.845154000	12.9704	1412	1
1527929397.846997000	12.9722	1412	1
1527929397.847035000	12.9723	1412	1
1527929397.847094000	12.9723	1412	1
1527929397.847130000	12.9724	1412	1
1527929397.848998000	12.9742	1412	1
1527929397.849045000	12.9743	1412	1
1527929397.849103000	12.9743	1412	1
1527929397.849163000	12.9744	1412	1
1527929397.850994000	12.9762	1412	1
1527929397.851053000	12.9763	1412	1
1527929397.851089000	12.9763	1412	1
1527929397.851147000	12.9764	1412	1
1527929397.852991000	12.9782	1412	1
1527929397.858385000	12.9836	100	0
1527929397.858599000	12.9838	1412	1
1527929397.858643000	12.9839	751	1
1527929397.860971000	12.9862	87	0
1527929397.863289000	12.9885	87	0
1527929397.868586000	12.9938	87	0
1527929397.872369000	12.9976	87	0
1527929397.878158000	13.0034	87	0
1527929398.192654000	13.3179	441	0
1527929398.197026000	13.3223	113	1
1527929398.200751000	13.326	80	0
1527929398.204022000	13.3293	98	1
1527929398.246253000	13.3715	268	0
1527929398.247046000	13.3723	146	0
1527929398.249970000	13.3752	101	1
1527929398.251020000	13.3763	92	0
1527929398.251715000	13.3769	178	0
1527929398.254949000	13.3802	101	1
1527929398.288795000	13.414	361	1
1527929398.289783000	13.415	295	1
1527929398.307590000	13.4328	87	0
1527929398.313574000	13.4388	87	0
1527929398.331863000	13.4571	393	1
1527929398.349622000	13.4749	87	0
1527929398.405215000	13.5304	324	1
1527929398.405301000	13.5305	267	1
1527929398.424121000	13.5494	87	0
1527929398.527212000	13.6524	603	0
1527929398.527916000	13.6531	802	0
1527929398.529323000	13.6546	92	0
1527929398.530020000	13.6553	261	0
1527929398.531034000	13.6563	113	1
1527929398.552212000	13.6774	1412	1
1527929398.552268000	13.6775	410	1
1527929398.566962000	13.6922	90	0
1527929398.570602000	13.6958	87	0
1527929398.570971000	13.6962	101	1
1527929398.604833000	13.7301	279	0
1527929398.605500000	13.7307	118	0
1527929398.608993000	13.7342	101	1
1527929398.609791000	13.735	92	0
1527929398.610491000	13.7357	311	0
1527929398.612991000	13.7382	101	1
1527929398.615289000	13.7405	233	0
1527929398.615979000	13.7412	279	0
1527929398.619004000	13.7442	101	1
1527929398.619778000	13.745	92	0
1527929398.620477000	13.7457	301	0
1527929398.622991000	13.7482	101	1
1527929398.705409000	13.8306	766	0
1527929398.706070000	13.8313	306	0
1527929398.721850000	13.8471	101	1
1527929398.761170000	13.8864	667	1
1527929398.779789000	13.905	87	0
1527929398.883494000	14.0087	235	0
1527929398.884107000	14.0093	146	0
1527929398.887051000	14.0123	104	1
1527929398.888285000	14.0135	92	0
1527929398.888988000	14.0142	332	0
1527929398.892054000	14.0173	101	1
1527929398.907099000	14.0323	689	0
1527929398.911012000	14.0362	98	1
1527929399.075106000	14.2003	789	1
1527929399.075175000	14.2004	248	1
1527929399.093129000	14.2184	87	0
1527929399.553293000	14.6785	358	0
1527929399.553916000	14.6791	146	0
1527929399.557105000	14.6823	104	1
1527929399.559065000	14.6843	92	0
1527929399.559761000	14.685	194	0
1527929399.563087000	14.6883	101	1
1527929399.788709000	14.9139	392	1
1527929399.788770000	14.914	254	1
1527929399.805666000	14.9309	87	0
1527929400.103077000	15.2283	239	0
1527929400.103703000	15.2289	146	0
1527929400.107137000	15.2324	104	1
1527929400.108397000	15.2336	92	0
1527929400.109097000	15.2343	204	0
1527929400.112117000	15.2373	101	1
1527929400.279090000	15.4043	392	1
1527929400.279167000	15.4044	253	1
1527929400.297260000	15.4225	87	0
1527929400.781563000	15.9068	258	0
1527929400.782177000	15.9074	146	0
1527929400.785141000	15.9104	104	1
1527929400.788663000	15.9139	92	0
1527929400.789367000	15.9146	260	0
1527929400.792138000	15.9174	101	1
1527929401.099418000	16.2246	393	1
1527929401.099486000	16.2247	256	1
1527929401.116786000	16.242	87	0
1527929401.574852000	16.7001	298	0
1527929401.575462000	16.7007	146	0
1527929401.579166000	16.7044	104	1
1527929401.581007000	16.7062	92	0
1527929401.581696000	16.7069	108	0
1527929401.585178000	16.7104	101	1
1527929401.742480000	16.8677	387	1
1527929401.742542000	16.8678	254	1
1527929401.760121000	16.8854	87	0
1527929402.218154000	17.3434	278	0
1527929402.218808000	17.344	146	0
1527929402.222205000	17.3474	104	1
1527929402.224026000	17.3493	92	0
1527929402.224716000	17.3499	108	0
1527929402.228182000	17.3534	101	1
1527929402.425566000	17.5508	387	1
1527929402.425627000	17.5509	256	1
1527929402.442343000	17.5676	87	0
1527929402.897815000	18.023	231	0
1527929402.898428000	18.0237	146	0
1527929402.901254000	18.0265	104	1
1527929402.903222000	18.0285	92	0
1527929402.903952000	18.0292	247	0
1527929402.907261000	18.0325	101	1
1527929402.947806000	18.073	386	1
1527929402.947900000	18.0731	253	1
1527929402.965446000	18.0907	87	0
1527929403.427018000	18.5522	258	0
1527929403.427636000	18.5529	148	0
1527929403.431329000	18.5566	104	1
1527929403.432996000	18.5582	92	0
1527929403.433716000	18.5589	317	0
1527929403.436312000	18.5615	101	1
1527929403.582974000	18.7082	392	1
1527929403.583062000	18.7083	259	1
1527929403.601831000	18.7271	87	0
1527929404.061188000	19.1864	279	0
1527929404.061852000	19.1871	148	0
1527929404.065384000	19.1906	104	1
1527929404.067309000	19.1925	92	0
1527929404.068004000	19.1932	152	0
1527929404.071344000	19.1966	101	1
1527929404.214500000	19.3397	388	1
1527929404.214573000	19.3398	256	1
1527929404.232331000	19.3576	87	0
1527929404.238729000	19.364	87	0
1527929404.521124000	19.6464	302	0
1527929404.521753000	19.647	148	0
1527929404.525389000	19.6506	107	1
1527929404.526722000	19.652	92	0
1527929404.527422000	19.6527	146	0
1527929404.530372000	19.6556	101	1
1527929404.614810000	19.74	387	1
1527929404.614886000	19.7401	256	1
1527929404.631948000	19.7572	87	0
1527929404.920333000	20.0456	233	0
1527929404.920958000	20.0462	148	0
1527929404.924413000	20.0496	104	1
1527929404.926342000	20.0516	92	0
1527929404.927092000	20.0523	121	0
1527929404.930397000	20.0556	101	1
1527929405.077008000	20.2022	991	1
1527929405.077067000	20.2023	256	1
1527929405.094835000	20.2201	87	0
1527929405.554099000	20.6793	258	0
1527929405.554775000	20.68	148	0
1527929405.558416000	20.6836	104	1
1527929405.560326000	20.6856	92	0
1527929405.561043000	20.6863	150	0
1527929405.564385000	20.6896	101	1
1527929405.610482000	20.7357	584	1
1527929405.610545000	20.7358	259	1
1527929405.628521000	20.7538	87	0
1527929406.084551000	21.2098	260	0
1527929406.085218000	21.2104	148	0
1527929406.088454000	21.2137	104	1
1527929406.089417000	21.2146	92	0
1527929406.090933000	21.2162	175	0
1527929406.093633000	21.2189	101	1
1527929406.291794000	21.417	400	1
1527929406.291882000	21.4171	256	1
1527929406.309095000	21.4343	87	0
1527929406.632041000	21.7573	256	0
1527929406.632701000	21.7579	148	0
1527929406.635453000	21.7607	104	1
1527929406.639405000	21.7646	92	0
1527929406.640102000	21.7653	281	0
1527929406.643445000	21.7687	101	1
1527929406.664640000	21.7899	776	1
1527929406.664727000	21.79	255	1
1527929406.682803000	21.808	87	0
1527929407.142392000	22.2676	256	0
1527929407.143044000	22.2683	148	0
1527929407.145360000	22.2706	92	0
1527929407.146051000	22.2713	148	0
1527929407.146579000	22.2718	110	1
1527929407.206338000	22.3316	388	1
1527929407.206399000	22.3316	259	1
1527929407.225702000	22.3509	87	0
1527929407.688258000	22.8135	337	0
1527929407.688941000	22.8142	148	0
1527929407.692518000	22.8177	104	1
1527929407.693610000	22.8188	92	0
1527929407.694314000	22.8195	324	0
1527929407.697507000	22.8227	101	1
1527929407.729732000	22.855	388	1
1527929407.729823000	22.8551	259	1
1527929407.748102000	22.8733	87	0
1527929408.038417000	23.1636	240	0
1527929408.039042000	23.1643	148	0
1527929408.042588000	23.1678	104	1
1527929408.042915000	23.1681	92	0
1527929408.044125000	23.1694	305	0
1527929408.046594000	23.1718	101	1
1527929408.080829000	23.2061	389	1
1527929408.080901000	23.2061	255	1
1527929408.098746000	23.224	87	0
1527929408.558287000	23.6835	256	0
1527929408.558911000	23.6841	148	0
1527929408.562644000	23.6879	104	1
1527929408.564129000	23.6894	92	0
1527929408.564807000	23.69	119	0
1527929408.567601000	23.6928	101	1
1527929408.651800000	23.777	388	1
1527929408.651859000	23.7771	255	1
1527929408.669153000	23.7944	87	0
1527929409.133639000	24.2589	297	0
1527929409.134324000	24.2596	148	0
1527929409.137681000	24.2629	104	1
1527929409.138747000	24.264	92	0
1527929409.139443000	24.2647	313	0
1527929409.142630000	24.2679	101	1
1527929409.181664000	24.3069	387	1
1527929409.181773000	24.307	259	1
1527929409.199576000	24.3248	87	0
1527929409.661569000	24.7868	256	0
1527929409.662179000	24.7874	148	0
1527929409.665683000	24.7909	104	1
1527929409.667534000	24.7928	92	0
1527929409.668216000	24.7934	158	0
1527929409.671711000	24.7969	101	1
1527929409.706962000	24.8322	391	1
1527929409.707047000	24.8323	610	1
1527929409.725119000	24.8504	87	0
1527929410.199818000	25.325	258	0
1527929410.200444000	25.3257	148	0
1527929410.203738000	25.329	104	1
1527929410.204041000	25.3293	92	0
1527929410.204677000	25.3299	214	0
1527929410.207694000	25.3329	101	1
1527929414.113588000	29.2388	393	1
1527929414.113663000	29.2389	256	1
1527929414.140739000	29.266	87	0
1527929414.432647000	29.5579	258	0
1527929414.433304000	29.5585	148	0
1527929414.436890000	29.5621	104	1
1527929414.438112000	29.5633	92	0
1527929414.438803000	29.564	216	0
1527929414.441863000	29.5671	101	1
1527929414.528396000	29.6536	393	1
1527929414.528483000	29.6537	264	1
1527929414.546105000	29.6713	87	0
1527929414.831239000	29.9565	279	0
1527929414.831920000	29.9572	148	0
1527929414.834896000	29.9601	104	1
1527929414.836717000	29.9619	92	0
1527929414.837481000	29.9627	293	0
1527929414.839875000	29.9651	101	1
1527929414.978555000	30.1038	995	1
1527929414.978668000	30.1039	266	1
1527929414.998061000	30.1233	87	0
1527929415.130542000	30.2558	497	1
1527929415.130641000	30.2559	1412	1
1527929415.130668000	30.2559	1412	1
1527929415.130710000	30.2559	1412	1
1527929415.130738000	30.256	552	1
1527929415.150287000	30.2755	87	0
1527929415.434934000	30.5602	411	0
1527929415.439002000	30.5642	104	1
1527929415.443493000	30.5687	80	0
1527929415.446954000	30.5722	98	1
1527929415.452318000	30.5775	281	0
1527929415.452984000	30.5782	148	0
1527929415.455954000	30.5812	101	1
1527929415.458138000	30.5834	92	0
1527929415.458842000	30.5841	241	0
1527929415.461992000	30.5872	101	1
1527929415.618265000	30.7435	392	1
1527929415.618356000	30.7436	270	1
1527929415.636173000	30.7614	87	0
1527929416.090531000	31.2158	260	0
1527929416.091158000	31.2164	148	0
1527929416.094045000	31.2193	104	1
1527929416.095595000	31.2208	92	0
1527929416.096286000	31.2215	217	0
1527929416.098964000	31.2242	101	1
1527929416.104105000	31.2293	789	1
1527929416.104194000	31.2294	262	1
1527929416.123826000	31.2491	87	0
1527929416.553166000	31.6784	258	0
1527929416.553811000	31.679	148	0
1527929416.556997000	31.6822	104	1
1527929416.558317000	31.6835	92	0
1527929416.559007000	31.6842	112	0
1527929416.562026000	31.6873	101	1
1527929416.743081000	31.8683	392	1
1527929416.743171000	31.8684	265	1
1527929416.761716000	31.8869	87	0
1527929416.772338000	31.8976	87	0
1527929417.218339000	32.3436	258	0
1527929417.219000000	32.3442	148	0
1527929417.222037000	32.3473	107	1
1527929417.223925000	32.3492	92	0
1527929417.224616000	32.3498	235	0
1527929417.228014000	32.3532	101	1
1527929417.359423000	32.4847	393	1
1527929417.359518000	32.4848	490	1
1527929417.377271000	32.5025	87	0
1527929417.836800000	32.962	338	0
1527929417.837484000	32.9627	148	0
1527929417.841158000	32.9664	104	1
1527929417.842090000	32.9673	92	0
1527929417.842844000	32.9681	212	0
1527929417.846117000	32.9713	101	1
1527929417.973284000	33.0985	394	1
1527929417.973348000	33.0986	250	1
1527929417.991106000	33.1163	87	0
1527929418.447222000	33.5725	259	0
1527929418.447879000	33.5731	148	0
1527929418.452127000	33.5774	92	0
1527929418.452866000	33.5781	92	0
1527929418.461025000	33.5863	110	1
1527929418.941800000	34.067	368	1
1527929418.941896000	34.0671	1412	1
1527929418.941935000	34.0672	1412	1
1527929418.941969000	34.0672	1412	1
1527929418.942006000	34.0672	1369	1
1527929418.958429000	34.0837	87	0
1527929418.962034000	34.0873	87	0
1527929419.255059000	34.3803	441	0
1527929419.262911000	34.3881	80	0
1527929419.265020000	34.3903	107	1
1527929420.118846000	35.2441	391	1
1527929420.118931000	35.2442	258	1
1527929420.136105000	35.2613	87	0
1527929420.589422000	35.7147	279	0
1527929420.590033000	35.7153	148	0
1527929420.592873000	35.7181	104	1
1527929420.595624000	35.7209	92	0
1527929420.596317000	35.7215	211	0
1527929420.599834000	35.7251	101	1
1527929420.701607000	35.8268	391	1
1527929420.701691000	35.8269	256	1
1527929420.719138000	35.8444	87	0
1527929421.044273000	36.1695	235	0
1527929421.044946000	36.1702	148	0
1527929421.047121000	36.1724	92	0
1527929421.047826000	36.1731	272	0
1527929421.047864000	36.1731	107	1
1527929421.051890000	36.1771	98	1
1527929421.530541000	36.6558	393	1
1527929421.530615000	36.6558	255	1
1527929421.548270000	36.6735	87	0
1527929421.552835000	36.6781	87	0
1527929421.845617000	36.9708	259	0
1527929421.846304000	36.9715	148	0
1527929421.848950000	36.9742	107	1
1527929421.851113000	36.9763	92	0
1527929421.851854000	36.9771	246	0
1527929421.854895000	36.9801	101	1
1527929421.940311000	37.0655	995	1
1527929421.940411000	37.0656	259	1
1527929421.959355000	37.0846	87	0
1527929422.415968000	37.5412	302	0
1527929422.416644000	37.5419	148	0
1527929422.419947000	37.5452	104	1
1527929422.421120000	37.5464	92	0
1527929422.421876000	37.5471	260	0
1527929422.424927000	37.5502	101	1
1527929422.668685000	37.7939	586	1
1527929422.668747000	37.794	257	1
1527929422.687509000	37.8127	87	0
1527929423.146173000	38.2714	256	0
1527929423.146944000	38.2722	148	0
1527929423.149996000	38.2752	104	1
1527929423.150644000	38.2759	92	0
1527929423.151333000	38.2766	87	0
1527929423.153970000	38.2792	101	1
1527929423.178075000	38.3033	784	1
1527929423.178142000	38.3034	259	1
1527929423.195653000	38.3209	87	0
1527929423.490475000	38.6157	237	0
1527929423.491085000	38.6163	148	0
1527929423.494013000	38.6192	104	1
1527929423.494979000	38.6202	92	0
1527929423.495740000	38.621	158	0
1527929423.498939000	38.6242	101	1
1527929423.527715000	38.6529	390	1
1527929423.527790000	38.653	258	1
1527929423.545375000	38.6706	87	0
1527929423.817340000	38.9426	302	1
1527929423.817424000	38.9427	1412	1
1527929423.817449000	38.9427	1412	1
1527929423.817490000	38.9427	1412	1
1527929423.817511000	38.9427	552	1
1527929423.836064000	38.9613	87	0
1527929424.005732000	39.131	281	0
1527929424.006344000	39.1316	148	0
1527929424.010068000	39.1353	107	1
1527929424.011415000	39.1366	92	0
1527929424.012057000	39.1373	148	0
1527929424.015027000	39.1403	101	1
1527929424.119176000	39.2444	409	0
1527929424.123073000	39.2483	98	1
1527929424.127843000	39.2531	80	0
1527929424.132042000	39.2573	98	1
1527929424.283669000	39.4089	394	1
1527929424.283719000	39.409	370	1
1527929424.302214000	39.4274	87	0
1527929424.592099000	39.7173	262	0
1527929424.592780000	39.718	148	0
1527929424.594894000	39.7201	92	0
1527929424.595586000	39.7208	211	0
1527929424.596081000	39.7213	110	1
1527929424.900733000	40.026	391	1
1527929424.900805000	40.026	310	1
1527929424.919130000	40.0444	87	0
1527929425.380199000	40.5054	358	0
1527929425.380849000	40.5061	148	0
1527929425.384122000	40.5094	104	1
1527929425.385921000	40.5112	92	0
1527929425.386604000	40.5118	103	0
1527929425.390100000	40.5153	101	1
1527929425.424256000	40.5495	387	1
1527929425.424321000	40.5496	255	1
1527929425.442671000	40.5679	87	0
1527929425.726111000	40.8513	241	0
1527929425.726855000	40.8521	148	0
1527929425.730138000	40.8554	104	1
1527929425.731527000	40.8568	92	0
1527929425.732280000	40.8575	147	0
1527929425.735119000	40.8604	101	1
1527929425.840378000	40.9656	390	1
1527929425.840445000	40.9657	258	1
1527929425.858179000	40.9834	87	0
1527929426.186011000	41.3112	258	0
1527929426.186626000	41.3119	148	0
1527929426.190176000	41.3154	104	1
1527929426.191685000	41.3169	92	0
1527929426.192406000	41.3176	235	0
1527929426.195141000	41.3204	101	1
1527929426.382661000	41.5079	389	1
1527929426.382721000	41.508	259	1
1527929426.400758000	41.526	87	0
1527929426.724121000	41.8494	274	0
1527929426.724781000	41.85	148	0
1527929426.728163000	41.8534	104	1
1527929426.729328000	41.8546	92	0
1527929426.730021000	41.8553	188	0
1527929426.733188000	41.8584	101	1
1527929426.827226000	41.9525	390	1
1527929426.827285000	41.9525	256	1
1527929426.844974000	41.9702	87	0
1527929427.305127000	42.4304	279	0
1527929427.305765000	42.431	148	0
1527929427.309174000	42.4344	104	1
1527929427.310352000	42.4356	92	0
1527929427.311045000	42.4363	152	0
1527929427.314156000	42.4394	101	1
1527929427.582532000	42.7078	387	1
1527929427.582628000	42.7079	257	1
1527929427.599454000	42.7247	87	0
1527929428.057994000	43.1832	232	0
1527929428.058630000	43.1839	148	0
1527929428.062242000	43.1875	104	1
1527929428.063368000	43.1886	92	0
1527929428.064061000	43.1893	157	0
1527929428.067214000	43.1924	101	1
1527929428.084254000	43.2095	391	1
1527929428.084337000	43.2096	262	1
1527929428.103208000	43.2284	87	0
1527929428.573933000	43.6992	258	0
1527929428.574547000	43.6998	148	0
1527929428.577330000	43.7026	104	1
1527929428.579592000	43.7048	92	0
1527929428.580268000	43.7055	311	0
1527929428.583296000	43.7085	101	1
1527929428.662432000	43.7877	991	1
1527929428.662501000	43.7877	256	1
1527929428.681089000	43.8063	87	0
1527929429.143681000	44.2689	302	0
1527929429.144291000	44.2695	148	0
1527929429.147366000	44.2726	104	1
1527929429.149876000	44.2751	92	0
1527929429.150573000	44.2758	320	0
1527929429.153273000	44.2785	101	1
1527929429.339661000	44.4649	586	1
1527929429.339722000	44.465	260	1
1527929429.357025000	44.4823	87	0
1527929429.812667000	44.9379	233	0
1527929429.813309000	44.9385	148	0
1527929429.816376000	44.9416	104	1
1527929429.818078000	44.9433	92	0
1527929429.818775000	44.944	100	0
1527929429.821354000	44.9466	101	1
1527929429.964825000	45.0901	789	1
1527929429.964902000	45.0901	261	1
1527929429.992701000	45.1179	87	0
1527929430.446651000	45.5719	256	0
1527929430.447457000	45.5727	148	0
1527929430.450353000	45.5756	104	1
1527929430.452554000	45.5778	92	0
1527929430.453242000	45.5785	188	0
1527929430.456331000	45.5816	101	1
1527929430.646583000	45.7718	388	1
1527929430.646673000	45.7719	256	1
1527929430.663987000	45.7892	87	0
1527929430.669945000	45.7952	87	0
1527929431.118930000	46.2442	301	0
1527929431.119555000	46.2448	148	0
1527929431.122452000	46.2477	107	1
1527929431.125010000	46.2502	92	0
1527929431.125730000	46.251	282	0
1527929431.128438000	46.2537	101	1
1527929431.311683000	46.4369	390	1
1527929431.311774000	46.437	259	1
1527929431.338794000	46.464	87	0
1527929431.797069000	46.9223	233	0
1527929431.797685000	46.9229	148	0
1527929431.800491000	46.9257	104	1
1527929431.802855000	46.9281	92	0
1527929431.803484000	46.9287	107	0
1527929431.806479000	46.9317	101	1
1527929431.928166000	47.0534	387	1
1527929431.928262000	47.0535	259	1
1527929431.947940000	47.0732	87	0
1527929432.404099000	47.5293	256	0
1527929432.404713000	47.5299	148	0
1527929432.407524000	47.5328	104	1
1527929432.409490000	47.5347	92	0
1527929432.410141000	47.5354	304	0
1527929432.413557000	47.5388	101	1
1527929432.608923000	47.7342	388	1
1527929432.608985000	47.7342	256	1
1527929432.626435000	47.7517	87	0
1527929432.922029000	48.0473	262	0
1527929432.922640000	48.0479	148	0
1527929432.925586000	48.0508	104	1
1527929432.928318000	48.0536	92	0
1527929432.929037000	48.0543	157	0
1527929432.932558000	48.0578	101	1
1527929432.942576000	48.0678	391	1
1527929432.942630000	48.0679	257	1
1527929432.959730000	48.085	87	0
1527929433.382440000	48.5077	361	0
1527929433.383050000	48.5083	148	0
1527929433.386604000	48.5118	104	1
1527929433.388119000	48.5134	92	0
1527929433.388875000	48.5141	134	0
1527929433.391565000	48.5168	101	1
1527929433.426844000	48.5521	389	1
1527929433.426911000	48.5521	256	1
1527929433.444317000	48.5695	87	0
1527929433.909881000	49.0351	237	0
1527929433.910550000	49.0358	148	0
1527929433.913656000	49.0389	104	1
1527929433.915932000	49.0412	92	0
1527929433.918363000	49.0436	295	0
1527929433.919547000	49.0448	101	1
1527929434.081793000	49.207	387	1
1527929434.081884000	49.2071	259	1
1527929434.099459000	49.2247	87	0
1527929434.426143000	49.5514	256	0
1527929434.426897000	49.5521	148	0
1527929434.429639000	49.5549	104	1
1527929434.432526000	49.5578	92	0
1527929434.433161000	49.5584	134	0
1527929434.436618000	49.5619	101	1
1527929434.777228000	49.9025	388	1
1527929434.777315000	49.9025	261	1
1527929434.794723000	49.92	87	0
1527929435.127298000	50.2525	300	0
1527929435.127909000	50.2531	148	0
1527929435.130683000	50.2559	104	1
1527929435.132470000	50.2577	92	0
1527929435.133131000	50.2584	107	0
1527929435.136665000	50.2619	101	1
1527929435.147567000	50.2728	392	1
1527929435.147662000	50.2729	256	1
1527929435.165014000	50.2902	87	0
1527929435.630844000	50.7561	258	0
1527929435.631519000	50.7568	148	0
1527929435.634648000	50.7599	104	1
1527929435.637491000	50.7627	92	0
1527929435.638209000	50.7634	196	0
1527929435.641634000	50.7669	101	1
1527929435.873085000	50.9983	991	1
1527929435.873168000	50.9984	259	1
1527929435.890874000	51.0161	87	0
1527929436.354028000	51.4793	255	0
1527929436.354646000	51.4799	148	0
1527929436.357777000	51.483	104	1
1527929436.360776000	51.486	92	0
1527929436.361719000	51.487	280	0
1527929436.364750000	51.49	101	1
1527929436.536815000	51.662	386	1
1527929436.536880000	51.6621	256	1
1527929436.553985000	51.6792	87	0
1527929437.018337000	52.1436	233	0
1527929437.019019000	52.1443	148	0
1527929437.021765000	52.147	104	1
1527929437.024074000	52.1493	92	0
1527929437.024753000	52.15	232	0
1527929437.027775000	52.153	101	1
1527929437.150926000	52.2762	587	1
1527929437.151011000	52.2762	260	1
1527929437.169121000	52.2944	87	0
1527929437.172363000	52.2976	87	0
1527929437.649103000	52.7743	304	0
1527929437.649724000	52.775	148	0
1527929437.652849000	52.7781	107	1
1527929437.655139000	52.7804	92	0
1527929437.655825000	52.7811	154	0
1527929437.658811000	52.784	101	1
1527929437.730958000	52.8562	788	1
1527929437.731044000	52.8563	258	1
1527929437.760213000	52.8854	87	0
1527929438.223589000	53.3488	258	0
1527929438.224214000	53.3494	148	0
1527929438.227875000	53.3531	104	1
1527929438.228122000	53.3534	92	0
1527929438.228826000	53.3541	261	0
1527929438.231848000	53.3571	101	1
1527929438.347977000	53.4732	392	1
1527929438.348041000	53.4733	259	1
1527929438.365125000	53.4904	87	0
1527929438.825925000	53.9512	236	0
1527929438.826667000	53.9519	148	0
1527929438.829894000	53.9551	104	1
1527929438.832048000	53.9573	92	0
1527929438.832741000	53.958	224	0
1527929438.835879000	53.9611	101	1
1527929439.034181000	54.1594	389	1
1527929439.034277000	54.1595	258	1
1527929439.052866000	54.1781	87	0
1527929439.518057000	54.6433	304	0
1527929439.518672000	54.6439	148	0
1527929439.521954000	54.6472	104	1
1527929439.523050000	54.6483	92	0
1527929439.523744000	54.649	142	0
1527929439.526910000	54.6521	101	1
1527929439.532945000	54.6582	388	1
1527929439.533027000	54.6583	260	1
1527929439.550422000	54.6757	87	0
1527929440.014374000	55.1396	236	0
1527929440.014984000	55.1402	148	0
1527929440.017984000	55.1432	104	1
1527929440.020545000	55.1458	92	0
1527929440.021212000	55.1464	216	0
1527929440.023946000	55.1492	101	1
1527929440.382439000	55.5077	393	1
1527929440.382500000	55.5077	262	1
1527929440.400541000	55.5258	87	0
1527929440.862439000	55.9877	258	0
1527929440.863050000	55.9883	148	0
1527929440.866009000	55.9912	104	1
1527929440.868106000	55.9933	92	0
1527929440.868800000	55.994	212	0
1527929440.871993000	55.9972	101	1
1527929440.930387000	56.0556	388	1
1527929440.930463000	56.0557	260	1
1527929440.948986000	56.0742	87	0
1527929441.249854000	56.3751	285	0
1527929441.250478000	56.3757	148	0
1527929441.254042000	56.3793	104	1
1527929441.254636000	56.3799	92	0
1527929441.255327000	56.3806	90	0
1527929441.258015000	56.3832	101	1
1527929441.407599000	56.5328	392	1
1527929441.407697000	56.5329	257	1
1527929441.426999000	56.5522	87	0
1527929441.431907000	56.5571	87	0
1527929441.755220000	56.8805	334	0
1527929441.755898000	56.8811	148	0
1527929441.759028000	56.8843	107	1
1527929441.759449000	56.8847	92	0
1527929441.760146000	56.8854	278	0
1527929441.764061000	56.8893	101	1
1527929441.902156000	57.0274	387	1
1527929441.902219000	57.0275	259	1
1527929441.920016000	57.0452	87	0
1527929442.385453000	57.5107	262	0
1527929442.386062000	57.5113	148	0
1527929442.389092000	57.5143	104	1
1527929442.391648000	57.5169	92	0
1527929442.392342000	57.5176	265	0
1527929442.395072000	57.5203	101	1
1527929442.621837000	57.7471	393	1
1527929442.621922000	57.7472	261	1
1527929442.640373000	57.7656	87	0
1527929442.931749000	58.057	233	0
1527929442.932375000	58.0576	148	0
1527929442.936126000	58.0614	104	1
1527929442.938606000	58.0638	92	0
1527929442.939327000	58.0646	190	0
1527929442.942110000	58.0673	101	1
1527929443.061307000	58.1865	995	1
1527929443.061404000	58.1866	256	1
1527929443.078907000	58.2041	87	0
1527929443.369131000	58.4944	298	0
1527929443.369811000	58.495	148	0
1527929443.373154000	58.4984	104	1
1527929443.374619000	58.4999	92	0
1527929443.375317000	58.5005	290	0
1527929443.378138000	58.5034	101	1
1527929443.533607000	58.6588	387	1
1527929443.533668000	58.6589	257	1
1527929443.551566000	58.6768	87	0
1527929443.849103000	58.9743	258	0
1527929443.849769000	58.975	148	0
1527929443.853150000	58.9784	104	1
1527929443.853598000	58.9788	92	0
1527929443.854296000	58.9795	193	0
1527929443.857118000	58.9823	101	1
1527929444.041533000	59.1668	584	1
1527929444.041594000	59.1668	257	1
1527929444.061034000	59.1863	87	0
1527929444.525460000	59.6507	258	0
1527929444.526082000	59.6513	148	0
1527929444.529197000	59.6544	104	1
1527929444.530719000	59.656	92	0
1527929444.531426000	59.6567	258	0
1527929444.534139000	59.6594	101	1
1527929444.565427000	59.6907	789	1
1527929444.565488000	59.6907	258	1
1527929444.585842000	59.7111	87	0
1527929444.876309000	60.0015	236	0
1527929444.877072000	60.0023	148	0
1527929444.880204000	60.0054	104	1
1527929444.881937000	60.0072	92	0
1527929444.882630000	60.0079	219	0
1527929444.885164000	60.0104	101	1
1527929445.026645000	60.1519	393	1
1527929445.026723000	60.152	438	1
1527929445.044168000	60.1694	87	0
1527929445.337141000	60.4624	304	0
1527929445.337830000	60.4631	148	0
1527929445.341233000	60.4665	104	1
1527929445.342898000	60.4681	92	0
1527929445.343611000	60.4688	291	0
1527929445.346216000	60.4714	101	1
1527929445.496359000	60.6216	392	1
1527929445.496456000	60.6217	376	1
1527929445.514095000	60.6393	87	0
1527929445.973463000	61.0987	236	0
1527929445.974137000	61.0994	148	0
1527929445.977251000	61.1025	104	1
1527929445.978247000	61.1035	92	0
1527929445.978961000	61.1042	209	0
1527929445.982231000	61.1075	101	1
1527929448.369309000	63.4945	370	1
1527929448.369410000	63.4946	1412	1
1527929448.369452000	63.4947	1412	1
1527929448.369505000	63.4947	1412	1
1527929448.369526000	63.4948	552	1
1527929448.388025000	63.5133	87	0
1527929448.528459000	63.6537	414	0
1527929448.532054000	63.6573	101	1
1527929448.535370000	63.6606	80	0
1527929448.539023000	63.6643	98	1
1527929448.570038000	63.6953	391	1
1527929448.570129000	63.6954	259	1
1527929448.586993000	63.7122	87	0
1527929448.875008000	64.0002	279	0
1527929448.875626000	64.0009	148	0
1527929448.879041000	64.0043	104	1
1527929448.880049000	64.0053	92	0
1527929448.880813000	64.006	143	0
1527929448.883966000	64.0092	101	1
1527929448.963533000	64.0888	391	1
1527929448.963609000	64.0888	257	1
1527929448.981360000	64.1066	87	0
1527929449.279474000	64.4047	258	0
1527929449.280085000	64.4053	148	0
1527929449.283087000	64.4083	104	1
1527929449.284532000	64.4098	92	0
1527929449.285561000	64.4108	195	0
1527929449.288073000	64.4133	101	1
1527929449.299037000	64.4243	389	1
1527929449.299126000	64.4244	256	1
1527929449.316861000	64.4421	87	0
1527929449.608607000	64.7338	262	0
1527929449.609290000	64.7345	148	0
1527929449.612103000	64.7373	104	1
1527929449.614052000	64.7393	92	0
1527929449.614753000	64.74	106	0
1527929449.618065000	64.7433	101	1
1527929449.788383000	64.9136	388	1
1527929449.788474000	64.9137	257	1
1527929449.805436000	64.9307	87	0
1527929450.097774000	65.223	335	0
1527929450.098396000	65.2236	148	0
1527929450.102062000	65.2273	104	1
1527929450.102678000	65.2279	92	0
1527929450.103418000	65.2287	98	0
1527929450.106088000	65.2313	101	1
1527929450.323184000	65.4484	387	1
1527929450.323278000	65.4485	257	1
1527929450.339849000	65.4651	87	0
1527929450.638516000	65.7637	260	0
1527929450.639280000	65.7645	148	0
1527929450.642147000	65.7674	104	1
1527929450.644394000	65.7696	92	0
1527929450.645085000	65.7703	129	0
1527929450.648126000	65.7734	101	1
1527929451.399920000	66.5252	994	1
1527929451.399984000	66.5252	256	1
1527929451.417978000	66.5432	87	0
1527929451.426811000	66.552	87	0
1527929451.873389000	66.9986	259	0
1527929451.874011000	66.9992	148	0
1527929451.877606000	67.0028	107	1
1527929451.879209000	67.0044	92	0
1527929451.879873000	67.0051	204	0
1527929451.882595000	67.0078	101	1
1527929452.727277000	67.8525	585	1
1527929452.727363000	67.8526	257	1
1527929452.745283000	67.8705	87	0
1527929453.036143000	68.1614	297	0
1527929453.036883000	68.1621	148	0
1527929453.040069000	68.1653	104	1
1527929453.041908000	68.1671	92	0
1527929453.042614000	68.1678	280	0
1527929453.046104000	68.1713	101	1
1527929453.076342000	68.2016	398	1
1527929453.076420000	68.2017	257	1
1527929453.093696000	68.2189	87	0
1527929453.394354000	68.5196	281	0
1527929453.394971000	68.5202	148	0
1527929453.398097000	68.5233	104	1
1527929453.400426000	68.5257	92	0
1527929453.401073000	68.5263	314	0
1527929453.404073000	68.5293	101	1
1527929453.582538000	68.7078	773	1
1527929453.582602000	68.7078	438	1
1527929453.601602000	68.7268	87	0
1527929453.891781000	69.017	233	0
1527929453.892448000	69.0177	148	0
1527929453.895151000	69.0204	104	1
1527929453.897392000	69.0226	92	0
1527929453.898078000	69.0233	265	0
1527929453.901117000	69.0263	101	1
1527929454.055938000	69.1812	391	1
1527929454.056005000	69.1812	438	1
1527929454.073572000	69.1988	87	0
1527929454.368283000	69.4935	255	0
1527929454.368908000	69.4941	148	0
1527929454.372143000	69.4974	104	1
1527929454.372666000	69.4979	92	0
1527929454.373361000	69.4986	246	0
1527929454.376130000	69.5014	101	1
1527929454.528346000	69.6536	390	1
1527929454.528406000	69.6536	314	1
1527929454.545768000	69.671	87	0
1527929454.833032000	69.9583	302	1
1527929454.833119000	69.9584	1412	1
1527929454.833143000	69.9584	1412	1
1527929454.833166000	69.9584	1412	1
1527929454.833223000	69.9585	339	1
1527929454.838743000	69.964	281	0
1527929454.839352000	69.9646	148	0
1527929454.842109000	69.9673	104	1
1527929454.844254000	69.9695	92	0
1527929454.844956000	69.9702	133	0
1527929454.848121000	69.9734	101	1
1527929454.851430000	69.9767	87	0
1527929454.972292000	70.0975	384	0
1527929454.976122000	70.1014	101	1
1527929454.979792000	70.105	80	0
1527929454.983155000	70.1084	98	1
1527929455.183775000	70.309	390	1
1527929455.183862000	70.3091	258	1
1527929455.201736000	70.327	87	0
1527929455.494980000	70.6202	258	0
1527929455.495589000	70.6208	148	0
1527929455.499166000	70.6244	104	1
1527929455.502056000	70.6273	92	0
1527929455.502774000	70.628	240	0
1527929455.506143000	70.6314	101	1
1527929455.680974000	70.8062	392	1
1527929455.681059000	70.8063	260	1
1527929455.700662000	70.8259	87	0
1527929455.989549000	71.1148	279	0
1527929455.990172000	71.1154	148	0
1527929455.993188000	71.1184	104	1
1527929455.995290000	71.1205	92	0
1527929455.995989000	71.1212	332	0
1527929455.999162000	71.1244	101	1
1527929456.243563000	71.3688	391	1
1527929456.243648000	71.3689	259	1
1527929456.263078000	71.3883	87	0
1527929456.554125000	71.6794	259	0
1527929456.554759000	71.68	148	0
1527929456.558212000	71.6834	104	1
1527929456.559610000	71.6848	92	0
1527929456.560248000	71.6855	141	0
1527929456.563258000	71.6885	101	1
1527929456.726710000	71.8519	389	1
1527929456.726784000	71.852	258	1
1527929456.744031000	71.8693	87	0
1527929457.034695000	72.1599	260	0
1527929457.035371000	72.1606	148	0
1527929457.038237000	72.1635	104	1
1527929457.038992000	72.1642	92	0
1527929457.039688000	72.1649	275	0
1527929457.042199000	72.1674	101	1
1527929457.108807000	72.234	388	1
1527929457.108891000	72.2341	256	1
1527929457.127621000	72.2529	87	0
1527929457.419099000	72.5443	360	0
1527929457.419716000	72.5449	148	0
1527929457.423314000	72.5485	104	1
1527929457.426363000	72.5516	92	0
1527929457.427160000	72.5524	302	0
1527929457.430313000	72.5555	101	1
1527929457.834417000	72.9596	973	1
1527929457.834521000	72.9598	1412	1
1527929457.834546000	72.9598	1412	1
1527929457.834588000	72.9598	1412	1
1527929457.834643000	72.9599	1412	1
1527929457.834665000	72.9599	1412	1
1527929457.834690000	72.9599	1412	1
1527929457.834737000	72.96	1412	1
1527929457.834772000	72.96	1412	1
1527929457.834795000	72.96	1412	1
1527929457.834841000	72.9601	1412	1
1527929457.834879000	72.9601	1412	1
1527929457.834914000	72.9601	1412	1
1527929457.836281000	72.9615	1412	1
1527929457.836323000	72.9616	1412	1
1527929457.836358000	72.9616	1412	1
1527929457.836389000	72.9616	150	1
1527929457.852275000	72.9775	87	0
1527929457.852948000	72.9782	100	0
1527929457.856270000	72.9815	101	1
1527929457.858053000	72.9833	87	0
1527929458.023711000	73.1489	380	0
1527929458.027771000	73.153	101	1
1527929458.032123000	73.1574	80	0
1527929458.048365000	73.1736	98	1
1527929458.455949000	73.5812	588	1
1527929458.456011000	73.5812	256	1
1527929458.474990000	73.6002	87	0
1527929458.764403000	73.8896	300	0
1527929458.765066000	73.8903	148	0
1527929458.768402000	73.8936	104	1
1527929458.770870000	73.8961	92	0
1527929458.771567000	73.8968	114	0
1527929458.774388000	73.8996	101	1
1527929458.946819000	74.0721	401	1
1527929458.946909000	74.0721	258	1
1527929458.966895000	74.0921	87	0
1527929459.264122000	74.3894	279	0
1527929459.264742000	74.39	148	0
1527929459.266332000	74.3916	92	0
1527929459.267089000	74.3923	331	0
1527929459.268515000	74.3937	110	1
1527929459.520884000	74.6461	776	1
1527929459.520974000	74.6462	257	1
1527929459.539597000	74.6648	87	0
1527929459.830409000	74.9556	235	0
1527929459.831079000	74.9563	148	0
1527929459.834392000	74.9596	104	1
1527929459.836407000	74.9616	92	0
1527929459.837162000	74.9624	324	0
1527929459.840424000	74.9657	101	1
1527929459.886764000	75.012	389	1
1527929459.886855000	75.0121	259	1
1527929459.904422000	75.0297	87	0
1527929460.193946000	75.3192	258	0
1527929460.194608000	75.3198	148	0
1527929460.197400000	75.3226	104	1
1527929460.198987000	75.3242	92	0
1527929460.199683000	75.3249	332	0
1527929460.202379000	75.3276	101	1
1527929460.455080000	75.5803	389	1
1527929460.455141000	75.5804	257	1
1527929460.472314000	75.5975	87	0
1527929460.939970000	76.0652	278	0
1527929460.940580000	76.0658	148	0
1527929460.943511000	76.0687	104	1
1527929460.945962000	76.0712	92	0
1527929460.946799000	76.072	304	0
1527929460.949490000	76.0747	101	1
1527929461.059555000	76.1848	387	1
1527929461.059620000	76.1849	256	1
1527929461.078610000	76.2038	87	0
1527929461.370278000	76.4955	259	0
1527929461.370891000	76.4961	148	0
1527929461.374538000	76.4998	104	1
1527929461.376333000	76.5016	92	0
1527929461.377117000	76.5023	308	0
1527929461.380525000	76.5058	101	1
1527929461.510116000	76.6353	390	1
1527929461.510214000	76.6354	260	1
1527929461.527989000	76.6532	87	0
1527929461.814668000	76.9399	235	0
1527929461.815333000	76.9406	148	0
1527929461.818490000	76.9437	104	1
1527929461.820087000	76.9453	92	0
1527929461.820776000	76.946	205	0
1527929461.823555000	76.9488	101	1
1527929461.881941000	77.0072	388	1
1527929461.882002000	77.0072	257	1
1527929461.901091000	77.0263	87	0
1527929462.194663000	77.3199	258	0
1527929462.195339000	77.3206	148	0
1527929462.198517000	77.3237	104	1
1527929462.200367000	77.3256	92	0
1527929462.201047000	77.3263	260	0
1527929462.204672000	77.3299	101	1
1527929462.348965000	77.4742	393	1
1527929462.349023000	77.4743	260	1
1527929462.367022000	77.4923	87	0
1527929462.672956000	77.7982	281	0
1527929462.673565000	77.7988	148	0
1527929462.676579000	77.8018	104	1
1527929462.676715000	77.8019	92	0
1527929462.677462000	77.8027	285	0
1527929462.680597000	77.8058	101	1
1527929462.827675000	77.9529	392	1
1527929462.827742000	77.953	262	1
1527929462.845766000	77.971	87	0
1527929463.136015000	78.2612	255	0
1527929463.136686000	78.2619	148	0
1527929463.139628000	78.2649	104	1
1527929463.140766000	78.266	92	0
1527929463.141465000	78.2667	135	0
1527929463.144633000	78.2699	101	1
1527929463.528243000	78.6535	390	1
1527929463.528308000	78.6535	259	1
1527929463.545886000	78.6711	87	0
1527929463.839530000	78.9648	259	0
1527929463.840143000	78.9654	148	0
1527929463.843672000	78.9689	104	1
1527929463.844924000	78.9702	92	0
1527929463.845618000	78.9708	190	0
1527929463.848647000	78.9739	101	1
1527929464.871157000	79.9964	990	1
1527929464.871221000	79.9965	259	1
1527929464.898826000	80.0241	87	0
1527929465.365285000	80.4905	358	0
1527929465.365930000	80.4912	148	0
1527929465.369556000	80.4948	104	1
1527929465.369577000	80.4948	92	0
1527929465.370868000	80.4961	321	0
1527929465.373522000	80.4988	101	1
1527929465.536743000	80.662	587	1
1527929465.536833000	80.6621	261	1
1527929465.554277000	80.6795	87	0
1527929465.844389000	80.9696	233	0
1527929465.845071000	80.9703	148	0
1527929465.848552000	80.9738	104	1
1527929465.849853000	80.9751	92	0
1527929465.850534000	80.9758	253	0
1527929465.853487000	80.9787	101	1
1527929466.154025000	81.2793	403	1
1527929466.154115000	81.2793	264	1
1527929466.173183000	81.2984	87	0
1527929466.463642000	81.5889	260	0
1527929466.464320000	81.5896	148	0
1527929466.466700000	81.5919	92	0
1527929466.467403000	81.5926	182	0
1527929466.467633000	81.5929	110	1
1527929466.474576000	81.5998	776	1
1527929466.474653000	81.5999	258	1
1527929466.491589000	81.6168	87	0
1527929466.949572000	82.0748	278	0
1527929466.950185000	82.0754	148	0
1527929466.953638000	82.0789	104	1
1527929466.955482000	82.0807	92	0
1527929466.956789000	82.082	251	0
1527929466.959659000	82.0849	101	1
1527929467.252198000	82.3774	389	1
1527929467.252262000	82.3775	261	1
1527929467.269906000	82.3951	87	0
1527929467.574882000	82.7001	281	0
1527929467.575557000	82.7008	148	0
1527929467.578715000	82.7039	104	1
1527929467.579824000	82.7051	92	0
1527929467.580522000	82.7058	271	0
1527929467.583648000	82.7089	101	1
1527929467.758073000	82.8833	389	1
1527929467.758168000	82.8834	259	1
1527929467.775630000	82.9009	87	0
1527929468.074303000	83.1995	236	0
1527929468.074974000	83.2002	148	0
1527929468.078709000	83.2039	104	1
1527929468.078992000	83.2042	92	0
1527929468.079687000	83.2049	278	0
1527929468.082643000	83.2079	101	1
1527929468.555113000	83.6803	392	1
1527929468.555188000	83.6804	263	1
1527929468.572899000	83.6981	87	0
1527929468.858090000	83.9833	256	0
1527929468.858715000	83.9839	148	0
1527929468.861748000	83.987	104	1
1527929468.863127000	83.9884	92	0
1527929468.863831000	83.9891	127	0
1527929468.866732000	83.992	101	1
1527929468.913125000	84.0384	388	1
1527929468.913214000	84.0384	259	1
1527929468.929733000	84.055	87	0
1527929469.227413000	84.3526	302	0
1527929469.228077000	84.3533	148	0
1527929469.230709000	84.3559	104	1
1527929469.233219000	84.3585	92	0
1527929469.233956000	84.3592	268	0
1527929469.236744000	84.362	101	1
1527929469.328048000	84.4533	388	1
1527929469.328108000	84.4533	261	1
1527929469.345603000	84.4708	87	0
1527929469.638578000	84.7638	235	0
1527929469.639202000	84.7644	148	0
1527929469.642811000	84.768	104	1
1527929469.644520000	84.7698	92	0
1527929469.645160000	84.7704	197	0
1527929469.648803000	84.774	101	1
1527929469.785093000	84.9103	389	1
1527929469.785153000	84.9104	259	1
1527929469.802619000	84.9279	87	0
1527929469.813661000	84.9389	87	0
1527929470.099992000	85.2252	233	0
1527929470.100625000	85.2259	148	0
1527929470.103841000	85.2291	107	1
1527929470.105782000	85.231	92	0
1527929470.106514000	85.2317	271	0
1527929470.109821000	85.2351	101	1
1527929470.304964000	85.4302	388	1
1527929470.305030000	85.4303	261	1
1527929470.323514000	85.4487	87	0
1527929470.618984000	85.7442	256	0
1527929470.619601000	85.7448	148	0
1527929470.622873000	85.7481	104	1
1527929470.624806000	85.75	92	0
1527929470.625581000	85.7508	267	0
1527929470.628831000	85.7541	101	1
1527929470.776205000	85.9014	392	1
1527929470.776289000	85.9015	260	1
1527929470.793613000	85.9188	87	0
1527929471.083599000	86.2088	282	0
1527929471.084221000	86.2095	148	0
1527929471.087871000	86.2131	104	1
1527929471.088939000	86.2142	92	0
1527929471.089633000	86.2149	155	0
1527929471.092855000	86.2181	101	1
1527929471.470221000	86.5955	996	1
1527929471.470355000	86.5956	262	1
1527929471.488995000	86.6142	87	0
1527929471.945844000	87.0711	258	0
1527929471.946513000	87.0717	148	0
1527929471.949919000	87.0752	104	1
1527929471.951075000	87.0763	92	0
1527929471.951773000	87.077	237	0
1527929471.954908000	87.0801	101	1
1527929471.993948000	87.1192	584	1
1527929471.994027000	87.1193	262	1
1527929472.011602000	87.1368	87	0
1527929472.302472000	87.4277	283	0
1527929472.303099000	87.4283	148	0
1527929472.305964000	87.4312	104	1
1527929472.307905000	87.4331	92	0
1527929472.308828000	87.4341	218	0
1527929472.311948000	87.4372	101	1
1527929472.699299000	87.8245	399	1
1527929472.699391000	87.8246	258	1
1527929472.716138000	87.8414	87	0
1527929473.016401000	88.1416	335	0
1527929473.017079000	88.1423	148	0
1527929473.019991000	88.1452	104	1
1527929473.021664000	88.1469	92	0
1527929473.022366000	88.1476	206	0
1527929473.024964000	88.1502	101	1
1527929473.176102000	88.3013	392	1
1527929473.176196000	88.3014	261	1
1527929473.194381000	88.3196	87	0
1527929473.199299000	88.3245	87	0
1527929473.489163000	88.6144	256	0
1527929473.489826000	88.6151	148	0
1527929473.492960000	88.6182	107	1
1527929473.494781000	88.62	92	0
1527929473.495474000	88.6207	231	0
1527929473.497923000	88.6232	101	1
1527929473.673521000	88.7988	773	1
1527929473.673583000	88.7988	260	1
1527929473.691992000	88.8172	87	0
1527929473.988733000	89.114	237	0
1527929473.989362000	89.1146	148	0
1527929473.993053000	89.1183	104	1
1527929473.993721000	89.119	92	0
1527929473.994640000	89.1199	163	0
1527929473.997024000	89.1223	101	1
1527929474.189377000	89.3146	388	1
1527929474.189474000	89.3147	262	1
1527929474.207051000	89.3323	87	0
1527929474.494787000	89.62	300	0
1527929474.495420000	89.6207	148	0
1527929474.499079000	89.6243	104	1
1527929474.500704000	89.6259	92	0
1527929474.501424000	89.6267	175	0
1527929474.504073000	89.6293	101	1
1527929474.681440000	89.8067	391	1
1527929474.681501000	89.8067	259	1
1527929474.699346000	89.8246	87	0
1527929474.989063000	90.1143	255	0
1527929474.989718000	90.1149	148	0
1527929474.993106000	90.1183	104	1
1527929474.994365000	90.1196	92	0
1527929474.995062000	90.1203	335	0
1527929474.998100000	90.1233	101	1
1527929475.147433000	90.2727	387	1
1527929475.147517000	90.2727	262	1
1527929475.164495000	90.2897	87	0
1527929475.459001000	90.5842	256	0
1527929475.459614000	90.5848	148	0
1527929475.463133000	90.5884	104	1
1527929475.474409000	90.5996	92	0
1527929475.475087000	90.6003	86	0
1527929475.478115000	90.6033	101	1
1527929475.804329000	90.9296	387	1
1527929475.804419000	90.9297	260	1
1527929475.822460000	90.9477	87	0
1527929476.116082000	91.2413	255	0
1527929476.116759000	91.242	148	0
1527929476.120111000	91.2453	104	1
1527929476.122058000	91.2473	92	0
1527929476.122731000	91.248	303	0
1527929476.126106000	91.2513	101	1
1527929476.326461000	91.4517	387	1
1527929476.326555000	91.4518	261	1
1527929476.344489000	91.4697	87	0
1527929476.349407000	91.4746	87	0
1527929476.645130000	91.7704	281	0
1527929476.645747000	91.771	148	0
1527929476.649172000	91.7744	107	1
1527929476.650240000	91.7755	92	0
1527929476.650995000	91.7762	331	0
1527929476.654144000	91.7794	101	1
1527929476.679806000	91.805	92	0
1527929476.683171000	91.8084	98	1
1527929476.941391000	92.0666	388	1
1527929476.941482000	92.0667	259	1
1527929476.959130000	92.0844	87	0
1527929476.964140000	92.0894	87	0
1527929477.251160000	92.3764	256	0
1527929477.251825000	92.3771	148	0
1527929477.255206000	92.3804	107	1
1527929477.257128000	92.3824	92	0
1527929477.257864000	92.3831	230	0
1527929477.261161000	92.3864	101	1
1527929477.368256000	92.4935	388	1
1527929477.368318000	92.4936	259	1
1527929477.387213000	92.5124	87	0
1527929477.677377000	92.8026	233	0
1527929477.678060000	92.8033	148	0
1527929477.681205000	92.8064	104	1
1527929477.683129000	92.8084	92	0
1527929477.683824000	92.8091	103	0
1527929477.687208000	92.8124	101	1
1527929477.864668000	92.9899	388	1
1527929477.864760000	92.99	259	1
1527929477.882603000	93.0078	87	0
1527929478.171883000	93.2971	259	0
1527929478.172495000	93.2977	148	0
1527929478.175271000	93.3005	104	1
1527929478.179209000	93.3044	92	0
1527929478.181213000	93.3064	133	0
1527929478.183232000	93.3085	101	1
1527929478.418403000	93.5436	997	1
1527929478.418493000	93.5437	260	1
1527929478.435408000	93.5606	87	0
1527929478.729065000	93.8543	282	0
1527929478.729678000	93.8549	148	0
1527929478.733264000	93.8585	104	1
1527929478.735233000	93.8605	92	0
1527929478.735954000	93.8612	104	0
1527929478.739291000	93.8645	101	1
1527929479.067514000	94.1927	588	1
1527929479.067574000	94.1928	263	1
1527929479.085872000	94.2111	87	0
1527929479.092846000	94.2181	314	1
1527929479.092926000	94.2182	1412	1
1527929479.092951000	94.2182	1412	1
1527929479.092973000	94.2182	1412	1
1527929479.093032000	94.2183	841	1
1527929479.111735000	94.237	87	0
1527929479.238519000	94.3638	411	0
1527929479.242339000	94.3676	104	1
1527929479.246126000	94.3714	80	0
1527929479.250359000	94.3756	98	1
1527929479.373153000	94.4984	270	0
1527929479.373834000	94.4991	148	0
1527929479.377349000	94.5026	101	1
1527929479.379101000	94.5043	92	0
1527929479.379819000	94.5051	314	0
1527929479.383330000	94.5086	101	1
1527929479.493751000	94.619	392	1
1527929479.493813000	94.619	502	1
1527929479.510806000	94.636	87	0
1527929479.967183000	95.0924	338	0
1527929479.967849000	95.0931	148	0
1527929479.971329000	95.0966	104	1
1527929479.972655000	95.0979	92	0
1527929479.973351000	95.0986	318	0
1527929479.976367000	95.1016	101	1
1527929480.120450000	95.2457	778	1
1527929480.120517000	95.2457	254	1
1527929480.139359000	95.2646	87	0
1527929480.142973000	95.2682	87	0
1527929480.430373000	95.5556	260	0
1527929480.430997000	95.5562	148	0
1527929480.434405000	95.5596	107	1
1527929480.435385000	95.5606	92	0
1527929480.436130000	95.5614	257	0
1527929480.439392000	95.5646	101	1
1527929481.642951000	96.7682	388	1
1527929481.643016000	96.7682	259	1
1527929481.659705000	96.7849	87	0
1527929481.665281000	96.7905	87	0
1527929481.951485000	97.0767	298	0
1527929481.952128000	97.0774	148	0
1527929481.955472000	97.0807	107	1
1527929481.956993000	97.0822	92	0
1527929481.957719000	97.083	102	0
1527929481.960444000	97.0857	101	1
1527929482.083770000	97.209	388	1
1527929482.083861000	97.2091	263	1
1527929482.101619000	97.2269	87	0
1527929482.468462000	97.5937	279	0
1527929482.469141000	97.5944	148	0
1527929482.472425000	97.5977	104	1
1527929482.472937000	97.5982	92	0
1527929482.473615000	97.5988	331	0
1527929482.476400000	97.6016	101	1
1527929482.796986000	97.9222	392	1
1527929482.797079000	97.9223	262	1
1527929482.816124000	97.9414	87	0
1527929483.104552000	98.2298	256	0
1527929483.105234000	98.2305	148	0
1527929483.108498000	98.2337	104	1
1527929483.110525000	98.2358	92	0
1527929483.111234000	98.2365	117	0
1527929483.114520000	98.2398	101	1
1527929483.261846000	98.3871	392	1
1527929483.261937000	98.3872	261	1
1527929483.279923000	98.4052	87	0
1527929483.598863000	98.7241	232	0
1527929483.599495000	98.7247	148	0
1527929483.602550000	98.7278	104	1
1527929483.604655000	98.7299	92	0
1527929483.606158000	98.7314	301	0
1527929483.608550000	98.7338	101	1
1527929483.801923000	98.9272	387	1
1527929483.801987000	98.9272	263	1
1527929483.819125000	98.9444	87	0
1527929484.274000000	99.3992	304	0
1527929484.274623000	99.3999	148	0
1527929484.277591000	99.4028	104	1
1527929484.279469000	99.4047	92	0
1527929484.280131000	99.4054	220	0
1527929484.283514000	99.4087	101	1
1527929484.285517000	99.4107	392	1
1527929484.285585000	99.4108	258	1
1527929484.306659000	99.4319	87	0
1527929484.603111000	99.7283	232	0
1527929484.603787000	99.729	148	0
1527929484.605947000	99.7312	92	0
1527929484.606588000	99.7318	107	1
1527929484.606636000	99.7319	131	0
1527929484.610594000	99.7358	98	1
1527929484.802524000	99.9278	391	1
1527929484.802618000	99.9279	264	1
1527929484.819645000	99.9449	87	0
1527929485.275648000	100.401	256	0
1527929485.276389000	100.402	148	0
1527929485.279651000	100.405	104	1
1527929485.281469000	100.407	92	0
1527929485.282137000	100.407	180	0
1527929485.285590000	100.411	101	1
1527929485.350026000	100.475	995	1
1527929485.350086000	100.475	260	1
1527929485.368495000	100.494	87	0
1527929485.673182000	100.798	235	0
1527929485.673871000	100.799	148	0
1527929485.676693000	100.802	104	1
1527929485.679575000	100.805	92	0
1527929485.681184000	100.806	110	0
1527929485.683655000	100.809	101	1
1527929485.929148000	101.054	586	1
1527929485.929223000	101.054	259	1
1527929485.949079000	101.074	87	0
1527929486.244022000	101.369	302	0
1527929486.244693000	101.37	148	0
1527929486.247701000	101.373	104	1
1527929486.249789000	101.375	92	0
1527929486.250483000	101.376	121	0
1527929486.253690000	101.379	101	1
1527929486.360356000	101.486	399	1
1527929486.360424000	101.486	262	1
1527929486.378426000	101.504	87	0
1527929486.676057000	101.801	235	0
1527929486.676767000	101.802	148	0
1527929486.679751000	101.805	104	1
1527929486.681293000	101.807	92	0
1527929486.682054000	101.807	294	0
1527929486.684642000	101.81	101	1
1527929486.842398000	101.968	389	1
1527929486.842493000	101.968	261	1
1527929486.860845000	101.986	87	0
1527929487.319114000	102.444	256	0
1527929487.319805000	102.445	148	0
1527929487.322760000	102.448	104	1
1527929487.323123000	102.448	92	0
1527929487.323798000	102.449	261	0
1527929487.326750000	102.452	101	1
1527929487.342939000	102.468	772	1
1527929487.343029000	102.468	262	1
1527929487.360967000	102.486	87	0
1527929487.651117000	102.776	260	0
1527929487.651726000	102.777	148	0
1527929487.654806000	102.78	104	1
1527929487.657935000	102.783	92	0
1527929487.658633000	102.784	179	0
1527929487.661769000	102.787	101	1
1527929487.780952000	102.906	388	1
1527929487.781047000	102.906	259	1
1527929487.798039000	102.923	87	0
1527929488.270510000	103.396	358	0
1527929488.271181000	103.396	148	0
1527929488.274835000	103.4	104	1
1527929488.275138000	103.4	92	0
1527929488.275817000	103.401	133	0
1527929488.278747000	103.404	101	1
1527929488.280852000	103.406	387	1
1527929488.280929000	103.406	258	1
1527929488.300588000	103.426	87	0
1527929488.594660000	103.72	237	0
1527929488.595277000	103.721	148	0
1527929488.598782000	103.724	104	1
1527929488.604207000	103.729	92	0
1527929488.604941000	103.73	158	0
1527929488.607822000	103.733	101	1
1527929489.004805000	104.13	369	1
1527929489.004889000	104.13	1412	1
1527929489.004915000	104.13	1412	1
1527929489.004956000	104.13	1412	1
1527929489.004983000	104.13	842	1
1527929489.024118000	104.149	87	0
1527929489.142791000	104.268	453	0
1527929489.146891000	104.272	101	1
1527929489.151679000	104.277	80	0
1527929489.155869000	104.281	98	1
1527929489.213215000	104.338	390	1
1527929489.213275000	104.339	261	1
1527929489.230584000	104.356	87	0
1527929489.691944000	104.817	256	0
1527929489.692636000	104.818	148	0
1527929489.695852000	104.821	104	1
1527929489.697482000	104.823	92	0
1527929489.698131000	104.823	149	0
1527929489.700874000	104.826	101	1
1527929490.079939000	105.205	388	1
1527929490.080023000	105.205	259	1
1527929490.097396000	105.223	87	0
1527929490.389910000	105.515	258	0
1527929490.390570000	105.516	148	0
1527929490.393884000	105.519	104	1
1527929490.395321000	105.521	92	0
1527929490.396015000	105.521	249	0
1527929490.398879000	105.524	101	1
1527929490.602909000	105.728	391	1
1527929490.602967000	105.728	258	1
1527929490.620219000	105.745	87	0
1527929490.625381000	105.751	87	0
1527929490.914282000	106.04	282	0
1527929490.914907000	106.04	148	0
1527929490.917967000	106.043	107	1
1527929490.919884000	106.045	92	0
1527929490.920583000	106.046	230	0
1527929490.923952000	106.049	101	1
1527929490.958096000	106.083	389	1
1527929490.958161000	106.083	259	1
1527929490.975635000	106.101	87	0
1527929491.265079000	106.39	258	0
1527929491.265702000	106.391	148	0
1527929491.269067000	106.394	104	1
1527929491.270832000	106.396	92	0
1527929491.271514000	106.397	95	0
1527929491.274976000	106.4	101	1
1527929491.432752000	106.558	995	1
1527929491.432842000	106.558	263	1
1527929491.450522000	106.576	87	0
1527929491.736837000	106.862	235	0
1527929491.737453000	106.863	148	0
1527929491.741045000	106.866	104	1
1527929491.742219000	106.867	92	0
1527929491.742945000	106.868	113	0
1527929491.746010000	106.871	101	1
1527929492.072417000	107.198	587	1
1527929492.072508000	107.198	260	1
1527929492.091942000	107.217	87	0
1527929492.383635000	107.509	258	0
1527929492.384245000	107.509	148	0
1527929492.387079000	107.512	104	1
1527929492.389150000	107.514	92	0
1527929492.389904000	107.515	280	0
1527929492.393027000	107.518	101	1
1527929492.492213000	107.617	401	1
1527929492.492309000	107.618	261	1
1527929492.509619000	107.635	87	0
1527929492.802044000	107.927	279	0
1527929492.802689000	107.928	148	0
1527929492.806089000	107.931	104	1
1527929492.807499000	107.933	92	0
1527929492.808142000	107.933	182	0
1527929492.811060000	107.936	101	1
1527929492.984369000	108.11	388	1
1527929492.984459000	108.11	263	1
1527929493.001259000	108.126	87	0
1527929493.012432000	108.138	87	0
1527929493.293793000	108.419	259	0
1527929493.294401000	108.42	148	0
1527929493.298107000	108.423	107	1
1527929493.300385000	108.426	92	0
1527929493.301074000	108.426	102	0
1527929493.304089000	108.429	101	1
1527929493.539698000	108.665	775	1
1527929493.539756000	108.665	263	1
1527929493.558295000	108.684	87	0
1527929493.849225000	108.974	235	0
1527929493.849886000	108.975	148	0
1527929493.853163000	108.978	104	1
1527929493.854228000	108.979	92	0
1527929493.854962000	108.98	272	0
1527929493.858116000	108.983	101	1
1527929494.112348000	109.238	388	1
1527929494.112406000	109.238	258	1
1527929494.129682000	109.255	87	0
1527929494.420356000	109.546	283	0
1527929494.420963000	109.546	148	0
1527929494.424188000	109.549	104	1
1527929494.425837000	109.551	92	0
1527929494.427021000	109.552	255	0
1527929494.429158000	109.554	101	1
1527929494.637664000	109.763	388	1
1527929494.637728000	109.763	261	1
1527929494.658062000	109.783	87	0
1527929494.669225000	109.794	87	0
1527929494.969800000	110.095	335	0
1527929494.970483000	110.096	148	0
1527929494.973188000	110.098	107	1
1527929494.975501000	110.101	92	0
1527929494.976304000	110.102	150	0
1527929494.979172000	110.104	101	1
1527929495.092452000	110.218	387	1
1527929495.092514000	110.218	258	1
1527929495.110502000	110.236	87	0
1527929495.405981000	110.531	260	0
1527929495.406680000	110.532	148	0
1527929495.410169000	110.535	104	1
1527929495.411770000	110.537	92	0
1527929495.412490000	110.538	136	0
1527929495.415157000	110.54	101	1
1527929495.577417000	110.703	392	1
1527929495.577478000	110.703	254	1
1527929495.591630000	110.717	100	0
1527929495.595124000	110.72	87	0
1527929495.595199000	110.72	98	1
1527929495.885825000	111.011	236	0
1527929495.886496000	111.012	148	0
1527929495.889223000	111.014	104	1
1527929495.890681000	111.016	92	0
1527929495.891371000	111.017	105	0
1527929495.894182000	111.019	101	1
1527929497.258783000	112.384	390	1
1527929497.258872000	112.384	258	1
1527929497.276588000	112.402	87	0
1527929497.281611000	112.407	87	0
1527929497.565905000	112.691	297	0
1527929497.567094000	112.692	148	0
1527929497.569346000	112.695	92	0
1527929497.570043000	112.695	315	0
1527929497.570092000	112.695	110	1
1527929497.574116000	112.699	98	1
1527929497.722439000	112.848	387	1
1527929497.722529000	112.848	260	1
1527929497.740014000	112.865	87	0
1527929498.032885000	113.158	258	0
1527929498.033503000	113.159	148	0
1527929498.037145000	113.162	104	1
1527929498.038149000	113.163	92	0
1527929498.038900000	113.164	123	0
1527929498.042130000	113.167	101	1
1527929498.632632000	113.758	388	1
1527929498.632716000	113.758	260	1
1527929498.652313000	113.778	87	0
1527929498.943787000	114.069	258	0
1527929498.944400000	114.07	148	0
1527929498.947166000	114.072	104	1
1527929498.950129000	114.075	92	0
1527929498.950838000	114.076	264	0
1527929498.954145000	114.079	101	1
1527929499.123320000	114.249	392	1
1527929499.123385000	114.249	258	1
1527929499.141052000	114.266	87	0
1527929499.146704000	114.272	87	0
1527929499.434871000	114.56	304	0
1527929499.435860000	114.561	148	0
1527929499.439168000	114.564	107	1
1527929499.440388000	114.566	92	0
1527929499.441136000	114.566	249	0
1527929499.444163000	114.569	101	1
1527929499.845614000	114.971	991	1
1527929499.845673000	114.971	258	1
1527929499.863905000	114.989	87	0
1527929500.154712000	115.28	259	0
1527929500.155397000	115.281	148	0
1527929500.158237000	115.283	104	1
1527929500.160215000	115.285	92	0
1527929500.160958000	115.286	165	0
1527929500.164203000	115.289	101	1
1527929500.309436000	115.435	589	1
1527929500.309495000	115.435	261	1
1527929500.326134000	115.451	87	0
1527929500.618620000	115.744	233	0
1527929500.619235000	115.744	148	0
1527929500.622276000	115.748	104	1
1527929500.623664000	115.749	92	0
1527929500.624357000	115.75	175	0
1527929500.627235000	115.752	101	1
1527929500.839079000	115.964	400	1
1527929500.839176000	115.964	261	1
1527929500.856240000	115.981	87	0
1527929501.139482000	116.265	258	0
1527929501.140105000	116.265	148	0
1527929501.143334000	116.269	104	1
1527929501.146133000	116.271	92	0
1527929501.147289000	116.273	305	0
1527929501.150319000	116.276	101	1
1527929501.215340000	116.341	388	1
