1527868558.396451000	0	296	1
1527868558.414489000	0.018038	87	0
1527868558.604742000	0.208291	325	0
1527868558.604979000	0.208528	1412	0
1527868558.605187000	0.208736	1412	0
1527868558.605395000	0.208944	1412	0
1527868558.605572000	0.209121	180	0
1527868558.606331000	0.20988	1412	0
1527868558.606617000	0.210166	1412	0
1527868558.606937000	0.210486	1412	0
1527868558.607116000	0.210665	188	0
1527868558.609450000	0.212999	1412	0
1527868558.609799000	0.213348	1412	0
1527868558.610008000	0.213557	1335	0
1527868558.610516000	0.214065	125	1
1527868558.612372000	0.215921	1412	0
1527868558.612645000	0.216194	1412	0
1527868558.612869000	0.216418	1412	0
1527868558.613050000	0.216599	188	0
1527868558.614109000	0.217658	104	1
1527868558.615185000	0.218734	1190	0
1527868558.621763000	0.225312	110	1
1527868558.641626000	0.245175	1412	0
1527868558.641824000	0.245373	1412	0
1527868558.642034000	0.245583	1412	0
1527868558.642210000	0.245759	198	0
1527868558.642445000	0.245994	1242	0
1527868558.644154000	0.247703	1412	0
1527868558.644358000	0.247907	252	0
1527868558.646620000	0.250169	1412	0
1527868558.646821000	0.25037	802	0
1527868558.647039000	0.250588	1412	0
1527868558.647332000	0.250881	995	0
1527868558.649136000	0.252685	125	1
1527868558.649694000	0.253243	1412	0
1527868558.649904000	0.253453	1412	0
1527868558.650369000	0.253918	1412	0
1527868558.650552000	0.254101	188	0
1527868558.651119000	0.254668	1412	0
1527868558.651301000	0.25485	170	0
1527868558.652137000	0.255686	116	1
1527868558.653285000	0.256834	1412	0
1527868558.653499000	0.257048	1412	0
1527868558.653709000	0.257258	1412	0
1527868558.653884000	0.257433	188	0
1527868558.654431000	0.25798	1412	0
1527868558.654611000	0.25816	153	0
1527868558.656098000	0.259647	113	1
1527868558.656662000	0.260211	1412	0
1527868558.656874000	0.260423	1412	0
1527868558.657183000	0.260732	1412	0
1527868558.657359000	0.260908	188	0
1527868558.657801000	0.26135	794	0
1527868558.659531000	0.26308	1412	0
1527868558.659816000	0.263365	1412	0
1527868558.660118000	0.263667	1412	0
1527868558.660296000	0.263845	188	0
1527868558.661082000	0.264631	663	0
1527868558.661254000	0.264803	125	1
1527868558.661272000	0.264821	243	0
1527868558.664118000	0.267667	98	1
1527868559.085090000	0.688639	366	1
1527868559.085176000	0.688725	1412	1
1527868559.085219000	0.688768	916	1
1527868559.090029000	0.693578	217	1
1527868559.100712000	0.704261	87	0
1527868559.108381000	0.71193	87	0
1527868559.271026000	0.874575	280	0
1527868559.271247000	0.874796	1412	0
1527868559.271549000	0.875098	1412	0
1527868559.271763000	0.875312	1412	0
1527868559.271935000	0.875484	186	0
1527868559.272183000	0.875732	1412	0
1527868559.272387000	0.875936	1412	0
1527868559.272734000	0.876283	1065	0
1527868559.274309000	0.877858	92	0
1527868559.275123000	0.878672	141	0
1527868559.278199000	0.881748	107	1
1527868559.281212000	0.884761	119	1
1527868559.385885000	0.989434	217	1
1527868559.404214000	1.00776	87	0
1527868559.442437000	1.04599	375	0
1527868559.445384000	1.04893	80	0
1527868559.450125000	1.05367	104	1
1527868559.530099000	1.13365	408	0
1527868559.530324000	1.13387	1116	0
1527868559.533180000	1.13673	92	0
1527868559.533767000	1.13732	101	1
1527868559.533960000	1.13751	170	0
1527868559.537248000	1.1408	101	1
1527868559.934556000	1.53811	394	1
1527868559.957028000	1.56058	87	0
1527868559.978167000	1.58172	324	0
1527868559.978371000	1.58192	360	0
1527868559.978576000	1.58212	286	0
1527868559.982359000	1.58591	107	1
1527868560.187885000	1.79143	244	1
1527868560.187949000	1.7915	144	1
1527868560.204966000	1.80852	87	0
1527868560.257835000	1.86138	756	1
1527868560.257925000	1.86147	190	1
1527868560.258246000	1.86179	1412	0
1527868560.258462000	1.86201	1412	0
1527868560.258977000	1.86253	1412	0
1527868560.259165000	1.86271	355	0
1527868560.259363000	1.86291	92	0
1527868560.259575000	1.86312	222	0
1527868560.261504000	1.86505	104	1
1527868560.264221000	1.86777	107	1
1527868560.274762000	1.87831	87	0
1527868560.402360000	2.00591	645	0
1527868560.402585000	2.00613	92	0
1527868560.402815000	2.00636	289	0
1527868560.405201000	2.00875	107	1
1527868561.074658000	2.67821	242	1
1527868561.088468000	2.69202	90	0
1527868561.091010000	2.69456	87	0
1527868561.091278000	2.69483	101	1
1527868561.092683000	2.69623	1412	1
1527868561.092716000	2.69626	913	1
1527868561.092783000	2.69633	843	1
1527868561.111387000	2.71494	87	0
1527868561.132378000	2.73593	527	0
1527868561.132602000	2.73615	100	0
1527868561.136297000	2.73985	104	1
1527868561.326299000	2.92985	325	0
1527868561.327030000	2.93058	1412	0
1527868561.327229000	2.93078	994	0
1527868561.329261000	2.93281	104	1
1527868561.329713000	2.93326	92	0
1527868561.332317000	2.93587	98	1
1527868561.368831000	2.97238	120	0
1527868561.371267000	2.97482	98	1
1527868562.079329000	3.68288	1361	1
1527868562.079435000	3.68298	1412	1
1527868562.079459000	3.68301	1412	1
1527868562.079492000	3.68304	1412	1
1527868562.079532000	3.68308	1412	1
1527868562.079577000	3.68313	1412	1
1527868562.079601000	3.68315	1412	1
1527868562.079652000	3.6832	1412	1
1527868562.079686000	3.68323	1412	1
1527868562.079722000	3.68327	1412	1
1527868562.079769000	3.68332	1412	1
1527868562.079792000	3.68334	1412	1
1527868562.079827000	3.68338	1412	1
1527868562.079857000	3.68341	1281	1
1527868562.096826000	3.70038	87	0
1527868562.099375000	3.70292	87	0
1527868562.103126000	3.70668	87	0
1527868562.302265000	3.90581	399	0
1527868562.305311000	3.90886	107	1
1527868562.307341000	3.91089	80	0
1527868562.322985000	3.92653	98	1
1527868564.326622000	5.93017	344	1
1527868564.326721000	5.93027	1412	1
1527868564.326759000	5.93031	989	1
1527868564.340002000	5.94355	251	1
1527868564.344519000	5.94807	87	0
1527868564.356018000	5.95957	87	0
1527868564.500796000	6.10435	397	0
1527868564.503945000	6.10749	80	0
1527868564.504196000	6.10774	107	1
1527868564.855155000	6.4587	602	0
1527868564.855341000	6.45889	308	0
1527868564.855559000	6.45911	294	0
1527868564.857134000	6.46068	121	1
1527868564.859214000	6.46276	249	1
1527868564.873854000	6.4774	87	0
1527868564.876445000	6.47999	87	0
1527868565.380459000	6.98401	824	0
1527868565.380673000	6.98422	1412	0
1527868565.380883000	6.98443	1412	0
1527868565.381096000	6.98464	1412	0
1527868565.381274000	6.98482	180	0
1527868565.381512000	6.98506	1412	0
1527868565.381721000	6.98527	1350	0
1527868565.383230000	6.98678	122	1
1527868565.397467000	7.00102	1412	0
1527868565.397656000	7.0012	1412	0
1527868565.397987000	7.00154	1412	0
1527868565.398173000	7.00172	188	0
1527868565.398411000	7.00196	1220	0
1527868565.399436000	7.00299	1412	0
1527868565.399739000	7.00329	1412	0
1527868565.400060000	7.00361	1412	0
1527868565.400183000	7.00373	119	1
1527868565.400216000	7.00377	188	0
1527868565.400458000	7.00401	84	0
1527868565.400916000	7.00447	1412	0
1527868565.401116000	7.00466	741	0
1527868565.403152000	7.0067	107	1
1527868565.424229000	7.02778	1412	0
1527868565.424423000	7.02797	1412	0
1527868565.424686000	7.02823	1412	0
1527868565.424864000	7.02841	198	0
1527868565.425106000	7.02866	791	0
1527868565.427196000	7.03075	110	1
1527868565.427963000	7.03151	1412	0
1527868565.428224000	7.03177	1412	0
1527868565.428539000	7.03209	1412	0
1527868565.428715000	7.03226	188	0
1527868565.430177000	7.03373	84	0
1527868565.430281000	7.03383	107	1
1527868565.430464000	7.03401	972	0
1527868565.433177000	7.03673	101	1
1527868565.433823000	7.03737	1412	0
1527868565.434038000	7.03759	1412	0
1527868565.434356000	7.0379	1412	0
1527868565.434522000	7.03807	180	0
1527868565.434766000	7.03832	1412	0
1527868565.434936000	7.03849	188	0
1527868565.436158000	7.03971	113	1
1527868565.439029000	7.04258	1412	0
1527868565.439233000	7.04278	1412	0
1527868565.439439000	7.04299	1412	0
1527868565.439617000	7.04317	188	0
1527868565.439851000	7.0434	1200	0
1527868565.442181000	7.04573	110	1
1527868565.443623000	7.04717	1412	0
1527868565.443832000	7.04738	1412	0
1527868565.444508000	7.04806	1412	0
1527868565.444687000	7.04824	188	0
1527868565.444913000	7.04846	963	0
1527868565.445136000	7.04869	1412	0
1527868565.445343000	7.04889	1308	0
1527868565.445538000	7.04909	759	0
1527868565.446275000	7.04982	119	1
1527868565.448646000	7.0522	1412	0
1527868565.448845000	7.05239	1324	0
1527868565.449196000	7.05275	1412	0
1527868565.449497000	7.05305	1412	0
1527868565.449676000	7.05323	352	0
1527868565.449879000	7.05343	265	0
1527868565.451147000	7.0547	113	1
1527868566.859093000	8.46264	306	1
1527868566.859169000	8.46272	144	1
1527868566.875396000	8.47895	87	0
1527868566.926427000	8.52998	1412	0
1527868566.926620000	8.53017	1412	0
1527868566.926890000	8.53044	1412	0
1527868566.927082000	8.53063	656	0
1527868566.927274000	8.53082	240	0
1527868566.930598000	8.53415	113	1
1527868567.998079000	9.60163	375	1
1527868567.998172000	9.60172	294	1
1527868568.000665000	9.60421	299	1
1527868568.000741000	9.60429	1412	1
1527868568.000767000	9.60432	1412	1
1527868568.000808000	9.60436	999	1
1527868568.015815000	9.61936	87	0
1527868568.019829000	9.62338	87	0
1527868568.044177000	9.64773	396	1
1527868568.060778000	9.66433	87	0
1527868568.217944000	9.82149	1412	1
1527868568.217986000	9.82154	1412	1
1527868568.218010000	9.82156	257	1
1527868568.218072000	9.82162	844	1
1527868568.235297000	9.83885	87	0
1527868568.241734000	9.84528	372	0
1527868568.241913000	9.84546	103	0
1527868568.244343000	9.84789	107	1
1527868568.246403000	9.84995	206	0
1527868568.249346000	9.8529	98	1
1527868568.261002000	9.86455	460	0
1527868568.261243000	9.86479	289	0
1527868568.264334000	9.86788	101	1
1527868568.394571000	9.99812	290	0
1527868568.394842000	9.99839	1400	0
1527868568.396122000	9.99967	513	0
1527868568.397144000	10.0007	592	0
1527868568.398339000	10.0019	107	1
1527868568.398991000	10.0025	635	0
1527868568.400659000	10.0042	467	0
1527868568.401317000	10.0049	101	1
1527868568.401598000	10.0051	697	0
1527868568.403155000	10.0067	484	0
1527868568.404319000	10.0079	101	1
1527868568.404892000	10.0084	835	0
1527868568.407065000	10.0106	649	0
1527868568.407312000	10.0109	101	1
1527868568.408151000	10.0117	519	0
1527868568.410228000	10.0138	439	0
1527868568.410322000	10.0139	101	1
1527868568.413022000	10.0166	701	0
1527868568.413463000	10.017	616	0
1527868568.415320000	10.0189	101	1
1527868568.415851000	10.0194	558	0
1527868568.417907000	10.0215	664	0
1527868568.418318000	10.0219	101	1
1527868568.419715000	10.0233	583	0
1527868568.419929000	10.0235	689	0
1527868568.422317000	10.0259	101	1
1527868568.435311000	10.0389	102	0
1527868568.436387000	10.0399	249	0
1527868568.438349000	10.0419	101	1
1527868568.458694000	10.0622	383	0
1527868568.461460000	10.065	98	1
1527868568.464218000	10.0678	80	0
1527868568.467365000	10.0709	98	1
1527868568.954012000	10.5576	986	1
1527868568.954088000	10.5576	109	1
1527868568.967388000	10.5709	299	1
1527868568.969651000	10.5732	473	1
1527868568.969712000	10.5733	87	1
1527868568.971334000	10.5749	87	0
1527868568.984166000	10.5877	87	0
1527868569.159017000	10.7626	331	0
1527868569.159215000	10.7628	140	0
1527868569.161547000	10.7651	107	1
1527868569.162622000	10.7662	92	0
1527868569.163040000	10.7666	186	0
1527868569.165385000	10.7689	101	1
1527868569.328810000	10.9324	277	0
1527868569.329004000	10.9326	151	0
1527868569.331394000	10.9349	101	1
1527868569.333794000	10.9373	92	0
1527868569.334005000	10.9376	308	0
1527868569.361450000	10.965	92	0
1527868569.390049000	10.9936	82	0
1527868569.400667000	11.0042	101	1
1527868569.403411000	11.007	101	1
1527868569.423687000	11.0272	245	0
1527868569.423877000	11.0274	103	0
1527868569.426399000	11.0299	101	1
1527868569.429007000	11.0326	92	0
1527868569.429200000	11.0327	151	0
1527868569.431443000	11.035	101	1
1527868570.142927000	11.7465	389	1
1527868570.142988000	11.7465	259	1
1527868570.161662000	11.7652	87	0
1527868570.255288000	11.8588	415	1
1527868570.255373000	11.8589	94	1
1527868570.272109000	11.8757	87	0
1527868570.627774000	12.2313	259	0
1527868570.627974000	12.2315	366	0
1527868570.630456000	12.234	107	1
1527868570.631288000	12.2348	190	0
1527868570.633651000	12.2372	98	1
1527868570.874677000	12.4782	367	1
1527868570.874810000	12.4784	1412	1
1527868570.874834000	12.4784	1412	1
1527868570.874873000	12.4784	1412	1
1527868570.874895000	12.4784	1412	1
1527868570.874925000	12.4785	1412	1
1527868570.874970000	12.4785	1412	1
1527868570.875032000	12.4786	1412	1
1527868570.875068000	12.4786	1412	1
1527868570.875102000	12.4787	1412	1
1527868570.875138000	12.4787	1412	1
1527868570.875176000	12.4787	1412	1
1527868570.875226000	12.4788	1412	1
1527868570.875250000	12.4788	1412	1
1527868570.876482000	12.48	1412	1
1527868570.876506000	12.4801	1412	1
1527868570.876529000	12.4801	1412	1
1527868570.876566000	12.4801	1412	1
1527868570.876599000	12.4801	1412	1
1527868570.876640000	12.4802	1412	1
1527868570.876692000	12.4802	1412	1
1527868570.878469000	12.482	1412	1
1527868570.878506000	12.4821	1412	1
1527868570.878540000	12.4821	1412	1
1527868570.878576000	12.4821	1412	1
1527868570.878612000	12.4822	1412	1
1527868570.878647000	12.4822	1412	1
1527868570.878683000	12.4822	1412	1
1527868570.880485000	12.484	1412	1
1527868570.880511000	12.4841	1412	1
1527868570.880579000	12.4841	1412	1
1527868570.880602000	12.4842	1412	1
1527868570.880625000	12.4842	1412	1
1527868570.880675000	12.4842	1412	1
1527868570.882480000	12.486	779	1
1527868570.890844000	12.4944	100	0
1527868570.893467000	12.497	98	1
1527868570.894981000	12.4985	87	0
1527868570.896514000	12.5001	87	0
1527868570.898989000	12.5025	87	0
1527868571.097819000	12.7014	394	0
1527868571.100490000	12.704	107	1
1527868571.104622000	12.7082	80	0
1527868571.107491000	12.711	98	1
1527868571.173833000	12.7774	310	0
1527868571.173981000	12.7775	146	0
1527868571.176584000	12.7801	101	1
1527868571.177968000	12.7815	92	0
1527868571.178142000	12.7817	161	0
1527868571.180503000	12.7841	101	1
1527868571.247113000	12.8507	357	1
1527868571.247705000	12.8513	292	1
1527868571.263666000	12.8672	87	0
1527868571.310011000	12.9136	375	1
1527868571.326803000	12.9304	87	0
1527868571.354340000	12.9579	302	0
1527868571.355489000	12.959	118	0
1527868571.357511000	12.9611	107	1
1527868571.358325000	12.9619	92	0
1527868571.358705000	12.9623	304	0
1527868571.361504000	12.9651	101	1
1527868571.381584000	12.9851	386	1
1527868571.381670000	12.9852	289	1
1527868571.397630000	13.0012	87	0
1527868571.490344000	13.0939	558	0
1527868571.490918000	13.0945	802	0
1527868571.491823000	13.0954	92	0
1527868571.493508000	13.0971	107	1
1527868571.507492000	13.111	170	0
1527868571.510538000	13.1141	98	1
1527868571.569849000	13.1734	289	0
1527868571.570038000	13.1736	146	0
1527868571.572522000	13.1761	101	1
1527868571.575510000	13.1791	92	0
1527868571.575775000	13.1793	127	0
1527868571.578529000	13.1821	101	1
1527868571.668507000	13.2721	243	0
1527868571.668701000	13.2722	280	0
1527868571.671556000	13.2751	101	1
1527868571.675012000	13.2786	92	0
1527868571.675383000	13.2789	138	0
1527868571.677548000	13.2811	101	1
1527868571.728774000	13.3323	1412	1
1527868571.728840000	13.3324	375	1
1527868571.744943000	13.3485	87	0
1527868571.842543000	13.4461	911	1
1527868571.842627000	13.4462	259	1
1527868571.863447000	13.467	87	0
1527868571.864969000	13.4685	877	0
1527868571.867630000	13.4712	104	1
1527868572.113605000	13.7172	267	0
1527868572.113816000	13.7174	146	0
1527868572.116624000	13.7202	101	1
1527868572.117896000	13.7214	92	0
1527868572.118120000	13.7217	293	0
1527868572.120631000	13.7242	101	1
1527868574.345605000	15.9492	390	1
1527868574.345690000	15.9492	254	1
1527868574.362692000	15.9662	87	0
1527868574.518922000	16.1225	256	0
1527868574.519047000	16.1226	146	0
1527868574.521764000	16.1253	104	1
1527868574.523115000	16.1267	92	0
1527868574.523305000	16.1269	266	0
1527868574.525745000	16.1293	101	1
1527868574.614883000	16.2184	384	1
1527868574.614975000	16.2185	254	1
1527868574.631180000	16.2347	87	0
1527868574.760024000	16.3636	235	0
1527868574.760211000	16.3638	146	0
1527868574.762713000	16.3663	104	1
1527868574.765011000	16.3686	92	0
1527868574.765426000	16.369	332	0
1527868574.767723000	16.3713	101	1
1527868574.837091000	16.4406	389	1
1527868574.837151000	16.4407	255	1
1527868574.864349000	16.4679	87	0
1527868574.976741000	16.5803	259	0
1527868574.976855000	16.5804	146	0
1527868574.979794000	16.5833	104	1
1527868574.982290000	16.5858	92	0
1527868574.982541000	16.5861	265	0
1527868574.984768000	16.5883	101	1
1527868575.054970000	16.6585	391	1
1527868575.055064000	16.6586	256	1
1527868575.071862000	16.6754	87	0
1527868575.240672000	16.8442	233	0
1527868575.240863000	16.8444	146	0
1527868575.243743000	16.8473	104	1
1527868575.244322000	16.8479	92	0
1527868575.244739000	16.8483	284	0
1527868575.246718000	16.8503	101	1
1527868575.415451000	17.019	387	1
1527868575.415546000	17.0191	257	1
1527868575.432768000	17.0363	87	0
1527868575.537748000	17.1413	298	0
1527868575.537923000	17.1415	146	0
1527868575.540796000	17.1443	104	1
1527868575.542212000	17.1458	92	0
1527868575.542373000	17.1459	148	0
1527868575.544822000	17.1484	101	1
1527868575.726622000	17.3302	385	1
1527868575.726683000	17.3302	256	1
1527868575.743975000	17.3475	87	0
1527868575.860206000	17.4638	326	0
1527868575.860394000	17.4639	148	0
1527868575.862752000	17.4663	104	1
1527868575.865348000	17.4689	92	0
1527868575.865559000	17.4691	180	0
1527868575.867771000	17.4713	101	1
1527868576.196536000	17.8001	388	1
1527868576.196626000	17.8002	262	1
1527868576.212218000	17.8158	87	0
1527868576.371726000	17.9753	233	0
1527868576.371831000	17.9754	148	0
1527868576.374864000	17.9784	104	1
1527868576.375951000	17.9795	92	0
1527868576.376345000	17.9799	184	0
1527868576.378858000	17.9824	101	1
1527868576.661965000	18.2655	385	1
1527868576.662054000	18.2656	262	1
1527868576.679069000	18.2826	87	0
1527868576.773574000	18.3771	235	0
1527868576.773699000	18.3772	148	0
1527868576.776887000	18.3804	104	1
1527868576.777481000	18.381	92	0
1527868576.777641000	18.3812	272	0
1527868576.779879000	18.3834	101	1
1527868576.884064000	18.4876	386	1
1527868576.884147000	18.4877	257	1
1527868576.900673000	18.5042	87	0
1527868577.014641000	18.6182	262	0
1527868577.014760000	18.6183	148	0
1527868577.017900000	18.6214	104	1
1527868577.019746000	18.6233	92	0
1527868577.020609000	18.6242	126	0
1527868577.022885000	18.6264	101	1
1527868577.332107000	18.9357	385	1
1527868577.332194000	18.9357	255	1
1527868577.348388000	18.9519	87	0
1527868577.443963000	19.0475	279	0
1527868577.444146000	19.0477	148	0
1527868577.446931000	19.0505	104	1
1527868577.448272000	19.0518	92	0
1527868577.448416000	19.052	266	0
1527868577.450908000	19.0545	101	1
1527868577.556356000	19.1599	387	1
1527868577.556494000	19.16	258	1
1527868577.573101000	19.1767	87	0
1527868577.659082000	19.2626	233	0
1527868577.659276000	19.2628	148	0
1527868577.661935000	19.2655	104	1
1527868577.665076000	19.2686	92	0
1527868577.665707000	19.2693	160	0
1527868577.667938000	19.2715	101	1
1527868578.049920000	19.6535	986	1
1527868578.050007000	19.6536	257	1
1527868578.066290000	19.6698	87	0
1527868578.171468000	19.775	258	0
1527868578.171654000	19.7752	148	0
1527868578.173920000	19.7775	104	1
1527868578.174588000	19.7781	92	0
1527868578.174976000	19.7785	160	0
1527868578.176894000	19.7804	101	1
1527868578.260238000	19.8638	978	1
1527868578.260298000	19.8638	258	1
1527868578.276811000	19.8804	87	0
1527868578.380195000	19.9837	237	0
1527868578.380319000	19.9839	148	0
1527868578.382973000	19.9865	104	1
1527868578.386566000	19.9901	92	0
1527868578.388027000	19.9916	121	0
1527868578.388883000	19.9924	101	1
1527868578.920311000	20.5239	387	1
1527868578.920372000	20.5239	255	1
1527868578.937159000	20.5407	87	0
1527868579.210826000	20.8144	331	0
1527868579.210941000	20.8145	148	0
1527868579.214042000	20.8176	104	1
1527868579.217817000	20.8214	92	0
1527868579.217968000	20.8215	307	0
1527868579.220946000	20.8245	101	1
1527868579.349297000	20.9528	386	1
1527868579.349370000	20.9529	257	1
1527868579.366720000	20.9703	87	0
1527868579.563161000	21.1667	267	0
1527868579.563412000	21.167	148	0
1527868579.565961000	21.1695	104	1
1527868579.566463000	21.17	92	0
1527868579.566676000	21.1702	130	0
1527868579.568962000	21.1725	101	1
1527868579.771320000	21.3749	385	1
1527868579.771410000	21.375	258	1
1527868579.787537000	21.3911	87	0
1527868579.938617000	21.5422	255	0
1527868579.938807000	21.5424	148	0
1527868579.941997000	21.5455	104	1
1527868579.942696000	21.5462	92	0
1527868579.943970000	21.5475	312	0
1527868579.944997000	21.5485	101	1
1527868580.241670000	21.8452	384	1
1527868580.241732000	21.8453	257	1
1527868580.258195000	21.8617	87	0
1527868580.446012000	22.0496	235	0
1527868580.446128000	22.0497	148	0
1527868580.449044000	22.0526	104	1
1527868580.449934000	22.0535	92	0
1527868580.450084000	22.0536	255	0
1527868580.453044000	22.0566	101	1
1527868580.772378000	22.3759	389	1
1527868580.772467000	22.376	261	1
1527868580.797931000	22.4015	87	0
1527868580.907924000	22.5115	256	0
1527868580.908046000	22.5116	148	0
1527868580.911085000	22.5146	104	1
1527868580.913973000	22.5175	92	0
1527868580.914123000	22.5177	220	0
1527868580.917059000	22.5206	101	1
1527868581.072600000	22.6761	385	1
1527868581.072658000	22.6762	258	1
1527868581.088995000	22.6925	87	0
1527868581.205648000	22.8092	236	0
1527868581.205770000	22.8093	148	0
1527868581.208087000	22.8116	104	1
1527868581.209779000	22.8133	92	0
1527868581.210126000	22.8137	190	0
1527868581.212069000	22.8156	101	1
1527868581.823005000	23.4266	386	1
1527868581.823103000	23.4267	258	1
1527868581.839099000	23.4426	87	0
1527868582.014871000	23.6184	320	0
1527868582.014985000	23.6185	148	0
1527868582.018077000	23.6216	92	0
1527868582.018137000	23.6217	104	1
1527868582.018284000	23.6218	161	0
1527868582.021134000	23.6247	101	1
1527868582.087175000	23.6907	388	1
1527868582.087263000	23.6908	256	1
1527868582.103536000	23.7071	87	0
1527868582.202676000	23.8062	303	0
1527868582.202824000	23.8064	148	0
1527868582.205196000	23.8087	104	1
1527868582.207535000	23.8111	92	0
1527868582.207950000	23.8115	308	0
1527868582.210181000	23.8137	101	1
1527868582.298462000	23.902	388	1
1527868582.298545000	23.9021	259	1
1527868582.314936000	23.9185	87	0
1527868582.468900000	24.0724	233	0
1527868582.469095000	24.0726	148	0
1527868582.472141000	24.0757	104	1
1527868582.473817000	24.0774	92	0
1527868582.473896000	24.0774	209	0
1527868582.476172000	24.0797	101	1
1527868582.500635000	24.1042	92	0
1527868582.503121000	24.1067	98	1
1527868585.316746000	26.9203	384	1
1527868585.316822000	26.9204	261	1
1527868585.333417000	26.937	87	0
1527868585.486854000	27.0904	256	0
1527868585.486992000	27.0905	148	0
1527868585.489395000	27.0929	104	1
1527868585.491862000	27.0954	92	0
1527868585.492014000	27.0956	85	0
1527868585.494393000	27.0979	101	1
1527868585.592356000	27.1959	989	1
1527868585.592419000	27.196	270	1
1527868585.609072000	27.2126	87	0
1527868585.703361000	27.3069	237	0
1527868585.703476000	27.307	148	0
1527868585.706400000	27.3099	104	1
1527868585.707463000	27.311	92	0
1527868585.707620000	27.3112	124	0
1527868585.710388000	27.3139	101	1
1527868585.854813000	27.4584	981	1
1527868585.854877000	27.4584	257	1
1527868585.871363000	27.4749	87	0
1527868586.018152000	27.6217	302	0
1527868586.018296000	27.6218	148	0
1527868586.021406000	27.625	104	1
1527868586.022376000	27.6259	92	0
1527868586.022905000	27.6265	166	0
1527868586.025401000	27.629	101	1
1527868586.139560000	27.7431	387	1
1527868586.139654000	27.7432	258	1
1527868586.156414000	27.76	87	0
1527868586.334332000	27.9379	235	0
1527868586.334573000	27.9381	148	0
1527868586.337355000	27.9409	104	1
1527868586.338269000	27.9418	92	0
1527868586.338622000	27.9422	97	0
1527868586.341360000	27.9449	101	1
1527868586.655983000	28.2595	385	1
1527868586.656048000	28.2596	261	1
1527868586.672045000	28.2756	87	0
1527868586.767167000	28.3707	235	0
1527868586.767291000	28.3708	148	0
1527868586.770458000	28.374	104	1
1527868586.771568000	28.3751	92	0
1527868586.771887000	28.3754	117	0
1527868586.774442000	28.378	101	1
1527868587.027800000	28.6313	385	1
1527868587.027877000	28.6314	261	1
1527868587.045060000	28.6486	87	0
1527868587.205048000	28.8086	256	0
1527868587.205218000	28.8088	148	0
1527868587.208501000	28.8121	104	1
1527868587.209244000	28.8128	92	0
1527868587.209402000	28.813	113	0
1527868587.212413000	28.816	101	1
1527868587.517544000	29.1211	385	1
1527868587.517627000	29.1212	259	1
1527868587.533673000	29.1372	87	0
1527868587.636413000	29.24	309	0
1527868587.636631000	29.2402	148	0
1527868587.639432000	29.243	104	1
1527868587.641491000	29.245	92	0
1527868587.641710000	29.2453	322	0
1527868587.644426000	29.248	101	1
1527868587.804651000	29.4082	386	1
1527868587.804727000	29.4083	257	1
1527868587.821144000	29.4247	87	0
1527868587.987260000	29.5908	290	0
1527868587.987380000	29.5909	148	0
1527868587.990527000	29.5941	104	1
1527868587.991996000	29.5955	92	0
1527868587.992484000	29.596	171	0
1527868587.994532000	29.5981	101	1
1527868588.148813000	29.7524	385	1
1527868588.148910000	29.7525	257	1
1527868588.164892000	29.7684	87	0
1527868588.310787000	29.9143	233	0
1527868588.310931000	29.9145	148	0
1527868588.313608000	29.9172	104	1
1527868588.315502000	29.9191	92	0
1527868588.315680000	29.9192	274	0
1527868588.318548000	29.9221	101	1
1527868588.387690000	29.9912	385	1
1527868588.387754000	29.9913	259	1
1527868588.404338000	30.0079	87	0
1527868588.526712000	30.1303	235	0
1527868588.526877000	30.1304	148	0
1527868588.529564000	30.1331	104	1
1527868588.530898000	30.1344	92	0
1527868588.531055000	30.1346	322	0
1527868588.533547000	30.1371	101	1
1527868588.777862000	30.3814	389	1
1527868588.777934000	30.3815	256	1
1527868588.795087000	30.3986	87	0
1527868588.995628000	30.5992	256	0
1527868588.995775000	30.5993	148	0
1527868588.998604000	30.6022	104	1
1527868589.003454000	30.607	92	0
1527868589.003754000	30.6073	87	0
1527868589.006502000	30.6101	101	1
1527868589.027983000	30.6315	389	1
1527868589.028076000	30.6316	262	1
1527868589.044727000	30.6483	87	0
1527868589.223570000	30.8271	233	0
1527868589.223776000	30.8273	148	0
1527868589.226600000	30.8301	104	1
1527868589.228790000	30.8323	92	0
1527868589.229153000	30.8327	95	0
1527868589.231588000	30.8351	101	1
1527868589.338918000	30.9425	387	1
1527868589.338978000	30.9425	259	1
1527868589.355382000	30.9589	87	0
1527868589.513294000	31.1168	298	0
1527868589.513469000	31.117	148	0
1527868589.516528000	31.1201	104	1
1527868589.519353000	31.1229	92	0
1527868589.519561000	31.1231	155	0
1527868589.522614000	31.1262	101	1
1527868589.868002000	31.4716	989	1
1527868589.868094000	31.4716	260	1
1527868589.894896000	31.4984	87	0
1527868590.052049000	31.6556	326	0
1527868590.052257000	31.6558	148	0
1527868590.054662000	31.6582	104	1
1527868590.055988000	31.6595	92	0
1527868590.056392000	31.6599	218	0
1527868590.058647000	31.6622	101	1
1527868590.179015000	31.7826	977	1
1527868590.179119000	31.7827	260	1
1527868590.196495000	31.8	87	0
1527868590.367219000	31.9708	237	0
1527868590.367368000	31.9709	148	0
1527868590.370655000	31.9742	104	1
1527868590.373614000	31.9772	92	0
1527868590.373806000	31.9774	186	0
1527868590.376643000	31.9802	101	1
1527868590.648782000	32.2523	390	1
1527868590.648865000	32.2524	257	1
1527868590.666465000	32.27	87	0
1527868590.784461000	32.388	235	0
1527868590.784574000	32.3881	148	0
1527868590.787686000	32.3912	104	1
1527868590.788520000	32.3921	92	0
1527868590.788930000	32.3925	94	0
1527868590.791673000	32.3952	101	1
1527868591.064827000	32.6684	386	1
1527868591.064996000	32.6685	257	1
1527868591.081093000	32.6846	87	0
1527868591.214676000	32.8182	260	0
1527868591.215158000	32.8187	148	0
1527868591.217713000	32.8213	104	1
1527868591.218965000	32.8225	92	0
1527868591.219327000	32.8229	221	0
1527868591.221717000	32.8253	101	1
1527868591.553020000	33.1566	384	1
1527868591.553078000	33.1566	260	1
1527868591.568909000	33.1725	87	0
1527868591.673446000	33.277	282	0
1527868591.673594000	33.2771	148	0
1527868591.676747000	33.2803	104	1
1527868591.677886000	33.2814	92	0
1527868591.678838000	33.2824	258	0
1527868591.680726000	33.2843	101	1
1527868592.816331000	34.4199	386	1
1527868592.816428000	34.42	257	1
1527868592.833758000	34.4373	87	0
1527868592.848603000	34.4522	87	0
1527868592.979011000	34.5826	258	0
1527868592.979202000	34.5828	148	0
1527868592.981800000	34.5853	107	1
1527868592.983982000	34.5875	92	0
1527868592.984362000	34.5879	304	0
1527868592.986806000	34.5904	101	1
1527868593.305051000	34.9086	385	1
1527868593.305110000	34.9087	260	1
1527868593.320790000	34.9243	87	0
1527868593.437784000	35.0413	232	0
1527868593.437933000	35.0415	148	0
1527868593.440820000	35.0444	104	1
1527868593.442785000	35.0463	92	0
1527868593.443106000	35.0467	114	0
1527868593.445821000	35.0494	101	1
1527868593.538249000	35.1418	384	1
1527868593.538341000	35.1419	257	1
1527868593.555395000	35.1589	87	0
1527868593.678263000	35.2818	233	0
1527868593.678395000	35.2819	148	0
1527868593.680841000	35.2844	104	1
1527868593.682320000	35.2859	92	0
1527868593.682698000	35.2862	206	0
1527868593.684836000	35.2884	101	1
1527868593.775937000	35.3795	385	1
1527868593.776000000	35.3795	256	1
1527868593.792983000	35.3965	87	0
1527868593.970089000	35.5736	333	0
1527868593.970334000	35.5739	148	0
1527868593.972864000	35.5764	104	1
1527868593.974762000	35.5783	92	0
1527868593.975569000	35.5791	279	0
1527868593.977855000	35.5814	101	1
1527868594.355861000	35.9594	368	1
1527868594.355958000	35.9595	1412	1
1527868594.355982000	35.9595	1412	1
1527868594.356020000	35.9596	1412	1
1527868594.356051000	35.9596	1392	1
1527868594.374417000	35.978	87	0
1527868594.475996000	36.0795	389	0
1527868594.478898000	36.0824	101	1
1527868594.482488000	36.086	80	0
1527868594.484892000	36.0884	98	1
1527868594.659120000	36.2627	387	1
1527868594.659188000	36.2627	256	1
1527868594.676580000	36.2801	87	0
1527868594.825234000	36.4288	288	0
1527868594.825348000	36.4289	148	0
1527868594.827931000	36.4315	104	1
1527868594.831074000	36.4346	92	0
1527868594.831520000	36.4351	213	0
1527868594.833900000	36.4374	101	1
1527868594.989657000	36.5932	388	1
1527868594.989731000	36.5933	261	1
1527868595.005956000	36.6095	87	0
1527868595.171639000	36.7752	237	0
1527868595.171766000	36.7753	148	0
1527868595.174924000	36.7785	104	1
1527868595.176381000	36.7799	92	0
1527868595.176796000	36.7803	265	0
1527868595.178869000	36.7824	101	1
1527868595.420122000	37.0237	988	1
1527868595.420216000	37.0238	256	1
1527868595.436215000	37.0398	87	0
1527868595.550991000	37.1545	233	0
1527868595.551186000	37.1547	148	0
1527868595.553870000	37.1574	104	1
1527868595.556526000	37.1601	92	0
1527868595.556734000	37.1603	104	0
1527868595.558926000	37.1625	101	1
1527868595.762632000	37.3662	977	1
1527868595.762726000	37.3663	261	1
1527868595.780044000	37.3836	87	0
1527868595.872678000	37.4762	323	0
1527868595.872822000	37.4764	148	0
1527868595.875969000	37.4795	104	1
1527868595.876681000	37.4802	92	0
1527868595.877149000	37.4807	296	0
1527868595.878958000	37.4825	101	1
1527868596.001378000	37.6049	390	1
1527868596.001449000	37.605	260	1
1527868596.016815000	37.6204	87	0
1527868596.192463000	37.796	302	0
1527868596.192660000	37.7962	148	0
1527868596.194984000	37.7985	104	1
1527868596.196845000	37.8004	92	0
1527868596.197200000	37.8007	202	0
1527868596.199978000	37.8035	101	1
1527868596.385179000	37.9887	387	1
1527868596.385265000	37.9888	259	1
1527868596.401384000	38.0049	87	0
1527868596.490628000	38.0942	235	0
1527868596.490739000	38.0943	148	0
1527868596.494026000	38.0976	104	1
1527868596.496550000	38.1001	92	0
1527868596.496705000	38.1003	290	0
1527868596.499006000	38.1026	101	1
1527868596.657342000	38.2609	385	1
1527868596.657434000	38.261	260	1
1527868596.674331000	38.2779	87	0
1527868596.789002000	38.3926	233	0
1527868596.789198000	38.3927	148	0
1527868596.792036000	38.3956	104	1
1527868596.794043000	38.3976	92	0
1527868596.794377000	38.3979	133	0
1527868596.797034000	38.4006	101	1
1527868597.088618000	38.6922	388	1
1527868597.088710000	38.6923	263	1
1527868597.105154000	38.7087	87	0
1527868597.216752000	38.8203	262	0
1527868597.216872000	38.8204	148	0
1527868597.220040000	38.8236	104	1
1527868597.220269000	38.8238	92	0
1527868597.220749000	38.8243	163	0
1527868597.223022000	38.8266	101	1
1527868597.548327000	39.1519	385	1
1527868597.548386000	39.1519	260	1
1527868597.565159000	39.1687	87	0
1527868597.645755000	39.2493	281	0
1527868597.645887000	39.2494	148	0
1527868597.649042000	39.2526	104	1
1527868597.650185000	39.2537	92	0
1527868597.650604000	39.2542	258	0
1527868597.653024000	39.2566	101	1
1527868597.898357000	39.5019	388	1
1527868597.898423000	39.502	258	1
1527868597.914378000	39.5179	87	0
1527868598.020800000	39.6243	259	0
1527868598.020969000	39.6245	148	0
1527868598.024082000	39.6276	104	1
1527868598.027892000	39.6314	92	0
1527868598.028923000	39.6325	119	0
1527868598.031033000	39.6346	101	1
1527868598.198464000	39.802	389	1
1527868598.198531000	39.8021	257	1
1527868598.214867000	39.8184	87	0
1527868598.342231000	39.9458	235	0
1527868598.342600000	39.9461	148	0
1527868598.345038000	39.9486	104	1
1527868598.346997000	39.9505	92	0
1527868598.347426000	39.951	117	0
1527868598.350028000	39.9536	101	1
1527868598.558372000	40.1619	385	1
1527868598.558464000	40.162	257	1
1527868598.575931000	40.1795	87	0
1527868598.693782000	40.2973	235	0
1527868598.693916000	40.2975	148	0
1527868598.697087000	40.3006	104	1
1527868598.697417000	40.301	92	0
1527868598.697864000	40.3014	119	0
1527868598.700063000	40.3036	101	1
1527868601.080464000	42.684	385	1
1527868601.080533000	42.6841	257	1
1527868601.097459000	42.701	87	0
1527868601.199001000	42.8026	328	0
1527868601.199156000	42.8027	148	0
1527868601.201469000	42.805	104	1
1527868601.202848000	42.8064	92	0
1527868601.203261000	42.8068	239	0
1527868601.205452000	42.809	101	1
1527868601.428802000	43.0324	387	1
1527868601.428895000	43.0324	256	1
1527868601.445568000	43.0491	87	0
1527868601.596319000	43.1999	233	0
1527868601.596450000	43.2	148	0
1527868601.599486000	43.203	104	1
1527868601.600853000	43.2044	92	0
1527868601.601292000	43.2048	116	0
1527868601.603484000	43.207	101	1
1527868602.149114000	43.7527	985	1
1527868602.149207000	43.7528	257	1
1527868602.165239000	43.7688	87	0
1527868602.265275000	43.8688	258	0
1527868602.265466000	43.869	148	0
1527868602.268452000	43.872	104	1
1527868602.271998000	43.8755	92	0
1527868602.272290000	43.8758	252	0
1527868602.274436000	43.878	101	1
1527868602.409016000	44.0126	979	1
1527868602.409107000	44.0127	259	1
1527868602.426547000	44.0301	87	0
1527868602.533193000	44.1367	267	0
1527868602.533302000	44.1369	148	0
1527868602.536546000	44.1401	104	1
1527868602.537995000	44.1415	92	0
1527868602.538203000	44.1418	303	0
1527868602.540547000	44.1441	101	1
1527868602.648590000	44.2521	386	1
1527868602.648687000	44.2522	256	1
1527868602.664317000	44.2679	87	0
1527868602.855348000	44.4589	258	0
1527868602.855502000	44.4591	148	0
1527868602.858576000	44.4621	104	1
1527868602.860562000	44.4641	92	0
1527868602.860777000	44.4643	150	0
1527868602.863554000	44.4671	101	1
1527868603.797359000	45.4009	386	1
1527868603.797456000	45.401	256	1
1527868603.813937000	45.4175	87	0
1527868603.954259000	45.5578	259	0
1527868603.954371000	45.5579	148	0
1527868603.956826000	45.5604	104	1
1527868603.958298000	45.5618	92	0
1527868603.959086000	45.5626	94	0
1527868603.960756000	45.5643	101	1
1527868604.124185000	45.7277	389	1
1527868604.124277000	45.7278	259	1
1527868604.141463000	45.745	87	0
1527868604.307219000	45.9108	297	0
1527868604.307409000	45.911	148	0
1527868604.309834000	45.9134	104	1
1527868604.311427000	45.915	92	0
1527868604.311639000	45.9152	249	0
1527868604.313760000	45.9173	101	1
1527868604.461182000	46.0647	383	1
1527868604.461258000	46.0648	259	1
1527868604.477632000	46.0812	87	0
1527868604.626906000	46.2305	302	0
1527868604.627100000	46.2306	148	0
1527868604.629855000	46.2334	104	1
1527868604.631460000	46.235	92	0
1527868604.631621000	46.2352	139	0
1527868604.633845000	46.2374	101	1
1527868604.923420000	46.527	388	1
1527868604.923513000	46.5271	261	1
1527868604.939860000	46.5434	87	0
1527868605.030973000	46.6345	260	0
1527868605.031109000	46.6347	148	0
1527868605.033883000	46.6374	104	1
1527868605.035955000	46.6395	92	0
1527868605.036109000	46.6397	136	0
1527868605.038864000	46.6424	101	1
1527868605.473125000	47.0767	387	1
1527868605.473223000	47.0768	257	1
1527868605.490218000	47.0938	87	0
1527868605.589047000	47.1926	233	0
1527868605.589253000	47.1928	148	0
1527868605.591924000	47.1955	104	1
1527868605.595682000	47.1992	92	0
1527868605.596001000	47.1995	317	0
1527868605.598821000	47.2024	101	1
1527868606.144494000	47.748	384	1
1527868606.144559000	47.7481	256	1
1527868606.161403000	47.765	87	0
1527868606.261527000	47.8651	305	0
1527868606.261667000	47.8652	148	0
1527868606.263943000	47.8675	104	1
1527868606.264808000	47.8684	92	0
1527868606.265222000	47.8688	234	0
1527868606.267937000	47.8715	101	1
1527868606.623300000	48.2268	387	1
1527868606.623361000	48.2269	257	1
1527868606.640998000	48.2445	87	0
1527868606.742249000	48.3458	233	0
1527868606.742391000	48.3459	148	0
1527868606.744999000	48.3485	104	1
1527868606.748079000	48.3516	92	0
1527868606.748553000	48.3521	329	0
1527868606.750967000	48.3545	101	1
1527868607.142154000	48.7457	387	1
1527868607.142221000	48.7458	258	1
1527868607.159571000	48.7631	87	0
1527868607.331787000	48.9353	258	0
1527868607.331927000	48.9355	148	0
1527868607.335016000	48.9386	104	1
1527868607.336378000	48.9399	92	0
1527868607.336760000	48.9403	192	0
1527868607.339019000	48.9426	101	1
1527868607.559032000	49.1626	385	1
1527868607.559110000	49.1627	258	1
1527868607.577038000	49.1806	87	0
1527868607.695302000	49.2989	233	0
1527868607.695497000	49.299	148	0
1527868607.697617000	49.3012	92	0
1527868607.697822000	49.3014	293	0
1527868607.697979000	49.3015	110	1
1527868607.917873000	49.5214	985	1
1527868607.917972000	49.5215	257	1
1527868607.936198000	49.5397	87	0
1527868608.042940000	49.6465	331	0
1527868608.043132000	49.6467	148	0
1527868608.045995000	49.6495	104	1
1527868608.046853000	49.6504	92	0
1527868608.047329000	49.6509	308	0
1527868608.049998000	49.6535	101	1
1527868608.248484000	49.852	983	1
1527868608.248560000	49.8521	262	1
1527868608.265103000	49.8687	87	0
1527868608.364134000	49.9677	233	0
1527868608.364322000	49.9679	148	0
1527868608.367007000	49.9706	104	1
1527868608.368418000	49.972	92	0
1527868608.368611000	49.9722	283	0
1527868608.370993000	49.9745	101	1
1527868608.635193000	50.2387	385	1
1527868608.635291000	50.2388	257	1
1527868608.654232000	50.2578	87	0
1527868608.848349000	50.4519	258	0
1527868608.848468000	50.452	148	0
1527868608.851055000	50.4546	104	1
1527868608.854036000	50.4576	92	0
1527868608.854473000	50.458	292	0
1527868608.857036000	50.4606	101	1
1527868609.006202000	50.6098	390	1
1527868609.006297000	50.6098	256	1
1527868609.023379000	50.6269	87	0
1527868609.116980000	50.7205	267	0
1527868609.117184000	50.7207	148	0
1527868609.120045000	50.7236	104	1
1527868609.121753000	50.7253	92	0
1527868609.122190000	50.7257	100	0
1527868609.124032000	50.7276	101	1
1527868609.729303000	51.3329	385	1
1527868609.729369000	51.3329	257	1
1527868609.746212000	51.3498	87	0
1527868609.862497000	51.466	256	0
1527868609.862808000	51.4664	148	0
1527868609.865139000	51.4687	104	1
1527868609.866959000	51.4705	92	0
1527868609.867104000	51.4707	104	0
1527868609.870102000	51.4737	101	1
1527868610.431329000	52.0349	384	1
1527868610.431423000	52.035	256	1
1527868610.447994000	52.0515	87	0
1527868610.562994000	52.1665	237	0
1527868610.563138000	52.1667	148	0
1527868610.567729000	52.1713	92	0
1527868610.567889000	52.1714	253	0
1527868610.570422000	52.174	110	1
1527868610.774556000	52.3781	387	1
1527868610.774655000	52.3782	257	1
1527868610.792077000	52.3956	87	0
1527868611.038603000	52.6422	258	0
1527868611.038715000	52.6423	148	0
1527868611.042018000	52.6456	104	1
1527868611.043669000	52.6472	92	0
1527868611.043794000	52.6473	126	0
1527868611.047006000	52.6506	101	1
1527868611.114986000	52.7185	385	1
1527868611.115070000	52.7186	258	1
1527868611.131408000	52.735	87	0
1527868611.251552000	52.8551	302	0
1527868611.251997000	52.8555	148	0
1527868611.254031000	52.8576	104	1
1527868611.256743000	52.8603	92	0
1527868611.257087000	52.8606	145	0
1527868611.259012000	52.8626	101	1
1527868611.406330000	53.0099	387	1
1527868611.406423000	53.01	257	1
1527868611.422752000	53.0263	87	0
1527868611.600175000	53.2037	306	0
1527868611.600301000	53.2039	148	0
1527868611.603043000	53.2066	104	1
1527868611.605465000	53.209	92	0
1527868611.605865000	53.2094	163	0
1527868611.608029000	53.2116	101	1
1527868611.816436000	53.42	389	1
1527868611.816530000	53.4201	257	1
1527868611.832043000	53.4356	87	0
1527868611.922013000	53.5256	258	0
1527868611.922224000	53.5258	148	0
1527868611.925054000	53.5286	104	1
1527868611.927651000	53.5312	92	0
1527868611.927812000	53.5314	251	0
1527868611.931074000	53.5346	101	1
1527868612.287295000	53.8908	388	1
1527868612.287352000	53.8909	258	1
1527868612.304446000	53.908	87	0
1527868612.402798000	54.0063	235	0
1527868612.402910000	54.0065	148	0
1527868612.406042000	54.0096	104	1
1527868612.407999000	54.0115	92	0
1527868612.408218000	54.0118	176	0
1527868612.411040000	54.0146	101	1
1527868612.699280000	54.3028	385	1
1527868612.699366000	54.3029	258	1
1527868612.716374000	54.3199	87	0
1527868612.887232000	54.4908	308	0
1527868612.887350000	54.4909	148	0
1527868612.890061000	54.4936	104	1
1527868612.891907000	54.4955	92	0
1527868612.892132000	54.4957	227	0
1527868612.895052000	54.4986	101	1
1527868613.109400000	54.7129	987	1
1527868613.109479000	54.713	258	1
1527868613.126876000	54.7304	87	0
1527868613.267351000	54.8709	233	0
1527868613.267500000	54.871	148	0
1527868613.270079000	54.8736	104	1
1527868613.273635000	54.8772	92	0
1527868613.274488000	54.878	324	0
1527868613.276067000	54.8796	101	1
1527868613.489298000	55.0928	397	1
1527868613.489386000	55.0929	256	1
1527868613.507172000	55.1107	87	0
1527868613.613817000	55.2174	233	0
1527868613.614004000	55.2176	148	0
1527868613.617122000	55.2207	104	1
1527868613.618407000	55.222	92	0
1527868613.618565000	55.2221	276	0
1527868613.621106000	55.2247	101	1
1527868613.788290000	55.3918	966	1
1527868613.788380000	55.3919	258	1
1527868613.805314000	55.4089	87	0
1527868613.909761000	55.5133	258	0
1527868613.909910000	55.5135	148	0
1527868613.913139000	55.5167	104	1
1527868613.914941000	55.5185	92	0
1527868613.915141000	55.5187	170	0
1527868613.917131000	55.5207	101	1
1527868614.068457000	55.672	385	1
1527868614.068548000	55.6721	257	1
1527868614.084684000	55.6882	87	0
1527868614.178672000	55.7822	306	0
1527868614.178816000	55.7824	148	0
1527868614.181190000	55.7847	104	1
1527868614.182635000	55.7862	92	0
1527868614.182789000	55.7863	211	0
1527868614.185177000	55.7887	101	1
1527868614.439463000	56.043	389	1
1527868614.439553000	56.0431	256	1
1527868614.456564000	56.0601	87	0
1527868614.558431000	56.162	235	0
1527868614.558576000	56.1621	148	0
1527868614.561199000	56.1647	104	1
1527868614.562332000	56.1659	92	0
1527868614.562726000	56.1663	194	0
1527868614.565212000	56.1688	101	1
1527868614.831496000	56.435	386	1
1527868614.831564000	56.4351	258	1
1527868614.848380000	56.4519	87	0
1527868614.961003000	56.5646	258	0
1527868614.961202000	56.5648	148	0
1527868614.964160000	56.5677	104	1
1527868614.965513000	56.5691	92	0
1527868614.965891000	56.5694	147	0
1527868614.968159000	56.5717	101	1
1527868615.071390000	56.6749	389	1
1527868615.071461000	56.675	259	1
1527868615.087429000	56.691	87	0
1527868615.173685000	56.7772	267	0
1527868615.173812000	56.7774	148	0
1527868615.176243000	56.7798	104	1
1527868615.176999000	56.7805	92	0
1527868615.177481000	56.781	190	0
1527868615.180253000	56.7838	101	1
1527868615.323271000	56.9268	385	1
1527868615.323366000	56.9269	256	1
1527868615.339500000	56.943	87	0
1527868615.436995000	57.0405	233	0
1527868615.437538000	57.0411	148	0
1527868615.440184000	57.0437	92	0
1527868615.440247000	57.0438	104	1
1527868615.440329000	57.0439	147	0
1527868615.443272000	57.0468	101	1
1527868615.538575000	57.1421	385	1
1527868615.538667000	57.1422	259	1
1527868615.555455000	57.159	87	0
1527868615.647463000	57.251	236	0
1527868615.648499000	57.252	148	0
1527868615.649817000	57.2534	92	0
1527868615.649966000	57.2535	108	0
1527868615.650371000	57.2539	110	1
1527868615.749469000	57.353	386	1
1527868615.749564000	57.3531	256	1
1527868615.766129000	57.3697	87	0
1527868615.856615000	57.4602	258	0
1527868615.856755000	57.4603	148	0
1527868615.859277000	57.4628	104	1
1527868615.861662000	57.4652	92	0
1527868615.861821000	57.4654	131	0
1527868615.864273000	57.4678	101	1
1527868616.210132000	57.8137	388	1
1527868616.210231000	57.8138	257	1
1527868616.226268000	57.8298	87	0
1527868616.336617000	57.9402	300	0
1527868616.336759000	57.9403	148	0
1527868616.337213000	57.9408	92	0
1527868616.337641000	57.9412	338	0
1527868616.339318000	57.9429	110	1
1527868616.569645000	58.1732	386	1
1527868616.569737000	58.1733	257	1
1527868616.587017000	58.1906	87	0
1527868616.710454000	58.314	302	0
1527868616.710661000	58.3142	148	0
1527868616.713334000	58.3169	104	1
1527868616.714615000	58.3182	92	0
1527868616.714994000	58.3185	128	0
1527868616.717266000	58.3208	101	1
1527868616.981023000	58.5846	384	1
1527868616.981092000	58.5846	257	1
1527868616.998662000	58.6022	87	0
1527868617.169555000	58.7731	258	0
1527868617.169681000	58.7732	148	0
1527868617.172363000	58.7759	104	1
1527868617.174676000	58.7782	92	0
1527868617.175456000	58.779	105	0
1527868617.177355000	58.7809	101	1
1527868617.250884000	58.8544	990	1
1527868617.250949000	58.8545	262	1
1527868617.267984000	58.8715	87	0
1527868617.359959000	58.9635	233	0
1527868617.360088000	58.9636	148	0
1527868617.363372000	58.9669	104	1
1527868617.365465000	58.969	92	0
1527868617.365621000	58.9692	111	0
1527868617.368358000	58.9719	101	1
1527868617.650822000	59.2544	981	1
1527868617.650886000	59.2544	260	1
1527868617.667735000	59.2713	87	0
1527868617.678951000	59.2825	87	0
1527868617.790651000	59.3942	287	0
1527868617.790838000	59.3944	148	0
1527868617.792813000	59.3964	92	0
1527868617.793153000	59.3967	110	0
1527868617.793639000	59.3972	113	1
1527868617.985749000	59.5893	387	1
1527868617.985839000	59.5894	262	1
1527868618.002202000	59.6058	87	0
1527868618.108336000	59.7119	256	0
1527868618.108536000	59.7121	148	0
1527868618.111337000	59.7149	104	1
1527868618.112633000	59.7162	92	0
1527868618.112848000	59.7164	157	0
1527868618.115334000	59.7189	101	1
1527868618.317829000	59.9214	388	1
1527868618.317927000	59.9215	258	1
1527868618.334997000	59.9385	87	0
1527868618.459289000	60.0628	235	0
1527868618.459405000	60.063	148	0
1527868618.462440000	60.066	104	1
1527868618.462714000	60.0663	92	0
1527868618.463169000	60.0667	130	0
1527868618.465440000	60.069	101	1
1527868621.796811000	63.4004	385	1
1527868621.796872000	63.4004	258	1
1527868621.812686000	63.4162	87	0
1527868621.930037000	63.5336	256	0
1527868621.930227000	63.5338	148	0
1527868621.933418000	63.537	104	1
1527868621.934090000	63.5376	92	0
1527868621.934296000	63.5378	213	0
1527868621.936427000	63.54	101	1
1527868622.087132000	63.6907	389	1
1527868622.087219000	63.6908	274	1
1527868622.103393000	63.7069	87	0
1527868622.195956000	63.7995	306	0
1527868622.196092000	63.7996	148	0
1527868622.198437000	63.802	104	1
1527868622.201472000	63.805	92	0
1527868622.201821000	63.8054	284	0
1527868622.204368000	63.8079	101	1
1527868622.606828000	64.2104	388	1
1527868622.606880000	64.2104	259	1
1527868622.623662000	64.2272	87	0
1527868622.760425000	64.364	232	0
1527868622.760575000	64.3641	148	0
1527868622.763201000	64.3668	92	0
1527868622.763345000	64.3669	261	0
1527868622.763516000	64.3671	110	1
1527868622.890536000	64.4941	383	1
1527868622.890630000	64.4942	260	1
1527868622.907415000	64.511	87	0
1527868622.998432000	64.602	259	0
1527868622.998556000	64.6021	148	0
1527868623.001500000	64.605	104	1
1527868623.002874000	64.6064	92	0
1527868623.003039000	64.6066	265	0
1527868623.005470000	64.609	101	1
1527868623.136250000	64.7398	386	1
1527868623.136311000	64.7399	260	1
1527868623.163255000	64.7668	87	0
1527868623.264182000	64.8677	267	0
1527868623.264374000	64.8679	148	0
1527868623.267412000	64.871	104	1
1527868623.268779000	64.8723	92	0
1527868623.269147000	64.8727	115	0
1527868623.271394000	64.8749	101	1
1527868623.411200000	65.0147	385	1
1527868623.411297000	65.0148	262	1
1527868623.427530000	65.0311	87	0
1527868623.520064000	65.1236	232	0
1527868623.520248000	65.1238	148	0
1527868623.523517000	65.1271	104	1
1527868623.523590000	65.1271	92	0
1527868623.523813000	65.1274	239	0
1527868623.526510000	65.1301	101	1
1527868623.683156000	65.2867	384	1
1527868623.683253000	65.2868	259	1
1527868623.699421000	65.303	87	0
1527868623.866101000	65.4697	259	0
1527868623.866199000	65.4697	148	0
1527868623.868476000	65.472	104	1
1527868623.869906000	65.4735	92	0
1527868623.870356000	65.4739	199	0
1527868623.872467000	65.476	101	1
1527868624.222438000	65.826	386	1
1527868624.222536000	65.8261	258	1
1527868624.238701000	65.8423	87	0
1527868624.325066000	65.9286	233	0
1527868624.325269000	65.9288	148	0
1527868624.327476000	65.931	104	1
1527868624.330374000	65.9339	92	0
1527868624.330583000	65.9341	299	0
1527868624.333485000	65.937	101	1
1527868624.534823000	66.1384	986	1
1527868624.534916000	66.1385	258	1
1527868624.551965000	66.1555	87	0
1527868624.638931000	66.2425	298	0
1527868624.639082000	66.2426	148	0
1527868624.641569000	66.2451	104	1
1527868624.642897000	66.2464	92	0
1527868624.643056000	66.2466	129	0
1527868624.645567000	66.2491	101	1
1527868625.462368000	67.0659	982	1
1527868625.462432000	67.066	264	1
1527868625.480302000	67.0839	87	0
1527868625.620404000	67.224	328	0
1527868625.623631000	67.2272	101	1
1527868625.625036000	67.2286	158	0
1527868625.625247000	67.2288	310	0
1527868625.627566000	67.2311	101	1
1527868625.834055000	67.4376	386	1
1527868625.834152000	67.4377	259	1
1527868625.851846000	67.4554	87	0
1527868625.962018000	67.5656	258	0
1527868625.962353000	67.5659	148	0
1527868625.964649000	67.5682	104	1
1527868625.966646000	67.5702	92	0
1527868625.967510000	67.5711	163	0
1527868625.969639000	67.5732	101	1
1527868626.111765000	67.7153	385	1
1527868626.111856000	67.7154	259	1
1527868626.128193000	67.7317	87	0
1527868626.230014000	67.8336	232	0
1527868626.230187000	67.8337	148	0
1527868626.232615000	67.8362	104	1
1527868626.232919000	67.8365	92	0
1527868626.233135000	67.8367	228	0
1527868626.235611000	67.8392	101	1
1527868626.422844000	68.0264	387	1
1527868626.422936000	68.0265	258	1
1527868626.438640000	68.0422	87	0
1527868626.526378000	68.1299	283	0
1527868626.526515000	68.1301	148	0
1527868626.529677000	68.1332	104	1
1527868626.529937000	68.1335	92	0
1527868626.530081000	68.1336	135	0
1527868626.532669000	68.1362	101	1
1527868626.803293000	68.4068	385	1
1527868626.803385000	68.4069	259	1
1527868626.819899000	68.4234	87	0
1527868626.928101000	68.5317	258	0
1527868626.928296000	68.5318	148	0
1527868626.930625000	68.5342	104	1
1527868626.931671000	68.5352	92	0
1527868626.931887000	68.5354	183	0
1527868626.934649000	68.5382	101	1
1527868627.255756000	68.8593	385	1
1527868627.255842000	68.8594	264	1
1527868627.272720000	68.8763	87	0
1527868627.385772000	68.9893	235	0
1527868627.385952000	68.9895	148	0
1527868627.388669000	68.9922	104	1
1527868627.390165000	68.9937	92	0
1527868627.390578000	68.9941	169	0
1527868627.392660000	68.9962	101	1
1527868627.669280000	69.2728	390	1
1527868627.669375000	69.2729	263	1
1527868627.685176000	69.2887	87	0
1527868627.787242000	69.3908	233	0
1527868627.787358000	69.3909	148	0
1527868627.789759000	69.3933	104	1
1527868627.791988000	69.3955	92	0
1527868627.792442000	69.396	101	0
1527868627.794760000	69.3983	101	1
1527868627.865838000	69.4694	365	1
1527868627.865930000	69.4695	1412	1
1527868627.865954000	69.4695	1412	1
1527868627.865981000	69.4695	1412	1
1527868627.865999000	69.4695	361	1
1527868627.882738000	69.4863	87	0
1527868627.957738000	69.5613	412	0
1527868627.960767000	69.5643	101	1
1527868627.963167000	69.5667	80	0
1527868627.965772000	69.5693	98	1
1527868628.086139000	69.6897	389	1
1527868628.086231000	69.6898	261	1
1527868628.103303000	69.7069	87	0
1527868628.190741000	69.7943	308	0
1527868628.190930000	69.7945	148	0
1527868628.193780000	69.7973	104	1
1527868628.194087000	69.7976	92	0
1527868628.194578000	69.7981	233	0
1527868628.196765000	69.8003	101	1
1527868629.386463000	70.99	389	1
1527868629.386561000	70.9901	259	1
1527868629.404195000	71.0077	87	0
1527868629.560703000	71.1643	287	0
1527868629.560813000	71.1644	148	0
1527868629.563862000	71.1674	104	1
1527868629.565451000	71.169	92	0
1527868629.565612000	71.1692	147	0
1527868629.567867000	71.1714	101	1
1527868629.777365000	71.3809	384	1
1527868629.777453000	71.381	261	1
1527868629.794679000	71.3982	87	0
1527868629.880773000	71.4843	258	0
1527868629.880906000	71.4845	148	0
1527868629.883868000	71.4874	104	1
1527868629.884856000	71.4884	92	0
1527868629.885314000	71.4889	264	0
1527868629.887884000	71.4914	101	1
1527868630.127278000	71.7308	987	1
1527868630.127341000	71.7309	259	1
1527868630.144575000	71.7481	87	0
1527868630.260323000	71.8639	235	0
1527868630.260432000	71.864	148	0
1527868630.262851000	71.8664	104	1
1527868630.263855000	71.8674	92	0
1527868630.264032000	71.8676	95	0
1527868630.266885000	71.8704	101	1
1527868630.597514000	72.2011	978	1
1527868630.597579000	72.2011	261	1
1527868630.614419000	72.218	87	0
1527868630.722019000	72.3256	300	0
1527868630.722204000	72.3258	148	0
1527868630.724929000	72.3285	104	1
1527868630.728505000	72.3321	92	0
1527868630.728656000	72.3322	233	0
1527868630.730914000	72.3345	101	1
1527868630.868714000	72.4723	367	1
1527868630.868821000	72.4724	1412	1
1527868630.868862000	72.4724	1412	1
1527868630.868913000	72.4725	1412	1
1527868630.868949000	72.4725	1412	1
1527868630.868984000	72.4725	1412	1
1527868630.869021000	72.4726	1412	1
1527868630.869062000	72.4726	1412	1
1527868630.869096000	72.4726	1412	1
1527868630.869130000	72.4727	1412	1
1527868630.869170000	72.4727	1412	1
1527868630.869203000	72.4728	1412	1
1527868630.869238000	72.4728	1412	1
1527868630.869286000	72.4728	1412	1
1527868630.870864000	72.4744	155	1
1527868630.876123000	72.4797	318	1
1527868630.876190000	72.4797	258	1
1527868630.885217000	72.4888	87	0
1527868630.887536000	72.4911	87	0
1527868630.890219000	72.4938	87	0
1527868630.893904000	72.4975	87	0
1527868630.992969000	72.5965	325	0
1527868630.993138000	72.5967	148	0
1527868630.995939000	72.5995	113	1
1527868630.997538000	72.6011	92	0
1527868630.997910000	72.6015	217	0
1527868630.999924000	72.6035	101	1
1527868631.027025000	72.6306	386	0
1527868631.029873000	72.6334	98	1
1527868631.032742000	72.6363	80	0
1527868631.035908000	72.6395	98	1
1527868631.237298000	72.8408	385	1
1527868631.237388000	72.8409	261	1
1527868631.254476000	72.858	87	0
1527868631.347570000	72.9511	282	0
1527868631.347764000	72.9513	148	0
1527868631.350967000	72.9545	104	1
1527868631.352928000	72.9565	92	0
1527868631.353355000	72.9569	136	0
1527868631.355948000	72.9595	101	1
1527868631.526719000	73.1303	384	1
1527868631.526794000	73.1303	259	1
1527868631.542621000	73.1462	87	0
1527868631.645217000	73.2488	235	0
1527868631.645369000	73.2489	148	0
1527868631.647984000	73.2515	104	1
1527868631.649752000	73.2533	92	0
1527868631.649912000	73.2535	295	0
1527868631.652962000	73.2565	101	1
1527868632.468418000	74.072	386	1
1527868632.468504000	74.0721	259	1
1527868632.485502000	74.0891	87	0
1527868632.665641000	74.2692	258	0
1527868632.665768000	74.2693	148	0
1527868632.669054000	74.2726	104	1
1527868632.669661000	74.2732	92	0
1527868632.669824000	74.2734	284	0
1527868632.672033000	74.2756	101	1
1527868632.828472000	74.432	390	1
1527868632.828570000	74.4321	260	1
1527868632.844556000	74.4481	87	0
1527868632.959645000	74.5632	256	0
1527868632.959798000	74.5633	148	0
1527868632.963033000	74.5666	104	1
1527868632.963918000	74.5675	92	0
1527868632.964332000	74.5679	279	0
1527868632.967027000	74.5706	101	1
1527868633.237782000	74.8413	384	1
1527868633.237841000	74.8414	261	1
1527868633.253952000	74.8575	87	0
1527868633.348024000	74.9516	233	0
1527868633.348142000	74.9517	148	0
1527868633.351050000	74.9546	104	1
1527868633.352180000	74.9557	92	0
1527868633.352342000	74.9559	258	0
1527868633.355031000	74.9586	101	1
1527868633.718571000	75.3221	384	1
1527868633.718666000	75.3222	261	1
1527868633.736011000	75.3396	87	0
1527868633.836908000	75.4405	255	0
1527868633.837112000	75.4407	148	0
1527868633.840051000	75.4436	104	1
1527868633.840779000	75.4443	92	0
1527868633.840988000	75.4445	106	0
1527868633.843017000	75.4466	101	1
1527868634.007183000	75.6107	386	1
1527868634.007275000	75.6108	258	1
1527868634.023715000	75.6273	87	0
1527868634.180691000	75.7842	308	0
1527868634.180802000	75.7844	148	0
1527868634.184075000	75.7876	104	1
1527868634.186306000	75.7899	92	0
1527868634.186469000	75.79	128	0
1527868634.189055000	75.7926	101	1
1527868634.448510000	76.0521	390	1
1527868634.448571000	76.0521	261	1
1527868634.464401000	76.068	87	0
1527868634.559849000	76.1634	267	0
1527868634.560021000	76.1636	148	0
1527868634.563085000	76.1666	104	1
1527868634.564753000	76.1683	92	0
1527868634.564964000	76.1685	287	0
1527868634.567275000	76.1708	101	1
1527868634.907755000	76.5113	386	1
1527868634.907818000	76.5114	260	1
1527868634.925358000	76.5289	87	0
1527868634.929750000	76.5333	87	0
1527868635.017987000	76.6215	260	0
1527868635.019072000	76.6226	148	0
1527868635.021133000	76.6247	107	1
1527868635.021696000	76.6252	92	0
1527868635.021923000	76.6255	185	0
1527868635.024120000	76.6277	101	1
1527868637.569324000	79.1729	988	1
1527868637.569388000	79.1729	258	1
1527868637.585150000	79.1887	100	0
1527868637.587638000	79.1912	98	1
1527868637.587913000	79.1915	87	0
1527868637.706577000	79.3101	256	0
1527868637.708328000	79.3119	148	0
1527868637.709731000	79.3133	104	1
1527868637.709747000	79.3133	92	0
1527868637.710239000	79.3138	175	0
1527868637.712709000	79.3163	101	1
1527868637.786825000	79.3904	982	1
1527868637.786888000	79.3904	262	1
1527868637.803693000	79.4072	87	0
1527868637.808594000	79.4121	87	0
1527868637.893516000	79.4971	320	0
1527868637.893654000	79.4972	148	0
1527868637.896720000	79.5003	107	1
1527868637.898113000	79.5017	92	0
1527868637.898546000	79.5021	243	0
1527868637.900642000	79.5042	101	1
1527868638.109075000	79.7126	387	1
1527868638.109133000	79.7127	259	1
1527868638.125258000	79.7288	87	0
1527868638.241344000	79.8449	303	0
1527868638.241464000	79.845	148	0
1527868638.244754000	79.8483	104	1
1527868638.246551000	79.8501	92	0
1527868638.246969000	79.8505	309	0
1527868638.249732000	79.8533	101	1
1527868638.336942000	79.9405	384	1
1527868638.337033000	79.9406	262	1
1527868638.353346000	79.9569	87	0
1527868638.454681000	80.0582	232	0
1527868638.454898000	80.0584	148	0
1527868638.457694000	80.0612	104	1
1527868638.458248000	80.0618	92	0
1527868638.458459000	80.062	162	0
1527868638.460690000	80.0642	101	1
1527868638.903542000	80.5071	387	1
1527868638.903639000	80.5072	263	1
1527868638.920622000	80.5242	87	0
1527868639.022950000	80.6265	256	0
1527868639.023062000	80.6266	148	0
1527868639.025800000	80.6293	104	1
1527868639.027453000	80.631	92	0
1527868639.027926000	80.6315	285	0
1527868639.029778000	80.6333	101	1
1527868639.118109000	80.7217	385	1
1527868639.118199000	80.7217	260	1
1527868639.134447000	80.738	87	0
1527868639.235344000	80.8389	286	0
1527868639.235485000	80.839	148	0
1527868639.238825000	80.8424	104	1
1527868639.240205000	80.8438	92	0
1527868639.240686000	80.8442	312	0
1527868639.242818000	80.8464	101	1
1527868639.407164000	81.0107	386	1
1527868639.407223000	81.0108	261	1
1527868639.424809000	81.0284	87	0
1527868639.586417000	81.19	232	0
1527868639.586533000	81.1901	148	0
1527868639.589837000	81.1934	104	1
1527868639.590424000	81.194	92	0
1527868639.590579000	81.1941	115	0
1527868639.592818000	81.1964	101	1
1527868642.610712000	84.2143	384	1
1527868642.610787000	84.2143	262	1
1527868642.626342000	84.2299	87	0
1527868642.734401000	84.3379	258	0
1527868642.734595000	84.3381	148	0
1527868642.737731000	84.3413	104	1
1527868642.739718000	84.3433	92	0
1527868642.739940000	84.3435	195	0
1527868642.742750000	84.3463	101	1
1527868642.882149000	84.4857	389	1
1527868642.882209000	84.4858	265	1
1527868642.898771000	84.5023	87	0
1527868643.060783000	84.6643	258	0
1527868643.062006000	84.6656	148	0
1527868643.063813000	84.6674	104	1
1527868643.065499000	84.669	92	0
1527868643.066336000	84.6699	183	0
1527868643.067827000	84.6714	101	1
1527868645.183428000	86.787	366	1
1527868645.183535000	86.7871	1412	1
1527868645.183584000	86.7871	1412	1
1527868645.183614000	86.7872	1412	1
1527868645.183636000	86.7872	279	1
1527868645.203544000	86.8071	87	0
1527868645.279546000	86.8831	416	0
1527868645.282901000	86.8865	101	1
1527868645.286228000	86.8898	80	0
1527868645.288866000	86.8924	98	1
1527868645.386022000	86.9896	386	1
1527868645.386099000	86.9896	265	1
1527868645.402712000	87.0063	87	0
1527868645.493722000	87.0973	308	0
1527868645.493838000	87.0974	148	0
1527868645.496969000	87.1005	104	1
1527868645.498703000	87.1023	92	0
1527868645.498909000	87.1025	246	0
1527868645.501972000	87.1055	101	1
1527868645.676325000	87.2799	385	1
1527868645.676406000	87.28	259	1
1527868645.692138000	87.2957	87	0
1527868645.790111000	87.3937	267	0
1527868645.790291000	87.3938	148	0
1527868645.792944000	87.3965	104	1
1527868645.794834000	87.3984	92	0
1527868645.795042000	87.3986	309	0
1527868645.798003000	87.4016	101	1
1527868646.107285000	87.7108	990	1
1527868646.107366000	87.7109	266	1
1527868646.125285000	87.7288	87	0
1527868646.280574000	87.8841	256	0
1527868646.280684000	87.8842	148	0
1527868646.283939000	87.8875	104	1
1527868646.284748000	87.8883	92	0
1527868646.285068000	87.8886	138	0
1527868646.287993000	87.8915	101	1
1527868646.399389000	88.0029	977	1
1527868646.399483000	88.003	259	1
1527868646.416968000	88.0205	87	0
1527868646.426096000	88.0296	87	0
1527868646.523405000	88.127	233	0
1527868646.526018000	88.1296	104	1
1527868646.526593000	88.1301	158	0
1527868646.528567000	88.1321	334	0
1527868646.529059000	88.1326	101	1
1527868646.650321000	88.2539	388	1
1527868646.650409000	88.254	260	1
1527868646.667486000	88.271	87	0
1527868646.764278000	88.3678	256	0
1527868646.764392000	88.3679	148	0
1527868646.767039000	88.3706	104	1
1527868646.768206000	88.3718	92	0
1527868646.768362000	88.3719	300	0
1527868646.770959000	88.3745	101	1
1527868646.870432000	88.474	388	1
1527868646.870518000	88.4741	261	1
1527868646.887328000	88.4909	87	0
1527868646.979493000	88.583	300	0
1527868646.979608000	88.5832	148	0
1527868646.982061000	88.5856	104	1
1527868646.983033000	88.5866	92	0
1527868646.983523000	88.5871	269	0
1527868646.986039000	88.5896	101	1
1527868647.135344000	88.7389	386	1
1527868647.135420000	88.739	261	1
1527868647.164589000	88.7681	87	0
1527868647.249481000	88.853	305	0
1527868647.249662000	88.8532	148	0
1527868647.252033000	88.8556	104	1
1527868647.255433000	88.859	92	0
1527868647.255586000	88.8591	314	0
1527868647.258019000	88.8616	101	1
1527868647.551469000	89.155	385	1
1527868647.551564000	89.1551	266	1
1527868647.567935000	89.1715	87	0
1527868647.577921000	89.1815	87	0
1527868647.685507000	89.2891	232	0
1527868647.685620000	89.2892	148	0
1527868647.688074000	89.2916	107	1
1527868647.691377000	89.2949	92	0
1527868647.691536000	89.2951	219	0
1527868647.694051000	89.2976	101	1
1527868647.961254000	89.5648	387	1
1527868647.961336000	89.5649	258	1
1527868647.978097000	89.5816	87	0
1527868648.140025000	89.7436	308	0
1527868648.140182000	89.7437	148	0
1527868648.143081000	89.7466	104	1
1527868648.144428000	89.748	92	0
1527868648.144554000	89.7481	124	0
1527868648.147074000	89.7506	101	1
1527868648.380251000	89.9838	385	1
1527868648.380350000	89.9839	260	1
1527868648.397401000	90.001	87	0
1527868648.491017000	90.0946	233	0
1527868648.491176000	90.0947	148	0
1527868648.494092000	90.0976	104	1
1527868648.495768000	90.0993	92	0
1527868648.497005000	90.1006	259	0
1527868648.498030000	90.1016	101	1
1527868648.683490000	90.287	388	1
1527868648.683567000	90.2871	263	1
1527868648.700585000	90.3041	87	0
1527868648.819497000	90.423	258	0
1527868648.819614000	90.4232	148	0
1527868648.822107000	90.4257	104	1
1527868648.823726000	90.4273	92	0
1527868648.823867000	90.4274	294	0
1527868648.826098000	90.4296	101	1
1527868648.964528000	90.5681	389	1
1527868648.964599000	90.5681	262	1
1527868648.981345000	90.5849	87	0
1527868649.085794000	90.6893	232	0
1527868649.086007000	90.6896	148	0
1527868649.088567000	90.6921	92	0
1527868649.088723000	90.6923	181	0
1527868649.089221000	90.6928	110	1
1527868649.183997000	90.7875	383	1
1527868649.184080000	90.7876	262	1
1527868649.200052000	90.8036	87	0
1527868649.297301000	90.9009	235	0
1527868649.297424000	90.901	148	0
1527868649.300083000	90.9036	92	0
1527868649.300188000	90.9037	104	1
1527868649.300755000	90.9043	188	0
1527868649.303150000	90.9067	101	1
1527868649.442850000	91.0464	385	1
1527868649.442939000	91.0465	262	1
1527868649.458990000	91.0625	87	0
1527868649.541513000	91.1451	236	0
1527868649.541656000	91.1452	148	0
1527868649.544158000	91.1477	104	1
1527868649.546034000	91.1496	92	0
1527868649.546440000	91.15	108	0
1527868649.549140000	91.1527	101	1
1527868649.863599000	91.4671	987	1
1527868649.863688000	91.4672	261	1
1527868649.880359000	91.4839	87	0
1527868649.970835000	91.5744	258	0
1527868649.970974000	91.5745	148	0
1527868649.974189000	91.5777	104	1
1527868649.977884000	91.5814	92	0
1527868649.978036000	91.5816	284	0
1527868649.980204000	91.5838	101	1
1527868650.072409000	91.676	981	1
1527868650.072486000	91.676	259	1
1527868650.089995000	91.6935	87	0
1527868650.187296000	91.7908	308	0
1527868650.187486000	91.791	148	0
1527868650.190177000	91.7937	104	1
1527868650.196969000	91.8005	92	0
1527868650.197467000	91.801	247	0
1527868650.200227000	91.8038	101	1
1527868650.312643000	91.9162	385	1
1527868650.312718000	91.9163	261	1
1527868650.331203000	91.9348	87	0
1527868650.434924000	92.0385	269	0
1527868650.435041000	92.0386	148	0
1527868650.438206000	92.0418	104	1
1527868650.439408000	92.043	92	0
1527868650.439563000	92.0431	207	0
1527868650.442234000	92.0458	101	1
1527868650.544395000	92.1479	387	1
1527868650.544490000	92.148	258	1
1527868650.560861000	92.1644	87	0
1527868650.572005000	92.1756	87	0
1527868650.679667000	92.2832	236	0
1527868650.679857000	92.2834	148	0
1527868650.682181000	92.2857	107	1
1527868650.683945000	92.2875	92	0
1527868650.684426000	92.288	221	0
1527868650.686253000	92.2898	101	1
1527868650.888127000	92.4917	390	1
1527868650.888220000	92.4918	261	1
1527868650.904007000	92.5076	87	0
1527868651.031526000	92.6351	258	0
1527868651.031643000	92.6352	148	0
1527868651.034268000	92.6378	104	1
1527868651.035003000	92.6386	92	0
1527868651.035883000	92.6394	263	0
1527868651.038260000	92.6418	101	1
1527868651.326879000	92.9304	385	1
1527868651.327079000	92.9306	262	1
1527868651.343348000	92.9469	87	0
1527868651.457755000	93.0613	241	1
1527868651.474148000	93.0777	87	0
1527868651.489784000	93.0933	259	0
1527868651.489992000	93.0935	148	0
1527868651.493587000	93.0971	92	0
1527868651.493788000	93.0973	94	0
1527868651.502256000	93.1058	113	1
1527868651.753672000	93.3572	386	1
1527868651.753763000	93.3573	263	1
1527868651.769833000	93.3734	87	0
1527868651.843393000	93.4469	564	0
1527868651.844158000	93.4477	1412	0
1527868651.844351000	93.4479	998	0
1527868651.845391000	93.4489	92	0
1527868651.845740000	93.4493	253	0
1527868651.846232000	93.4498	113	1
1527868651.889233000	93.4928	235	0
1527868651.889423000	93.493	148	0
1527868651.892242000	93.4958	101	1
1527868651.894232000	93.4978	92	0
1527868651.894439000	93.498	90	0
1527868651.897274000	93.5008	101	1
1527868651.990777000	93.5943	389	1
1527868651.990942000	93.5945	263	1
1527868652.006827000	93.6104	87	0
1527868652.032828000	93.6364	167	1
1527868652.052560000	93.6561	87	0
1527868652.101858000	93.7054	283	0
1527868652.102064000	93.7056	148	0
1527868652.104305000	93.7079	107	1
1527868652.106288000	93.7098	92	0
1527868652.106502000	93.7101	214	0
1527868652.109267000	93.7128	101	1
1527868652.156498000	93.76	244	0
1527868652.156725000	93.7603	1412	0
1527868652.156921000	93.7605	1000	0
1527868652.158267000	93.7618	92	0
1527868652.158486000	93.762	258	0
1527868652.159260000	93.7628	110	1
1527868652.427562000	94.0311	386	1
1527868652.427625000	94.0312	261	1
1527868652.443235000	94.0468	87	0
1527868652.554651000	94.1582	235	0
1527868652.554762000	94.1583	148	0
1527868652.557365000	94.1609	104	1
1527868652.559581000	94.1631	92	0
1527868652.559798000	94.1633	186	0
1527868652.562290000	94.1658	101	1
1527868652.696733000	94.3003	389	1
1527868652.696808000	94.3004	262	1
1527868652.712888000	94.3164	87	0
1527868652.824016000	94.4276	259	0
1527868652.824506000	94.4281	148	0
1527868652.826687000	94.4302	92	0
1527868652.826981000	94.4305	135	0
1527868652.827432000	94.431	110	1
1527868653.066867000	94.6704	387	1
1527868653.066964000	94.6705	259	1
1527868653.084081000	94.6876	87	0
1527868653.173511000	94.7771	236	0
1527868653.173733000	94.7773	148	0
1527868653.176409000	94.78	104	1
1527868653.180156000	94.7837	92	0
1527868653.180312000	94.7839	86	0
1527868653.183320000	94.7869	101	1
1527868653.300593000	94.9041	987	1
1527868653.300658000	94.9042	261	1
1527868653.318754000	94.9223	87	0
1527868653.419328000	95.0229	235	0
1527868653.419455000	95.023	148	0
1527868653.422412000	95.026	104	1
1527868653.424106000	95.0277	92	0
1527868653.425109000	95.0287	321	0
1527868653.426344000	95.0299	101	1
1527868653.590932000	95.1945	982	1
1527868653.591031000	95.1946	260	1
1527868653.610023000	95.2136	87	0
1527868653.714365000	95.3179	235	0
1527868653.714509000	95.3181	148	0
1527868653.717418000	95.321	104	1
1527868653.719245000	95.3228	92	0
1527868653.719496000	95.323	95	0
1527868653.722413000	95.326	101	1
1527868654.005841000	95.6094	389	1
1527868654.005932000	95.6095	266	1
1527868654.021757000	95.6253	87	0
1527868654.117140000	95.7207	329	0
1527868654.117324000	95.7209	148	0
1527868654.120381000	95.7239	104	1
1527868654.121797000	95.7253	92	0
1527868654.122220000	95.7258	242	0
1527868654.124373000	95.7279	101	1
1527868654.434488000	96.038	388	1
1527868654.434577000	96.0381	264	1
1527868654.450934000	96.0545	87	0
1527868654.545442000	96.149	268	0
1527868654.545558000	96.1491	148	0
1527868654.548478000	96.152	104	1
1527868654.549431000	96.153	92	0
1527868654.549873000	96.1534	293	0
1527868654.552460000	96.156	101	1
1527868654.709780000	96.3133	389	1
1527868654.709871000	96.3134	259	1
1527868654.737828000	96.3414	87	0
1527868654.829098000	96.4326	255	0
1527868654.829267000	96.4328	148	0
1527868654.832254000	96.4358	92	0
1527868654.832447000	96.436	216	0
1527868654.832532000	96.4361	110	1
1527868654.920605000	96.5242	383	1
1527868654.920701000	96.5243	262	1
1527868654.936416000	96.54	87	0
1527868655.046310000	96.6499	233	0
1527868655.046422000	96.65	148	0
1527868655.049506000	96.6531	104	1
1527868655.050319000	96.6539	92	0
1527868655.051408000	96.655	180	0
1527868655.053488000	96.657	101	1
1527868655.211955000	96.8155	388	1
1527868655.212041000	96.8156	261	1
1527868655.229539000	96.8331	87	0
1527868655.234483000	96.838	87	0
1527868655.304933000	96.9085	316	1
1527868655.305024000	96.9086	1412	1
1527868655.305048000	96.9086	1412	1
1527868655.305081000	96.9086	1412	1
1527868655.305121000	96.9087	1361	1
1527868655.321592000	96.9251	100	0
1527868655.324516000	96.9281	98	1
1527868655.344916000	96.9485	258	0
1527868655.345054000	96.9486	148	0
1527868655.347510000	96.9511	101	1
1527868655.349854000	96.9534	92	0
1527868655.350008000	96.9536	232	0
1527868655.352509000	96.9561	101	1
1527868655.404239000	97.0078	404	0
1527868655.407513000	97.0111	98	1
1527868655.411656000	97.0152	80	0
1527868655.414518000	97.0181	98	1
1527868655.621546000	97.2251	386	1
1527868655.621638000	97.2252	261	1
1527868655.637698000	97.2412	87	0
1527868655.804504000	97.4081	368	0
1527868655.804615000	97.4082	148	0
1527868655.807549000	97.4111	104	1
1527868655.808583000	97.4121	92	0
1527868655.808861000	97.4124	108	0
1527868655.811540000	97.4151	101	1
1527868656.031926000	97.6355	385	1
1527868656.031987000	97.6355	259	1
1527868656.048767000	97.6523	87	0
1527868656.155786000	97.7593	285	0
1527868656.155912000	97.7595	148	0
1527868656.158588000	97.7621	104	1
1527868656.160321000	97.7639	92	0
1527868656.160513000	97.7641	135	0
1527868656.162495000	97.766	101	1
1527868656.452057000	98.0556	386	1
1527868656.452124000	98.0557	266	1
1527868656.468792000	98.0723	87	0
1527868656.580924000	98.1845	236	0
1527868656.581047000	98.1846	148	0
1527868656.583597000	98.1871	104	1
1527868656.585376000	98.1889	92	0
1527868656.586006000	98.1896	114	0
1527868656.588577000	98.1921	101	1
1527868656.731832000	98.3354	386	1
1527868656.731932000	98.3355	260	1
1527868656.749352000	98.3529	87	0
1527868656.755352000	98.3589	87	0
1527868656.897884000	98.5014	258	0
1527868656.897999000	98.5015	148	0
1527868656.900611000	98.5042	107	1
1527868656.902878000	98.5064	92	0
1527868656.903244000	98.5068	164	0
1527868656.905615000	98.5092	101	1
1527868657.173313000	98.7769	990	1
1527868657.173375000	98.7769	262	1
1527868657.190525000	98.7941	87	0
1527868657.303367000	98.9069	233	0
1527868657.303557000	98.9071	148	0
1527868657.306230000	98.9098	92	0
1527868657.306432000	98.91	154	0
1527868657.306611000	98.9102	110	1
1527868657.614181000	99.2177	982	1
1527868657.614273000	99.2178	265	1
1527868657.632000000	99.2355	87	0
1527868657.732448000	99.336	235	0
1527868657.732566000	99.3361	148	0
1527868657.735659000	99.3392	104	1
1527868657.736819000	99.3404	92	0
1527868657.736973000	99.3405	296	0
1527868657.739642000	99.3432	101	1
1527868659.251693000	100.855	389	1
1527868659.251779000	100.855	260	1
1527868659.268049000	100.872	87	0
1527868659.369426000	100.973	256	0
1527868659.369569000	100.973	148	0
1527868659.372092000	100.976	104	1
1527868659.375050000	100.979	92	0
1527868659.375475000	100.979	289	0
1527868659.378080000	100.982	101	1
1527868659.864489000	101.468	384	1
1527868659.864582000	101.468	259	1
1527868659.880712000	101.484	87	0
1527868659.989143000	101.593	258	0
1527868659.989377000	101.593	148	0
1527868659.992103000	101.596	104	1
1527868659.992720000	101.596	92	0
1527868659.993148000	101.597	328	0
1527868659.995091000	101.599	101	1
1527868660.200481000	101.804	386	1
1527868660.200542000	101.804	262	1
1527868660.217050000	101.821	87	0
1527868660.314724000	101.918	306	0
1527868660.314855000	101.918	148	0
1527868660.318134000	101.922	104	1
1527868660.319030000	101.923	92	0
1527868660.319454000	101.923	270	0
1527868660.322184000	101.926	101	1
1527868660.609502000	102.213	384	1
1527868660.609585000	102.213	261	1
1527868660.626005000	102.23	87	0
1527868660.715699000	102.319	264	0
1527868660.715825000	102.319	148	0
1527868660.718186000	102.322	104	1
1527868660.721080000	102.325	92	0
1527868660.724143000	102.328	98	1
1527868660.729450000	102.333	227	0
1527868660.732162000	102.336	98	1
1527868660.931380000	102.535	384	1
1527868660.931465000	102.535	260	1
1527868660.948541000	102.552	87	0
1527868661.065616000	102.669	259	0
1527868661.065872000	102.669	148	0
1527868661.068240000	102.672	104	1
1527868661.070160000	102.674	92	0
1527868661.070686000	102.674	217	0
1527868661.073181000	102.677	101	1
1527868661.387078000	102.991	386	1
1527868661.387177000	102.991	262	1
1527868661.403993000	103.008	87	0
1527868661.498604000	103.102	235	0
1527868661.498750000	103.102	148	0
1527868661.501268000	103.105	104	1
1527868661.503934000	103.107	92	0
1527868661.504093000	103.108	237	0
1527868661.506250000	103.11	101	1
1527868661.810618000	103.414	389	1
1527868661.810700000	103.414	258	1
1527868661.828380000	103.432	87	0
1527868661.931284000	103.535	281	0
1527868661.931478000	103.535	148	0
1527868661.934214000	103.538	104	1
1527868661.935777000	103.539	92	0
1527868661.936081000	103.54	92	0
1527868661.938222000	103.542	101	1
1527868662.141474000	103.745	385	1
1527868662.141561000	103.745	258	1
1527868662.158316000	103.762	87	0
1527868662.254023000	103.858	233	0
1527868662.254182000	103.858	148	0
1527868662.257310000	103.861	104	1
1527868662.259305000	103.863	92	0
1527868662.259521000	103.863	153	0
1527868662.262237000	103.866	101	1
1527868662.453291000	104.057	385	1
1527868662.453356000	104.057	262	1
1527868662.469913000	104.073	87	0
1527868662.576720000	104.18	236	0
1527868662.576869000	104.18	148	0
1527868662.579319000	104.183	104	1
1527868662.581647000	104.185	92	0
1527868662.582312000	104.186	189	0
1527868662.584311000	104.188	101	1
1527868662.930553000	104.534	389	1
1527868662.930630000	104.534	259	1
1527868662.956221000	104.56	87	0
1527868663.061753000	104.665	370	0
1527868663.061904000	104.665	148	0
1527868663.064056000	104.668	92	0
1527868663.064290000	104.668	107	1
1527868663.064407000	104.668	195	0
1527868663.067342000	104.671	98	1
1527868663.720757000	105.324	987	1
1527868663.720830000	105.324	259	1
1527868663.737366000	105.341	87	0
1527868663.842315000	105.446	308	0
1527868663.842474000	105.446	148	0
1527868663.845393000	105.449	104	1
1527868663.848793000	105.452	92	0
1527868663.849170000	105.453	94	0
1527868663.851384000	105.455	101	1
1527868664.109259000	105.713	397	1
1527868664.109349000	105.713	259	1
1527868664.127065000	105.731	87	0
1527868664.242248000	105.846	233	0
1527868664.242375000	105.846	148	0
1527868664.245422000	105.849	104	1
1527868664.246378000	105.85	92	0
1527868664.246564000	105.85	139	0
1527868664.249429000	105.853	101	1
1527868664.746052000	106.35	966	1
1527868664.746142000	106.35	258	1
1527868664.762358000	106.366	87	0
1527868664.859188000	106.463	259	0
1527868664.859342000	106.463	148	0
1527868664.862450000	106.466	104	1
1527868664.863724000	106.467	92	0
1527868664.864156000	106.468	281	0
1527868664.866440000	106.47	101	1
1527868670.100082000	111.704	390	1
1527868670.100322000	111.704	264	1
1527868670.122831000	111.726	87	0
1527868670.275523000	111.879	258	0
1527868670.275703000	111.879	148	0
1527868670.278295000	111.882	104	1
1527868670.280959000	111.885	92	0
1527868670.281180000	111.885	106	0
1527868670.283279000	111.887	101	1
1527868670.359885000	111.963	390	1
1527868670.359977000	111.964	263	1
1527868670.378219000	111.982	87	0
1527868670.490585000	112.094	233	0
1527868670.490737000	112.094	148	0
1527868670.493379000	112.097	104	1
1527868670.495001000	112.099	92	0
1527868670.495314000	112.099	213	0
1527868670.497382000	112.101	101	1
1527868670.522729000	112.126	233	0
1527868670.525358000	112.129	98	1
1527868670.605566000	112.209	388	1
1527868670.605631000	112.209	262	1
1527868670.622114000	112.226	87	0
1527868670.730796000	112.334	233	0
1527868670.731008000	112.335	148	0
1527868670.733310000	112.337	104	1
1527868670.735378000	112.339	92	0
1527868670.735698000	112.339	135	0
1527868670.738339000	112.342	101	1
1527868670.832374000	112.436	387	1
1527868670.832491000	112.436	267	1
1527868670.849575000	112.453	87	0
1527868670.949230000	112.553	255	0
1527868670.949424000	112.553	148	0
1527868670.952313000	112.556	104	1
1527868670.954148000	112.558	92	0
1527868670.954550000	112.558	302	0
1527868670.956315000	112.56	101	1
1527868671.044631000	112.648	383	1
1527868671.044685000	112.648	263	1
1527868671.061673000	112.665	87	0
1527868671.066856000	112.67	87	0
1527868671.161528000	112.765	309	0
1527868671.162600000	112.766	148	0
1527868671.164331000	112.768	107	1
1527868671.165551000	112.769	92	0
1527868671.165743000	112.769	132	0
1527868671.168358000	112.772	101	1
1527868671.355181000	112.959	390	1
1527868671.355268000	112.959	266	1
1527868671.371216000	112.975	87	0
1527868671.376387000	112.98	87	0
1527868671.485995000	113.09	265	0
1527868671.486178000	113.09	148	0
1527868671.488434000	113.092	107	1
1527868671.490953000	113.095	92	0
1527868671.491333000	113.095	283	0
1527868671.493356000	113.097	101	1
1527868671.819152000	113.423	385	1
1527868671.819240000	113.423	266	1
1527868671.836227000	113.44	87	0
1527868671.942025000	113.546	259	0
1527868671.942593000	113.546	148	0
1527868671.944961000	113.549	92	0
1527868671.945446000	113.549	321	0
1527868671.945531000	113.549	107	1
1527868671.948445000	113.552	98	1
1527868672.237383000	113.841	389	1
1527868672.237473000	113.841	268	1
1527868672.252903000	113.856	87	0
1527868672.354681000	113.958	256	0
1527868672.354805000	113.958	148	0
1527868672.357388000	113.961	92	0
1527868672.357494000	113.961	104	1
1527868672.357771000	113.961	129	0
1527868672.360475000	113.964	101	1
1527868672.476792000	114.08	385	1
1527868672.476863000	114.08	264	1
1527868672.494313000	114.098	87	0
1527868672.583290000	114.187	232	0
1527868672.583429000	114.187	148	0
1527868672.586496000	114.19	104	1
1527868672.592452000	114.196	92	0
1527868672.592608000	114.196	313	0
1527868672.595486000	114.199	101	1
1527868672.686861000	114.29	989	1
1527868672.686954000	114.291	261	1
1527868672.703833000	114.307	87	0
1527868672.795522000	114.399	255	0
1527868672.795698000	114.399	148	0
1527868672.798523000	114.402	104	1
1527868672.799114000	114.403	92	0
1527868672.799327000	114.403	271	0
1527868672.801515000	114.405	101	1
1527868672.926914000	114.53	976	1
1527868672.927007000	114.531	266	1
1527868672.944476000	114.548	87	0
1527868672.949605000	114.553	87	0
1527868673.065233000	114.669	305	0
1527868673.065436000	114.669	148	0
1527868673.068389000	114.672	92	0
1527868673.068480000	114.672	107	1
1527868673.069021000	114.673	263	0
1527868673.071509000	114.675	101	1
1527868673.396974000	115.001	385	1
1527868673.397040000	115.001	266	1
1527868673.413405000	115.017	87	0
1527868673.425828000	115.029	87	0
1527868673.520524000	115.124	278	0
1527868673.520670000	115.124	148	0
1527868673.523551000	115.127	107	1
1527868673.524800000	115.128	92	0
1527868673.525021000	115.129	151	0
1527868673.527543000	115.131	101	1
1527868673.811933000	115.415	386	1
1527868673.812025000	115.416	268	1
1527868673.829199000	115.433	87	0
1527868673.926740000	115.53	308	0
1527868673.926987000	115.531	148	0
1527868673.929514000	115.533	104	1
1527868673.932574000	115.536	92	0
1527868673.932778000	115.536	173	0
1527868673.935490000	115.539	101	1
1527868674.077090000	115.681	386	1
1527868674.077181000	115.681	262	1
1527868674.093264000	115.697	87	0
1527868674.196396000	115.8	233	0
1527868674.196506000	115.8	148	0
1527868674.199580000	115.803	104	1
1527868674.203781000	115.807	92	0
1527868674.204158000	115.808	211	0
1527868674.206526000	115.81	101	1
1527868674.327956000	115.932	384	1
1527868674.328017000	115.932	266	1
1527868674.344771000	115.948	87	0
1527868674.610935000	116.214	235	0
1527868674.611128000	116.215	148	0
1527868674.613535000	116.217	104	1
1527868674.625140000	116.229	92	0
1527868674.625323000	116.229	143	0
1527868674.627556000	116.231	101	1
1527868674.776985000	116.381	388	1
1527868674.777077000	116.381	267	1
1527868674.793581000	116.397	87	0
1527868674.901588000	116.505	259	0
1527868674.901779000	116.505	148	0
1527868674.904638000	116.508	104	1
1527868674.906212000	116.51	92	0
1527868674.906358000	116.51	249	0
1527868674.908630000	116.512	101	1
