1527839253.183864000	0	293	1
1527839253.202187000	0.0183229	87	0
1527839253.478124000	0.29426	303	0
1527839253.482301000	0.298437	1412	0
1527839253.482384000	0.29852	101	1
1527839253.483910000	0.300046	1412	0
1527839253.485396000	0.301532	1412	0
1527839253.486365000	0.302501	104	1
1527839253.486894000	0.30303	180	0
1527839253.490327000	0.306463	98	1
1527839253.492894000	0.30903	1412	0
1527839253.494345000	0.310481	1412	0
1527839253.495888000	0.312024	1412	0
1527839253.496361000	0.312497	104	1
1527839253.497295000	0.313431	188	0
1527839253.501392000	0.317528	98	1
1527839253.505266000	0.321402	1412	0
1527839253.506804000	0.32294	1412	0
1527839253.508236000	0.324372	1412	0
1527839253.509386000	0.325522	104	1
1527839253.511133000	0.327269	173	0
1527839253.513119000	0.329255	1412	0
1527839253.514367000	0.330503	101	1
1527839253.514564000	0.3307	1412	0
1527839253.518365000	0.334501	98	1
1527839253.519911000	0.336047	1412	0
1527839253.521345000	0.337481	188	0
1527839253.522909000	0.339045	1412	0
1527839253.523351000	0.339487	104	1
1527839253.524343000	0.340479	1412	0
1527839253.525892000	0.342028	1412	0
1527839253.527316000	0.343452	180	0
1527839253.528365000	0.344501	104	1
1527839253.528909000	0.345045	1412	0
1527839253.530352000	0.346488	1412	0
1527839253.531905000	0.348041	1412	0
1527839253.532348000	0.348484	104	1
1527839253.533326000	0.349462	173	0
1527839253.534877000	0.351013	1412	0
1527839253.536328000	0.352464	1412	0
1527839253.537366000	0.353502	104	1
1527839253.537857000	0.353993	1412	0
1527839253.539323000	0.355459	190	0
1527839253.541343000	0.357479	101	1
1527839253.541866000	0.358002	1412	0
1527839253.543414000	0.35955	1412	0
1527839253.544902000	0.361038	1412	0
1527839253.546358000	0.362494	188	0
1527839253.547867000	0.364003	1412	0
1527839253.549397000	0.365533	1412	0
1527839253.550886000	0.367022	1412	0
1527839253.552334000	0.36847	180	0
1527839253.553845000	0.369981	1412	0
1527839253.555221000	0.371357	104	1
1527839253.555326000	0.371462	1412	0
1527839253.556818000	0.372954	1412	0
1527839253.558350000	0.374486	1412	0
1527839253.559836000	0.375972	1412	0
1527839253.561308000	0.377444	835	0
1527839253.562670000	0.378806	125	1
1527839253.562798000	0.378934	1412	0
1527839253.564284000	0.38042	1412	0
1527839253.566356000	0.382492	104	1
1527839253.570435000	0.386571	1412	0
1527839253.571897000	0.388033	951	0
1527839253.574374000	0.39051	101	1
1527839253.580229000	0.396365	173	0
1527839253.584392000	0.400528	98	1
1527839254.031114000	0.84725	640	1
1527839254.031209000	0.847345	1412	1
1527839254.031232000	0.847368	916	1
1527839254.032574000	0.84871	290	1
1527839254.049737000	0.865873	87	0
1527839254.067427000	0.883563	87	0
1527839254.165525000	0.981661	396	0
1527839254.169694000	0.98583	104	1
1527839254.180605000	0.996741	80	0
1527839254.184398000	1.00053	98	1
1527839254.241162000	1.0573	497	0
1527839254.242653000	1.05879	1412	0
1527839254.244136000	1.06027	1412	0
1527839254.245619000	1.06175	1412	0
1527839254.247073000	1.06321	180	0
1527839254.248686000	1.06482	1412	0
1527839254.250181000	1.06632	1412	0
1527839254.251654000	1.06779	1071	0
1527839254.253107000	1.06924	92	0
1527839254.254621000	1.07076	176	0
1527839254.255978000	1.07211	125	1
1527839254.296673000	1.11281	214	1
1527839254.316414000	1.13255	87	0
1527839254.473399000	1.28953	380	0
1527839254.474888000	1.29102	1116	0
1527839254.477205000	1.29334	92	0
1527839254.478753000	1.29489	239	0
1527839254.565901000	1.38204	380	0
1527839254.654162000	1.4703	1116	0
1527839254.854458000	1.67059	92	0
1527839254.855901000	1.67204	82	0
1527839255.254861000	2.071	380	0
1527839255.256341000	2.07248	1116	0
1527839255.284902000	2.10104	128	1
1527839255.684113000	2.50025	571	1
1527839255.685829000	2.50196	719	1
1527839255.702203000	2.51834	87	0
1527839255.716885000	2.53302	329	1
1527839255.735060000	2.5512	87	0
1527839255.754438000	2.57057	324	0
1527839255.755917000	2.57205	436	0
1527839255.759475000	2.57561	104	1
1527839255.763586000	2.57972	98	1
1527839255.885284000	2.70142	533	0
1527839255.886775000	2.70291	962	0
1527839255.888292000	2.70443	114	0
1527839255.889893000	2.70603	104	1
1527839256.030010000	2.84615	244	1
1527839256.030080000	2.84622	144	1
1527839256.049079000	2.86521	87	0
1527839256.105741000	2.92188	1412	0
1527839256.107212000	2.92335	1412	0
1527839256.108771000	2.92491	1412	0
1527839256.109493000	2.92563	107	1
1527839256.110247000	2.92638	542	0
1527839256.111722000	2.92786	92	0
1527839256.113215000	2.92935	289	0
1527839256.113861000	2.93	104	1
1527839256.125876000	2.94201	155	1
1527839256.125952000	2.94209	190	1
1527839256.143940000	2.96008	87	0
1527839256.241536000	3.05767	595	0
1527839256.242989000	3.05912	92	0
1527839256.244476000	3.06061	115	0
1527839256.245716000	3.06185	107	1
1527839256.932178000	3.74831	232	1
1527839256.952194000	3.76833	1412	1
1527839256.953244000	3.76938	87	0
1527839256.966997000	3.78313	1412	1
1527839256.967037000	3.78317	307	1
1527839256.967118000	3.78325	844	1
1527839256.968735000	3.78487	1412	1
1527839256.968762000	3.7849	215	1
1527839256.971199000	3.78733	87	0
1527839256.985938000	3.80207	87	0
1527839257.007181000	3.82332	485	0
1527839257.008556000	3.82469	257	0
1527839257.011584000	3.82772	110	1
1527839257.038998000	3.85513	437	0
1527839257.040499000	3.85663	1412	0
1527839257.041970000	3.85811	996	0
1527839257.042541000	3.85868	104	1
1527839257.043447000	3.85958	92	0
1527839257.044941000	3.86108	255	0
1527839257.047556000	3.86369	101	1
1527839257.178383000	3.99452	1389	1
1527839257.197951000	4.01409	87	0
1527839257.324674000	4.14081	1412	0
1527839257.326119000	4.14225	309	0
1527839257.327610000	4.14375	322	0
1527839257.328557000	4.14469	107	1
1527839257.345589000	4.16172	527	1
1527839257.345685000	4.16182	1412	1
1527839257.345724000	4.16186	1412	1
1527839257.345776000	4.16191	965	1
1527839257.365735000	4.18187	87	0
1527839257.371731000	4.18787	272	0
1527839257.373217000	4.18935	958	0
1527839257.375558000	4.19169	104	1
1527839257.379907000	4.19604	87	0
1527839257.463559000	4.27969	375	0
1527839257.466159000	4.28229	80	0
1527839257.467656000	4.28379	104	1
1527839258.109092000	4.92523	1390	1
1527839258.129123000	4.94526	87	0
1527839258.253345000	5.06948	407	0
1527839258.254491000	5.07063	101	1
1527839258.254771000	5.07091	163	0
1527839258.256327000	5.07246	170	0
1527839258.269679000	5.08581	101	1
1527839259.055283000	5.87142	334	1
1527839259.055343000	5.87148	1412	1
1527839259.055380000	5.87152	989	1
1527839259.058793000	5.87493	225	1
1527839259.058881000	5.87502	1412	1
1527839259.058906000	5.87504	1412	1
1527839259.058946000	5.87508	1412	1
1527839259.058997000	5.87513	1412	1
1527839259.059021000	5.87516	1412	1
1527839259.059045000	5.87518	1412	1
1527839259.059091000	5.87523	1412	1
1527839259.059133000	5.87527	1412	1
1527839259.059155000	5.87529	1412	1
1527839259.061021000	5.87716	1412	1
1527839259.061096000	5.87723	1412	1
1527839259.061121000	5.87726	1412	1
1527839259.061163000	5.8773	529	1
1527839259.063582000	5.87972	101	1
1527839259.073709000	5.88984	251	1
1527839259.074198000	5.89033	87	0
1527839259.075884000	5.89202	415	0
1527839259.078290000	5.89443	87	0
1527839259.079768000	5.8959	104	0
1527839259.080384000	5.89652	107	1
1527839259.094345000	5.91048	87	0
1527839259.245842000	6.06198	537	0
1527839259.247302000	6.06344	306	0
1527839259.248047000	6.06418	118	1
1527839259.248857000	6.06499	192	0
1527839259.255614000	6.07175	101	1
1527839259.256454000	6.07259	252	1
1527839259.266665000	6.0828	87	0
1527839259.274097000	6.09023	87	0
1527839259.400361000	6.2165	565	0
1527839259.403191000	6.21933	80	0
1527839259.404007000	6.22014	107	1
1527839259.451104000	6.26724	873	0
1527839259.455527000	6.27166	98	1
1527839259.459380000	6.27552	1412	0
1527839259.460876000	6.27701	1412	0
1527839259.462352000	6.27849	1412	0
1527839259.463002000	6.27914	104	1
1527839259.463805000	6.27994	186	0
1527839259.465316000	6.28145	1412	0
1527839259.466809000	6.28294	1351	0
1527839259.467031000	6.28317	104	1
1527839259.468348000	6.28448	1412	0
1527839259.469825000	6.28596	1412	0
1527839259.471311000	6.28745	1412	0
1527839259.472761000	6.2889	188	0
1527839259.474024000	6.29016	107	1
1527839259.474263000	6.2904	1235	0
1527839259.479384000	6.29552	98	1
1527839259.489906000	6.30604	1412	0
1527839259.491380000	6.30752	1412	0
1527839259.492863000	6.309	1412	0
1527839259.494351000	6.31049	1412	0
1527839259.495820000	6.31196	835	0
1527839259.497319000	6.31345	1412	0
1527839259.498866000	6.315	1412	0
1527839259.500356000	6.31649	1412	0
1527839259.501838000	6.31797	1412	0
1527839259.502098000	6.31823	122	1
1527839259.503326000	6.31946	1412	0
1527839259.504827000	6.32096	1412	0
1527839259.506316000	6.32245	1412	0
1527839259.507137000	6.32327	104	1
1527839259.507769000	6.3239	572	0
1527839259.509341000	6.32548	1412	0
1527839259.510832000	6.32697	1412	0
1527839259.512317000	6.32845	1412	0
1527839259.513766000	6.3299	190	0
1527839259.516023000	6.33216	110	1
1527839259.516130000	6.33227	1412	0
1527839259.517582000	6.33372	193	0
1527839259.519159000	6.33529	1412	0
1527839259.520006000	6.33614	104	1
1527839259.520648000	6.33678	1412	0
1527839259.522134000	6.33827	1412	0
1527839259.523590000	6.33973	190	0
1527839259.525022000	6.34116	104	1
1527839259.525089000	6.34122	1195	0
1527839259.526579000	6.34271	1412	0
1527839259.528078000	6.34421	1412	0
1527839259.529449000	6.34558	104	1
1527839259.529589000	6.34572	1412	0
1527839259.531080000	6.34722	1089	0
1527839259.532558000	6.34869	1412	0
1527839259.534013000	6.35015	104	1
1527839259.534040000	6.35018	1269	0
1527839259.535505000	6.35164	744	0
1527839259.537011000	6.35315	1412	0
1527839259.538049000	6.35418	104	1
1527839259.538532000	6.35467	1331	0
1527839259.540018000	6.35615	1412	0
1527839259.541500000	6.35764	1412	0
1527839259.542954000	6.35909	364	0
1527839259.543025000	6.35916	104	1
1527839259.547042000	6.36318	98	1
1527839260.834007000	7.65014	913	1
1527839260.834085000	7.65022	144	1
1527839260.852657000	7.66879	87	0
1527839260.857581000	7.67372	87	0
1527839260.908055000	7.72419	1412	0
1527839260.909589000	7.72572	1412	0
1527839260.911075000	7.72721	1412	0
1527839260.912089000	7.72822	110	1
1527839260.912563000	7.7287	635	0
1527839260.914036000	7.73017	300	0
1527839260.922502000	7.73864	101	1
1527839261.886194000	8.70233	381	1
1527839261.886272000	8.70241	294	1
1527839261.888887000	8.70502	524	1
1527839261.888981000	8.70512	1412	1
1527839261.889019000	8.70515	1412	1
1527839261.889047000	8.70518	989	1
1527839261.904690000	8.72083	87	0
1527839261.912381000	8.72852	87	0
1527839261.920511000	8.73665	87	0
1527839261.965332000	8.78147	404	1
1527839261.983916000	8.80005	87	0
1527839261.988458000	8.80459	398	0
1527839261.994172000	8.81031	101	1
1527839261.994634000	8.81077	80	0
1527839261.998141000	8.81428	98	1
1527839262.071861000	8.888	287	0
1527839262.073318000	8.88945	103	0
1527839262.076188000	8.89232	101	1
1527839262.077423000	8.89356	317	0
1527839262.081188000	8.89732	98	1
1527839262.081879000	8.89801	306	0
1527839262.083398000	8.89953	1412	0
1527839262.084859000	8.90099	501	0
1527839262.085154000	8.90129	104	1
1527839262.086339000	8.90247	592	0
1527839262.087821000	8.90396	635	0
1527839262.089360000	8.9055	467	0
1527839262.090155000	8.90629	104	1
1527839262.090849000	8.90698	697	0
1527839262.092324000	8.90846	484	0
1527839262.094161000	8.9103	101	1
1527839262.094701000	8.91084	1412	0
1527839262.096167000	8.9123	509	0
1527839262.097647000	8.91378	439	0
1527839262.098150000	8.91429	104	1
1527839262.099221000	8.91536	1235	0
1527839262.100707000	8.91684	1130	0
1527839262.102178000	8.91831	583	0
1527839262.103153000	8.91929	104	1
1527839262.103661000	8.9198	689	0
1527839262.107192000	8.92333	98	1
1527839262.108019000	8.92415	102	0
1527839262.109572000	8.92571	203	0
1527839262.112176000	8.92831	101	1
1527839262.520383000	9.33652	1412	1
1527839262.520414000	9.33655	1412	1
1527839262.520453000	9.33659	259	1
1527839262.520510000	9.33665	844	1
1527839262.539236000	9.35537	87	0
1527839262.560501000	9.37664	485	0
1527839262.561967000	9.3781	208	0
1527839262.564190000	9.38033	104	1
1527839262.850724000	9.66686	1007	1
1527839262.850798000	9.66693	94	1
1527839262.877329000	9.69346	87	0
1527839263.012306000	9.82844	427	0
1527839263.013763000	9.8299	369	0
1527839263.015648000	9.83178	225	0
1527839263.016551000	9.83269	107	1
1527839263.734916000	10.5511	477	1
1527839263.734990000	10.5511	109	1
1527839263.742987000	10.5591	304	1
1527839263.745174000	10.5613	480	1
1527839263.745241000	10.5614	87	1
1527839263.753983000	10.5701	87	0
1527839263.763600000	10.5797	87	0
1527839263.828602000	10.6447	290	0
1527839263.830074000	10.6462	151	0
1527839263.832286000	10.6484	107	1
1527839263.832586000	10.6487	92	0
1527839263.834073000	10.6502	105	0
1527839263.836430000	10.6526	101	1
1527839263.917883000	10.734	268	0
1527839263.919456000	10.7356	140	0
1527839263.921261000	10.7374	101	1
1527839263.922065000	10.7382	92	0
1527839263.923561000	10.7397	180	0
1527839263.925292000	10.7414	101	1
1527839263.936915000	10.7531	233	0
1527839263.938440000	10.7546	103	0
1527839263.940585000	10.7567	101	1
1527839263.941382000	10.7575	92	0
1527839263.942907000	10.759	202	0
1527839263.945301000	10.7614	101	1
1527839264.372099000	11.1882	393	1
1527839264.372175000	11.1883	256	1
1527839264.391247000	11.2074	87	0
1527839264.838485000	11.6546	305	1
1527839264.838618000	11.6548	1412	1
1527839264.838643000	11.6548	1412	1
1527839264.838687000	11.6548	1412	1
1527839264.838739000	11.6549	1412	1
1527839264.838774000	11.6549	1412	1
1527839264.838808000	11.6549	1412	1
1527839264.838847000	11.655	1412	1
1527839264.838888000	11.655	1412	1
1527839264.838938000	11.6551	1412	1
1527839264.838973000	11.6551	1412	1
1527839264.839022000	11.6552	1412	1
1527839264.839057000	11.6552	1412	1
1527839264.839092000	11.6552	1412	1
1527839264.839128000	11.6553	1412	1
1527839264.839163000	11.6553	1412	1
1527839264.839197000	11.6553	1412	1
1527839264.840341000	11.6565	1412	1
1527839264.840389000	11.6565	1412	1
1527839264.840444000	11.6566	1412	1
1527839264.840479000	11.6566	1412	1
1527839264.840507000	11.6566	1412	1
1527839264.840549000	11.6567	1412	1
1527839264.840583000	11.6567	1412	1
1527839264.840629000	11.6568	1412	1
1527839264.840664000	11.6568	1412	1
1527839264.840693000	11.6568	1412	1
1527839264.840739000	11.6569	1412	1
1527839264.840762000	11.6569	1412	1
1527839264.842395000	11.6585	1412	1
1527839264.842435000	11.6586	1412	1
1527839264.842495000	11.6586	1412	1
1527839264.842554000	11.6587	1412	1
1527839264.842588000	11.6587	1412	1
1527839264.842607000	11.6587	261	1
1527839264.856829000	11.673	87	0
1527839264.858528000	11.6747	87	0
1527839264.860817000	11.677	87	0
1527839264.865596000	11.6817	87	0
1527839265.016273000	11.8324	396	0
1527839265.020422000	11.8366	113	1
1527839265.021295000	11.8374	80	0
1527839265.025415000	11.8416	100	1
1527839265.075185000	11.8913	269	0
1527839265.076669000	11.8928	146	0
1527839265.078592000	11.8947	92	0
1527839265.079407000	11.8955	106	1
1527839265.080108000	11.8962	212	0
1527839265.083406000	11.8995	100	1
1527839265.123296000	11.9394	363	1
1527839265.124372000	11.9405	297	1
1527839265.152707000	11.9688	378	1
1527839265.157896000	11.974	87	0
1527839265.171206000	11.9873	87	0
1527839265.232308000	12.0484	257	0
1527839265.233772000	12.0499	118	0
1527839265.236344000	12.0525	109	1
1527839265.237168000	12.0533	92	0
1527839265.238727000	12.0549	247	0
1527839265.240321000	12.0565	103	1
1527839265.322230000	12.1384	246	0
1527839265.323703000	12.1398	279	0
1527839265.325330000	12.1415	92	0
1527839265.326349000	12.1425	106	1
1527839265.326818000	12.143	337	0
1527839265.330429000	12.1466	100	1
1527839265.414053000	12.2302	588	0
1527839265.415530000	12.2317	804	0
1527839265.416989000	12.2331	92	0
1527839265.418422000	12.2346	106	1
1527839265.418652000	12.2348	266	0
1527839265.422364000	12.2385	100	1
1527839265.513724000	12.3299	395	1
1527839265.513802000	12.3299	442	1
1527839265.532058000	12.3482	87	0
1527839265.621066000	12.4372	1412	1
1527839265.621138000	12.4373	344	1
1527839265.641412000	12.4575	87	0
1527839265.701588000	12.5177	306	0
1527839265.703077000	12.5192	146	0
1527839265.705379000	12.5215	109	1
1527839265.707182000	12.5233	92	0
1527839265.708953000	12.5251	317	0
1527839265.710350000	12.5265	103	1
1527839265.793513000	12.6096	464	0
1527839265.795010000	12.6111	467	0
1527839265.796470000	12.6126	117	0
1527839265.797380000	12.6135	106	1
1527839265.808649000	12.6248	915	1
1527839265.808723000	12.6249	253	1
1527839265.809469000	12.6256	405	1
1527839265.828972000	12.6451	87	0
1527839265.965314000	12.7814	524	0
1527839265.966700000	12.7828	145	0
1527839265.969400000	12.7855	106	1
1527839265.975750000	12.7919	335	0
1527839265.977200000	12.7933	146	0
1527839265.979378000	12.7955	103	1
1527839265.980303000	12.7964	92	0
1527839265.981762000	12.7979	333	0
1527839265.984409000	12.8005	103	1
1527839266.264911000	13.081	471	1
1527839266.264973000	13.0811	256	1
1527839266.287339000	13.1035	87	0
1527839266.367597000	13.1837	258	0
1527839266.369105000	13.1852	146	0
1527839266.371431000	13.1876	106	1
1527839266.376160000	13.1923	92	0
1527839266.377675000	13.1938	128	0
1527839266.380485000	13.1966	103	1
1527839266.625763000	13.4419	392	1
1527839266.625822000	13.442	256	1
1527839266.645243000	13.4614	87	0
1527839266.745479000	13.5616	258	0
1527839266.746911000	13.563	146	0
1527839266.749509000	13.5656	106	1
1527839266.749611000	13.5657	92	0
1527839266.751160000	13.5673	311	0
1527839266.753445000	13.5696	103	1
1527839267.937192000	14.7533	395	1
1527839267.937259000	14.7534	260	1
1527839267.957116000	14.7733	87	0
1527839267.960212000	14.7763	87	0
1527839268.060326000	14.8765	259	0
1527839268.061829000	14.878	146	0
1527839268.063315000	14.8795	92	0
1527839268.064512000	14.8806	112	1
1527839268.064793000	14.8809	251	0
1527839268.068578000	14.8847	100	1
1527839268.176626000	14.9928	396	1
1527839268.176691000	14.9928	255	1
1527839268.194739000	15.0109	87	0
1527839268.384893000	15.201	278	0
1527839268.386364000	15.2025	146	0
1527839268.387841000	15.204	92	0
1527839268.388604000	15.2047	109	1
1527839268.389392000	15.2055	289	0
1527839268.393588000	15.2097	100	1
1527839268.550000000	15.3661	394	1
1527839268.550087000	15.3662	257	1
1527839268.570487000	15.3866	87	0
1527839268.742593000	15.5587	258	0
1527839268.744079000	15.5602	146	0
1527839268.746626000	15.5628	106	1
1527839268.747330000	15.5635	92	0
1527839268.748877000	15.565	292	0
1527839268.750612000	15.5667	103	1
1527839269.000989000	15.8171	396	1
1527839269.001061000	15.8172	254	1
1527839269.019614000	15.8357	87	0
1527839269.177032000	15.9932	233	0
1527839269.178599000	15.9947	148	0
1527839269.180008000	15.9961	92	0
1527839269.180562000	15.9967	109	1
1527839269.181526000	15.9977	311	0
1527839269.185587000	16.0017	100	1
1527839269.492019000	16.3082	393	1
1527839269.492084000	16.3082	259	1
1527839269.510598000	16.3267	87	0
1527839269.648913000	16.465	260	0
1527839269.650384000	16.4665	148	0
1527839269.652682000	16.4688	106	1
1527839269.653342000	16.4695	92	0
1527839269.654825000	16.471	121	0
1527839269.656664000	16.4728	103	1
1527839269.751986000	16.5681	394	1
1527839269.752047000	16.5682	257	1
1527839269.770490000	16.5866	87	0
1527839269.930069000	16.7462	260	0
1527839269.931534000	16.7477	148	0
1527839269.933082000	16.7492	92	0
1527839269.933626000	16.7498	109	1
1527839269.934596000	16.7507	219	0
1527839269.938655000	16.7548	100	1
1527839270.192031000	17.0082	396	1
1527839270.192126000	17.0083	261	1
1527839270.212835000	17.029	87	0
1527839270.378186000	17.1943	237	0
1527839270.379687000	17.1958	148	0
1527839270.381634000	17.1978	106	1
1527839270.382271000	17.1984	92	0
1527839270.383780000	17.1999	168	0
1527839270.385623000	17.2018	103	1
1527839270.543011000	17.3591	394	1
1527839270.543070000	17.3592	257	1
1527839270.563910000	17.38	87	0
1527839270.642170000	17.4583	308	0
1527839270.643641000	17.4598	148	0
1527839270.645042000	17.4612	92	0
1527839270.645735000	17.4619	109	1
1527839270.646631000	17.4628	241	0
1527839270.650822000	17.467	100	1
1527839270.804257000	17.6204	993	1
1527839270.804321000	17.6205	259	1
1527839270.823477000	17.6396	87	0
1527839270.925313000	17.7414	235	0
1527839270.926808000	17.7429	148	0
1527839270.928754000	17.7449	92	0
1527839270.929683000	17.7458	109	1
1527839270.930276000	17.7464	156	0
1527839270.933676000	17.7498	100	1
1527839271.093111000	17.9092	914	1
1527839271.093203000	17.9093	258	1
1527839271.111857000	17.928	87	0
1527839271.254873000	18.071	352	0
1527839271.256348000	18.0725	148	0
1527839271.258764000	18.0749	106	1
1527839271.258793000	18.0749	92	0
1527839271.260365000	18.0765	124	0
1527839271.262756000	18.0789	103	1
1527839271.548615000	18.3648	467	1
1527839271.548707000	18.3648	261	1
1527839271.565623000	18.3818	100	0
1527839271.569686000	18.3858	87	0
1527839271.569782000	18.3859	100	1
1527839271.665776000	18.4819	258	0
1527839271.667229000	18.4834	148	0
1527839271.668766000	18.4849	92	0
1527839271.669721000	18.4859	109	1
1527839271.670300000	18.4864	278	0
1527839271.673705000	18.4898	100	1
1527839271.966069000	18.7822	392	1
1527839271.966130000	18.7823	259	1
1527839271.994920000	18.8111	87	0
1527839272.084278000	18.9004	337	0
1527839272.085775000	18.9019	148	0
1527839272.087756000	18.9039	106	1
1527839272.088248000	18.9044	92	0
1527839272.089742000	18.9059	336	0
1527839272.091820000	18.908	103	1
1527839272.355320000	19.1715	391	1
1527839272.355417000	19.1716	257	1
1527839272.375506000	19.1916	87	0
1527839272.489223000	19.3054	259	0
1527839272.490695000	19.3068	148	0
1527839272.492848000	19.309	106	1
1527839272.493602000	19.3097	92	0
1527839272.495093000	19.3112	145	0
1527839272.497832000	19.314	103	1
1527839272.784325000	19.6005	392	1
1527839272.784401000	19.6005	261	1
1527839272.803338000	19.6195	87	0
1527839272.922292000	19.7384	258	0
1527839272.923691000	19.7398	148	0
1527839272.925310000	19.7414	92	0
1527839272.925889000	19.742	109	1
1527839272.926794000	19.7429	176	0
1527839272.930887000	19.747	100	1
1527839273.081184000	19.8973	395	1
1527839273.081276000	19.8974	262	1
1527839273.100056000	19.9162	87	0
1527839273.242067000	20.0582	235	0
1527839273.243543000	20.0597	148	0
1527839273.245894000	20.062	106	1
1527839273.246243000	20.0624	92	0
1527839273.247729000	20.0639	166	0
1527839273.249874000	20.066	103	1
1527839273.525332000	20.3415	395	1
1527839273.525420000	20.3416	264	1
1527839273.546870000	20.363	87	0
1527839273.707712000	20.5238	303	0
1527839273.709242000	20.5254	148	0
1527839273.711848000	20.528	106	1
1527839273.712180000	20.5283	92	0
1527839273.713674000	20.5298	272	0
1527839273.715834000	20.532	103	1
1527839274.055764000	20.8719	395	1
1527839274.055839000	20.872	259	1
1527839274.074114000	20.8902	87	0
1527839274.165558000	20.9817	233	0
1527839274.167040000	20.9832	148	0
1527839274.168882000	20.985	106	1
1527839274.169942000	20.9861	92	0
1527839274.171437000	20.9876	91	0
1527839274.173858000	20.99	103	1
1527839274.786187000	21.6023	395	1
1527839274.786274000	21.6024	256	1
1527839274.804864000	21.621	87	0
1527839274.979681000	21.7958	258	0
1527839274.981164000	21.7973	148	0
1527839274.983518000	21.7997	92	0
1527839274.983950000	21.8001	109	1
1527839274.984999000	21.8011	254	0
1527839274.988941000	21.8051	100	1
1527839278.219260000	25.0354	391	1
1527839278.219314000	25.0354	259	1
1527839278.239154000	25.0553	87	0
1527839278.414458000	25.2306	258	0
1527839278.415907000	25.232	148	0
1527839278.417781000	25.2339	92	0
1527839278.418024000	25.2342	109	1
1527839278.419377000	25.2355	170	0
1527839278.422936000	25.2391	100	1
1527839278.446173000	25.2623	395	1
1527839278.446255000	25.2624	260	1
1527839278.463800000	25.2799	87	0
1527839278.605860000	25.422	282	0
1527839278.607411000	25.4235	148	0
1527839278.609948000	25.4261	106	1
1527839278.610787000	25.4269	92	0
1527839278.612273000	25.4284	120	0
1527839278.614936000	25.4311	103	1
1527839278.986532000	25.8027	997	1
1527839278.986592000	25.8027	257	1
1527839279.005073000	25.8212	87	0
1527839279.151751000	25.9679	232	0
1527839279.153225000	25.9694	148	0
1527839279.155310000	25.9714	92	0
1527839279.155946000	25.9721	109	1
1527839279.156818000	25.973	125	0
1527839279.160942000	25.9771	100	1
1527839279.228669000	26.0448	909	1
1527839279.228770000	26.0449	259	1
1527839279.258209000	26.0743	87	0
1527839279.341911000	26.158	285	0
1527839279.343423000	26.1596	148	0
1527839279.344905000	26.161	92	0
1527839279.345960000	26.1621	109	1
1527839279.346396000	26.1625	221	0
1527839279.349951000	26.1661	100	1
1527839279.633477000	26.4496	469	1
1527839279.633542000	26.4497	256	1
1527839279.651230000	26.4674	87	0
1527839279.656638000	26.4728	87	0
1527839279.814946000	26.6311	258	0
1527839279.816417000	26.6326	148	0
1527839279.818256000	26.6344	92	0
1527839279.819001000	26.6351	112	1
1527839279.819760000	26.6359	88	0
1527839279.822967000	26.6391	100	1
1527839280.372641000	27.1888	391	1
1527839280.372739000	27.1889	260	1
1527839280.391349000	27.2075	87	0
1527839280.564576000	27.3807	377	0
1527839280.566007000	27.3821	148	0
1527839280.568069000	27.3842	106	1
1527839280.569028000	27.3852	92	0
1527839280.570594000	27.3867	322	0
1527839280.573040000	27.3892	103	1
1527839280.616430000	27.4326	391	1
1527839280.616514000	27.4326	256	1
1527839280.635446000	27.4516	87	0
1527839280.638489000	27.4546	90	0
1527839280.640282000	27.4564	87	0
1527839280.642088000	27.4582	106	1
1527839280.774429000	27.5906	233	0
1527839280.775899000	27.592	148	0
1527839280.778106000	27.5942	103	1
1527839280.779196000	27.5953	92	0
1527839280.780679000	27.5968	99	0
1527839280.783088000	27.5992	103	1
1527839281.074592000	27.8907	390	1
1527839281.074646000	27.8908	262	1
1527839281.099171000	27.9153	87	0
1527839281.184017000	28.0002	337	0
1527839281.185533000	28.0017	148	0
1527839281.187720000	28.0039	92	0
1527839281.188136000	28.0043	109	1
1527839281.189363000	28.0055	126	0
1527839281.193111000	28.0092	100	1
1527839281.469751000	28.2859	391	1
1527839281.469804000	28.2859	257	1
1527839281.488540000	28.3047	87	0
1527839281.601357000	28.4175	279	0
1527839281.602818000	28.419	148	0
1527839281.605152000	28.4213	106	1
1527839281.606614000	28.4227	92	0
1527839281.609244000	28.4254	283	0
1527839281.610063000	28.4262	103	1
1527839281.758516000	28.5747	390	1
1527839281.758609000	28.5747	259	1
1527839281.777376000	28.5935	87	0
1527839281.917759000	28.7339	235	0
1527839281.919351000	28.7355	148	0
1527839281.920951000	28.7371	92	0
1527839281.922159000	28.7383	109	1
1527839281.922507000	28.7386	99	0
1527839281.926156000	28.7423	100	1
1527839282.229364000	29.0455	391	1
1527839282.229452000	29.0456	260	1
1527839282.249721000	29.0659	87	0
1527839282.352003000	29.1681	235	0
1527839282.353514000	29.1696	148	0
1527839282.355903000	29.172	92	0
1527839282.356148000	29.1723	109	1
1527839282.357419000	29.1736	263	0
1527839282.361188000	29.1773	100	1
1527839282.501460000	29.3176	391	1
1527839282.501546000	29.3177	256	1
1527839282.519907000	29.336	87	0
1527839282.632653000	29.4488	301	0
1527839282.634130000	29.4503	148	0
1527839282.636170000	29.4523	92	0
1527839282.636253000	29.4524	106	1
1527839282.637680000	29.4538	175	0
1527839282.640200000	29.4563	103	1
1527839282.903977000	29.7201	390	1
1527839282.904050000	29.7202	257	1
1527839282.938235000	29.7544	390	1
1527839282.938930000	29.7551	87	0
1527839282.962775000	29.7789	87	0
1527839283.017962000	29.8341	235	0
1527839283.019556000	29.8357	148	0
1527839283.022225000	29.8384	109	1
1527839283.022414000	29.8385	92	0
1527839283.023908000	29.84	282	0
1527839283.026216000	29.8424	103	1
1527839283.245746000	30.0619	391	1
1527839283.245823000	30.062	257	1
1527839283.264619000	30.0808	87	0
1527839283.358479000	30.1746	233	0
1527839283.359910000	30.176	148	0
1527839283.362250000	30.1784	106	1
1527839283.362941000	30.1791	92	0
1527839283.364490000	30.1806	310	0
1527839283.366234000	30.1824	103	1
1527839283.660227000	30.4764	394	1
1527839283.660297000	30.4764	259	1
1527839283.679172000	30.4953	87	0
1527839283.822624000	30.6388	256	0
1527839283.824109000	30.6402	148	0
1527839283.826277000	30.6424	106	1
1527839283.828970000	30.6451	92	0
1527839283.830516000	30.6467	115	0
1527839283.832262000	30.6484	103	1
1527839284.201521000	31.0177	996	1
1527839284.201612000	31.0177	258	1
1527839284.220135000	31.0363	87	0
1527839284.368501000	31.1846	256	0
1527839284.369985000	31.1861	148	0
1527839284.372237000	31.1884	106	1
1527839284.372497000	31.1886	92	0
1527839284.373986000	31.1901	174	0
1527839284.376222000	31.1924	103	1
1527839284.417438000	31.2336	914	1
1527839284.417510000	31.2336	261	1
1527839284.436314000	31.2524	87	0
1527839284.523839000	31.34	235	0
1527839284.525277000	31.3414	148	0
1527839284.527322000	31.3435	106	1
1527839284.527676000	31.3438	92	0
1527839284.529221000	31.3454	214	0
1527839284.531304000	31.3474	103	1
1527839284.679732000	31.4959	468	1
1527839284.679796000	31.4959	258	1
1527839284.697918000	31.5141	87	0
1527839284.790969000	31.6071	308	0
1527839284.792493000	31.6086	148	0
1527839284.795352000	31.6115	106	1
1527839284.795485000	31.6116	92	0
1527839284.796954000	31.6131	201	0
1527839284.799320000	31.6155	103	1
1527839285.010681000	31.8268	392	1
1527839285.010780000	31.8269	261	1
1527839285.029648000	31.8458	87	0
1527839285.121237000	31.9374	235	0
1527839285.122715000	31.9389	148	0
1527839285.125344000	31.9415	106	1
1527839285.125694000	31.9418	92	0
1527839285.127186000	31.9433	298	0
1527839285.129338000	31.9455	103	1
1527839285.584708000	32.4008	396	1
1527839285.584783000	32.4009	262	1
1527839285.613907000	32.43	87	0
1527839285.706509000	32.5226	375	0
1527839285.707969000	32.5241	148	0
1527839285.710097000	32.5262	92	0
1527839285.710294000	32.5264	109	1
1527839285.711607000	32.5277	251	0
1527839285.715314000	32.5314	100	1
1527839285.886844000	32.703	393	1
1527839285.886935000	32.7031	260	1
1527839285.905752000	32.7219	87	0
1527839286.010789000	32.8269	235	0
1527839286.012301000	32.8284	148	0
1527839286.014408000	32.8305	106	1
1527839286.015922000	32.8321	92	0
1527839286.017390000	32.8335	95	0
1527839286.019416000	32.8356	103	1
1527839286.338634000	33.1548	391	1
1527839286.338699000	33.1548	260	1
1527839286.357586000	33.1737	87	0
1527839286.458982000	33.2751	335	0
1527839286.460506000	33.2766	148	0
1527839286.462505000	33.2786	92	0
1527839286.463449000	33.2796	109	1
1527839286.463981000	33.2801	200	0
1527839286.467396000	33.2835	100	1
1527839286.787318000	33.6035	391	1
1527839286.787394000	33.6035	262	1
1527839286.805631000	33.6218	87	0
1527839286.952981000	33.7691	282	0
1527839286.954448000	33.7706	148	0
1527839286.956459000	33.7726	106	1
1527839286.958348000	33.7745	92	0
1527839286.959841000	33.776	130	0
1527839286.962444000	33.7786	103	1
1527839287.048077000	33.8642	392	1
1527839287.048140000	33.8643	258	1
1527839287.066475000	33.8826	87	0
1527839287.221098000	34.0372	233	0
1527839287.222568000	34.0387	148	0
1527839287.224042000	34.0402	92	0
1527839287.225388000	34.0415	109	1
1527839287.225556000	34.0417	278	0
1527839287.229412000	34.0455	100	1
1527839287.427589000	34.2437	390	1
1527839287.427672000	34.2438	258	1
1527839287.445337000	34.2615	87	0
1527839287.553731000	34.3699	258	0
1527839287.555212000	34.3713	148	0
1527839287.557484000	34.3736	106	1
1527839287.560232000	34.3764	92	0
1527839287.561830000	34.378	219	0
1527839287.563477000	34.3796	103	1
1527839287.822009000	34.6381	392	1
1527839287.822105000	34.6382	258	1
1527839287.841104000	34.6572	87	0
1527839287.948857000	34.765	277	0
1527839287.950328000	34.7665	148	0
1527839287.952533000	34.7687	106	1
1527839287.958595000	34.7747	92	0
1527839287.960094000	34.7762	163	0
1527839287.961454000	34.7776	103	1
1527839288.332688000	35.1488	389	1
1527839288.332755000	35.1489	261	1
1527839288.358180000	35.1743	87	0
1527839288.503772000	35.3199	235	0
1527839288.505242000	35.3214	148	0
1527839288.506956000	35.3231	92	0
1527839288.507546000	35.3237	109	1
1527839288.508519000	35.3247	124	0
1527839288.512486000	35.3286	100	1
1527839288.684063000	35.5002	997	1
1527839288.684156000	35.5003	257	1
1527839288.703797000	35.5199	87	0
1527839288.854000000	35.6701	258	0
1527839288.855519000	35.6717	148	0
1527839288.857525000	35.6737	92	0
1527839288.857581000	35.6737	106	1
1527839288.859100000	35.6752	323	0
1527839288.861558000	35.6777	103	1
1527839289.123692000	35.9398	403	1
1527839289.123781000	35.9399	257	1
1527839289.143709000	35.9598	87	0
1527839289.301187000	36.1173	235	0
1527839289.302659000	36.1188	148	0
1527839289.305271000	36.1214	92	0
1527839289.305533000	36.1217	109	1
1527839289.306778000	36.1229	171	0
1527839289.310582000	36.1267	100	1
1527839289.442889000	36.259	903	1
1527839289.442953000	36.2591	259	1
1527839289.461508000	36.2776	87	0
1527839289.630536000	36.4467	282	0
1527839289.631954000	36.4481	148	0
1527839289.634675000	36.4508	92	0
1527839289.634681000	36.4508	106	1
1527839289.636252000	36.4524	103	0
1527839289.638605000	36.4547	103	1
1527839289.961784000	36.7779	468	1
1527839289.961876000	36.778	260	1
1527839289.991135000	36.8073	87	0
1527839290.134384000	36.9505	235	0
1527839290.135855000	36.952	148	0
1527839290.138570000	36.9547	106	1
1527839290.139278000	36.9554	92	0
1527839290.140768000	36.9569	127	0
1527839290.142578000	36.9587	103	1
1527839290.382027000	37.1982	395	1
1527839290.382115000	37.1983	261	1
1527839290.401608000	37.2177	87	0
1527839290.483421000	37.2996	283	0
1527839290.484905000	37.301	148	0
1527839290.487092000	37.3032	92	0
1527839290.487650000	37.3038	109	1
1527839290.489063000	37.3052	278	0
1527839290.492680000	37.3088	100	1
1527839290.802251000	37.6184	395	1
1527839290.802342000	37.6185	263	1
1527839290.820099000	37.6362	87	0
1527839290.980440000	37.7966	258	0
1527839290.981912000	37.798	148	0
1527839290.984633000	37.8008	106	1
1527839290.984799000	37.8009	92	0
1527839290.986293000	37.8024	298	0
1527839290.988615000	37.8048	103	1
1527839291.034842000	37.851	394	1
1527839291.034906000	37.851	258	1
1527839291.052993000	37.8691	87	0
1527839291.148782000	37.9649	355	0
1527839291.150248000	37.9664	148	0
1527839291.151888000	37.968	92	0
1527839291.152610000	37.9687	109	1
1527839291.153389000	37.9695	91	0
1527839291.156626000	37.9728	100	1
1527839291.325023000	38.1412	397	1
1527839291.325114000	38.1412	262	1
1527839291.353514000	38.1696	87	0
1527839291.431842000	38.248	233	0
1527839291.433331000	38.2495	148	0
1527839291.435720000	38.2519	106	1
1527839291.446398000	38.2625	92	0
1527839291.447889000	38.264	131	0
1527839291.449663000	38.2658	103	1
1527839292.133368000	38.9495	390	1
1527839292.133464000	38.9496	258	1
1527839292.153990000	38.9701	87	0
1527839292.291015000	39.1072	358	0
1527839292.292525000	39.1087	148	0
1527839292.294760000	39.1109	106	1
1527839292.295106000	39.1112	92	0
1527839292.296665000	39.1128	188	0
1527839292.298754000	39.1149	103	1
1527839292.541028000	39.3572	391	1
1527839292.541126000	39.3573	259	1
1527839292.558603000	39.3747	87	0
1527839292.650425000	39.4666	282	0
1527839292.651891000	39.468	148	0
1527839292.654584000	39.4707	92	0
1527839292.654844000	39.471	109	1
1527839292.656095000	39.4722	191	0
1527839292.659772000	39.4759	100	1
1527839292.785017000	39.6012	392	1
1527839292.785114000	39.6012	257	1
1527839292.804452000	39.6206	87	0
1527839292.941910000	39.758	237	0
1527839292.943400000	39.7595	148	0
1527839292.945795000	39.7619	106	1
1527839292.946881000	39.763	92	0
1527839292.948432000	39.7646	302	0
1527839292.950791000	39.7669	103	1
1527839293.114139000	39.9303	396	1
1527839293.114212000	39.9303	260	1
1527839293.132339000	39.9485	87	0
1527839293.291115000	40.1073	235	0
1527839293.292596000	40.1087	148	0
1527839293.294731000	40.1109	106	1
1527839293.295772000	40.1119	92	0
1527839293.297258000	40.1134	151	0
1527839293.299810000	40.1159	103	1
1527839293.504210000	40.3203	993	1
1527839293.504272000	40.3204	260	1
1527839293.524543000	40.3407	87	0
1527839293.529543000	40.3457	87	0
1527839293.672222000	40.4884	303	0
1527839293.673675000	40.4898	148	0
1527839293.675840000	40.492	109	1
1527839293.675917000	40.4921	92	0
1527839293.677411000	40.4935	257	0
1527839293.679849000	40.496	103	1
1527839293.864282000	40.6804	404	1
1527839293.864356000	40.6805	258	1
1527839293.884077000	40.7002	87	0
1527839293.986940000	40.8031	233	0
1527839293.988536000	40.8047	148	0
1527839293.990631000	40.8068	92	0
1527839293.990867000	40.807	109	1
1527839293.992147000	40.8083	135	0
1527839293.995884000	40.812	100	1
1527839294.283092000	41.0992	902	1
1527839294.283161000	41.0993	259	1
1527839294.302370000	41.1185	87	0
1527839294.447652000	41.2638	235	0
1527839294.449159000	41.2653	148	0
1527839294.451673000	41.2678	92	0
1527839294.451845000	41.268	109	1
1527839294.453178000	41.2693	223	0
1527839294.456974000	41.2731	100	1
1527839294.584274000	41.4004	469	1
1527839294.584366000	41.4005	259	1
1527839294.602492000	41.4186	87	0
1527839294.706875000	41.523	255	0
1527839294.708461000	41.5246	148	0
1527839294.710256000	41.5264	92	0
1527839294.710901000	41.527	109	1
1527839294.711772000	41.5279	314	0
1527839294.715905000	41.532	100	1
1527839294.829892000	41.646	389	1
1527839294.829988000	41.6461	260	1
1527839294.849699000	41.6658	87	0
1527839294.999451000	41.8156	259	0
1527839295.000877000	41.817	148	0
1527839295.002926000	41.8191	106	1
1527839295.003701000	41.8198	92	0
1527839295.005196000	41.8213	171	0
1527839295.007905000	41.824	103	1
1527839295.435064000	42.2512	395	1
1527839295.435162000	42.2513	261	1
1527839295.453423000	42.2696	87	0
1527839295.599394000	42.4155	258	0
1527839295.600874000	42.417	148	0
1527839295.602353000	42.4185	92	0
1527839295.602957000	42.4191	109	1
1527839295.603864000	42.42	210	0
1527839295.607936000	42.4241	100	1
1527839295.826257000	42.6424	395	1
1527839295.826349000	42.6425	257	1
1527839295.844618000	42.6608	87	0
1527839295.996892000	42.813	285	0
1527839295.998471000	42.8146	148	0
1527839296.000908000	42.817	106	1
1527839296.001486000	42.8176	92	0
1527839296.002975000	42.8191	302	0
1527839296.004902000	42.821	103	1
1527839296.267228000	43.0834	391	1
1527839296.267334000	43.0835	261	1
1527839296.285844000	43.102	87	0
1527839296.498923000	43.3151	235	0
1527839296.500324000	43.3165	148	0
1527839296.502011000	43.3181	92	0
1527839296.502963000	43.3191	109	1
1527839296.503560000	43.3197	193	0
1527839296.506939000	43.3231	100	1
1527839296.786586000	43.6027	395	1
1527839296.786672000	43.6028	258	1
1527839296.805797000	43.6219	87	0
1527839296.910475000	43.7266	377	0
1527839296.911938000	43.7281	148	0
1527839296.913969000	43.7301	106	1
1527839296.916847000	43.733	92	0
1527839296.918457000	43.7346	199	0
1527839296.921040000	43.7372	103	1
1527839297.027102000	43.8432	392	1
1527839297.027166000	43.8433	261	1
1527839297.045287000	43.8614	87	0
1527839297.199713000	44.0158	233	0
1527839297.201205000	44.0173	148	0
1527839297.203975000	44.0201	106	1
1527839297.206175000	44.0223	92	0
1527839297.207668000	44.0238	200	0
1527839297.209971000	44.0261	103	1
1527839297.469177000	44.2853	390	1
1527839297.469241000	44.2854	257	1
1527839297.488481000	44.3046	87	0
1527839297.595795000	44.4119	357	0
1527839297.597269000	44.4134	148	0
1527839297.599905000	44.416	92	0
1527839297.600028000	44.4162	106	1
1527839297.601457000	44.4176	187	0
1527839297.604020000	44.4202	103	1
1527839297.841556000	44.6577	390	1
1527839297.841622000	44.6578	259	1
1527839297.860147000	44.6763	87	0
1527839297.944234000	44.7604	258	0
1527839297.945715000	44.7619	148	0
1527839297.948040000	44.7642	106	1
1527839297.948906000	44.765	92	0
1527839297.950329000	44.7665	192	0
1527839297.953057000	44.7692	103	1
1527839298.191429000	45.0076	997	1
1527839298.191521000	45.0077	260	1
1527839298.212820000	45.029	87	0
1527839298.357830000	45.174	236	0
1527839298.359372000	45.1755	148	0
1527839298.361487000	45.1776	92	0
1527839298.362130000	45.1783	109	1
1527839298.362914000	45.179	338	0
1527839298.367184000	45.1833	100	1
1527839298.398626000	45.2148	236	0
1527839298.402105000	45.2182	100	1
1527839298.542219000	45.3584	404	1
1527839298.542314000	45.3584	257	1
1527839298.560273000	45.3764	87	0
1527839298.656310000	45.4724	256	0
1527839298.657826000	45.474	148	0
1527839298.660115000	45.4763	106	1
1527839298.661201000	45.4773	92	0
1527839298.662688000	45.4788	170	0
1527839298.665112000	45.4812	103	1
1527839299.055625000	45.8718	899	1
1527839299.055688000	45.8718	257	1
1527839299.074648000	45.8908	87	0
1527839299.167617000	45.9838	278	0
1527839299.169309000	45.9854	148	0
1527839299.171158000	45.9873	106	1
1527839299.171304000	45.9874	92	0
1527839299.172825000	45.989	131	0
1527839299.175146000	45.9913	103	1
1527839299.287280000	46.1034	467	1
1527839299.287367000	46.1035	258	1
1527839299.306175000	46.1223	87	0
1527839299.408657000	46.2248	235	0
1527839299.410141000	46.2263	148	0
1527839299.413102000	46.2292	106	1
1527839299.413585000	46.2297	92	0
1527839299.415081000	46.2312	174	0
1527839299.417136000	46.2333	103	1
1527839299.621185000	46.4373	396	1
1527839299.621251000	46.4374	262	1
1527839299.640804000	46.4569	87	0
1527839299.733559000	46.5497	256	0
1527839299.735106000	46.5512	148	0
1527839299.737169000	46.5533	92	0
1527839299.737210000	46.5533	106	1
1527839299.738809000	46.5549	330	0
1527839299.741174000	46.5573	103	1
1527839300.028332000	46.8445	391	1
1527839300.028388000	46.8445	258	1
1527839300.046572000	46.8627	87	0
1527839300.124474000	46.9406	233	0
1527839300.125909000	46.942	148	0
1527839300.127430000	46.9436	92	0
1527839300.128208000	46.9443	109	1
1527839300.128940000	46.9451	206	0
1527839300.132196000	46.9483	100	1
1527839300.501124000	47.3173	391	1
1527839300.501203000	47.3173	262	1
1527839300.521439000	47.3376	87	0
1527839300.602976000	47.4191	280	0
1527839300.604441000	47.4206	148	0
1527839300.607184000	47.4233	106	1
1527839300.607251000	47.4234	92	0
1527839300.608817000	47.425	146	0
1527839300.611162000	47.4273	103	1
1527839301.011233000	47.8274	394	1
1527839301.011325000	47.8275	261	1
1527839301.028620000	47.8448	87	0
1527839301.123324000	47.9395	237	0
1527839301.124777000	47.9409	148	0
1527839301.127211000	47.9433	106	1
1527839301.129314000	47.9454	92	0
1527839301.131459000	47.9476	298	0
1527839301.133238000	47.9494	103	1
1527839301.316004000	48.1321	397	1
1527839301.316098000	48.1322	257	1
1527839301.344243000	48.1604	87	0
1527839301.432905000	48.249	285	0
1527839301.434392000	48.2505	148	0
1527839301.437272000	48.2534	106	1
1527839301.437293000	48.2534	92	0
1527839301.438911000	48.255	187	0
1527839301.441272000	48.2574	103	1
1527839301.747718000	48.5639	391	1
1527839301.747817000	48.564	261	1
1527839301.769761000	48.5859	87	0
1527839301.861062000	48.6772	255	0
1527839301.862568000	48.6787	148	0
1527839301.864927000	48.6811	92	0
1527839301.865317000	48.6815	109	1
1527839301.866535000	48.6827	312	0
1527839301.870209000	48.6863	100	1
1527839302.207705000	49.0238	392	1
1527839302.207798000	49.0239	258	1
1527839302.226697000	49.0428	87	0
1527839302.329495000	49.1456	355	0
1527839302.330923000	49.1471	148	0
1527839302.333345000	49.1495	106	1
1527839302.335170000	49.1513	92	0
1527839302.336663000	49.1528	321	0
1527839302.339331000	49.1555	103	1
1527839302.420340000	49.2365	393	1
1527839302.420403000	49.2365	257	1
1527839302.440135000	49.2563	87	0
1527839302.445312000	49.2614	87	0
1527839302.533381000	49.3495	232	0
1527839302.534914000	49.351	148	0
1527839302.537355000	49.3535	109	1
1527839302.537668000	49.3538	92	0
1527839302.539219000	49.3554	212	0
1527839302.541342000	49.3575	103	1
1527839303.698007000	50.5141	995	1
1527839303.698100000	50.5142	260	1
1527839303.717907000	50.534	87	0
1527839303.796955000	50.6131	358	0
1527839303.798590000	50.6147	148	0
1527839303.800427000	50.6166	106	1
1527839303.800604000	50.6167	92	0
1527839303.802099000	50.6182	213	0
1527839303.804421000	50.6206	103	1
1527839304.317795000	51.1339	402	1
1527839304.317867000	51.134	258	1
1527839304.336384000	51.1525	87	0
1527839304.422543000	51.2387	255	0
1527839304.423967000	51.2401	148	0
1527839304.426317000	51.2425	92	0
1527839304.426415000	51.2426	106	1
1527839304.427825000	51.244	123	0
1527839304.430444000	51.2466	103	1
1527839304.593019000	51.4092	898	1
1527839304.593062000	51.4092	258	1
1527839304.614914000	51.431	87	0
1527839304.620736000	51.4369	87	0
1527839304.716520000	51.5327	256	0
1527839304.718059000	51.5342	148	0
1527839304.720412000	51.5365	109	1
1527839304.721175000	51.5373	92	0
1527839304.724433000	51.5406	100	1
1527839304.726209000	51.5423	308	0
1527839304.730474000	51.5466	100	1
1527839305.029507000	51.8456	471	1
1527839305.029592000	51.8457	270	1
1527839305.049733000	51.8659	87	0
1527839305.188167000	52.0043	237	0
1527839305.189646000	52.0058	148	0
1527839305.191121000	52.0073	92	0
1527839305.192503000	52.0086	109	1
1527839305.192552000	52.0087	249	0
1527839305.196485000	52.0126	100	1
1527839305.472232000	52.2884	393	1
1527839305.472322000	52.2885	258	1
1527839305.493910000	52.31	87	0
1527839305.594437000	52.4106	304	0
1527839305.595895000	52.412	148	0
1527839305.598529000	52.4147	106	1
1527839305.598927000	52.4151	92	0
1527839305.600473000	52.4166	236	0
1527839305.602556000	52.4187	103	1
1527839305.954927000	52.7711	392	1
1527839305.954993000	52.7711	257	1
1527839305.973555000	52.7897	87	0
1527839306.083303000	52.8994	235	0
1527839306.084782000	52.9009	148	0
1527839306.087353000	52.9035	92	0
1527839306.087594000	52.9037	109	1
1527839306.088911000	52.905	196	0
1527839306.092478000	52.9086	100	1
1527839309.484220000	56.3004	372	1
1527839309.484305000	56.3004	1412	1
1527839309.484331000	56.3005	1412	1
1527839309.484374000	56.3005	1412	1
1527839309.484426000	56.3006	568	1
1527839309.504689000	56.3208	87	0
1527839309.512646000	56.3288	87	0
1527839309.577920000	56.3941	418	0
1527839309.582138000	56.3983	106	1
1527839309.582745000	56.3989	80	0
1527839309.586134000	56.4023	100	1
1527839309.685794000	56.5019	393	1
1527839309.685889000	56.502	257	1
1527839309.704949000	56.5211	87	0
1527839309.807542000	56.6237	259	0
1527839309.809075000	56.6252	148	0
1527839309.811165000	56.6273	106	1
1527839309.811771000	56.6279	92	0
1527839309.813260000	56.6294	153	0
1527839309.815132000	56.6313	103	1
1527839310.273393000	57.0895	391	1
1527839310.273461000	57.0896	258	1
1527839310.290935000	57.1071	87	0
1527839310.373431000	57.1896	232	0
1527839310.374912000	57.191	148	0
1527839310.377138000	57.1933	92	0
1527839310.377193000	57.1933	106	1
1527839310.378751000	57.1949	309	0
1527839310.381164000	57.1973	103	1
1527839313.888963000	60.7051	393	1
1527839313.889037000	60.7052	271	1
1527839313.907044000	60.7232	87	0
1527839314.001644000	60.8178	309	0
1527839314.003165000	60.8193	148	0
1527839314.005052000	60.8212	92	0
1527839314.005295000	60.8214	109	1
1527839314.006567000	60.8227	243	0
1527839314.010315000	60.8265	100	1
1527839314.140562000	60.9567	396	1
1527839314.140635000	60.9568	264	1
1527839314.158623000	60.9748	87	0
1527839314.245679000	61.0618	235	0
1527839314.247134000	61.0633	148	0
1527839314.249325000	61.0655	106	1
1527839314.250041000	61.0662	92	0
1527839314.251542000	61.0677	214	0
1527839314.253313000	61.0694	103	1
1527839314.371808000	61.1879	395	1
1527839314.371877000	61.188	258	1
1527839314.392201000	61.2083	87	0
1527839314.475527000	61.2917	355	0
1527839314.476949000	61.2931	148	0
1527839314.479406000	61.2955	106	1
1527839314.480357000	61.2965	92	0
1527839314.481844000	61.298	190	0
1527839314.484399000	61.3005	103	1
1527839318.117899000	64.934	998	1
1527839318.117973000	64.9341	262	1
1527839318.136586000	64.9527	87	0
1527839318.245913000	65.062	258	0
1527839318.247406000	65.0635	148	0
1527839318.249619000	65.0658	106	1
1527839318.251437000	65.0676	92	0
1527839318.252913000	65.069	292	0
1527839318.255548000	65.0717	103	1
1527839318.354963000	65.1711	915	1
1527839318.355027000	65.1712	261	1
1527839318.374418000	65.1906	87	0
1527839318.382380000	65.1985	87	0
1527839318.466071000	65.2822	337	0
1527839318.467608000	65.2837	148	0
1527839318.469638000	65.2858	109	1
1527839318.472178000	65.2883	92	0
1527839318.473593000	65.2897	111	0
1527839318.475564000	65.2917	103	1
1527839318.645022000	65.4612	471	1
1527839318.645083000	65.4612	260	1
1527839318.665960000	65.4821	87	0
1527839318.816631000	65.6328	281	0
1527839318.818142000	65.6343	148	0
1527839318.820584000	65.6367	106	1
1527839318.821040000	65.6372	92	0
1527839318.822534000	65.6387	175	0
1527839318.824653000	65.6408	103	1
1527839318.974998000	65.7911	392	1
1527839318.975074000	65.7912	262	1
1527839319.006778000	65.8229	87	0
1527839319.150629000	65.9668	233	0
1527839319.152103000	65.9682	148	0
1527839319.154445000	65.9706	92	0
1527839319.154613000	65.9707	109	1
1527839319.155951000	65.9721	131	0
1527839319.159613000	65.9757	100	1
1527839319.392852000	66.209	394	1
1527839319.392937000	66.2091	265	1
1527839319.411747000	66.2279	87	0
1527839319.491717000	66.3079	236	0
1527839319.493240000	66.3094	148	0
1527839319.495684000	66.3118	106	1
1527839319.496402000	66.3125	92	0
1527839319.497822000	66.314	213	0
1527839319.499621000	66.3158	103	1
1527839319.709182000	66.5253	392	1
1527839319.709279000	66.5254	262	1
1527839319.740685000	66.5568	87	0
1527839319.830417000	66.6466	303	0
1527839319.831823000	66.648	148	0
1527839319.834729000	66.6509	106	1
1527839319.835485000	66.6516	92	0
1527839319.836918000	66.6531	247	0
1527839319.839701000	66.6558	103	1
1527839320.127806000	66.9439	395	1
1527839320.127875000	66.944	259	1
1527839320.147614000	66.9637	87	0
1527839320.230366000	67.0465	235	0
1527839320.231777000	67.0479	148	0
1527839320.234575000	67.0507	92	0
1527839320.234682000	67.0508	106	1
1527839320.236067000	67.0522	121	0
1527839320.238724000	67.0549	103	1
1527839320.547877000	67.364	391	1
1527839320.547927000	67.3641	259	1
1527839320.566726000	67.3829	87	0
1527839320.648589000	67.4647	256	0
1527839320.650093000	67.4662	148	0
1527839320.652761000	67.4689	106	1
1527839320.653337000	67.4695	92	0
1527839320.654829000	67.471	152	0
1527839320.656757000	67.4729	103	1
1527839321.828941000	68.6451	371	1
1527839321.829034000	68.6452	1412	1
1527839321.829061000	68.6452	1412	1
1527839321.829096000	68.6452	1372	1
1527839321.848523000	68.6647	87	0
1527839321.852979000	68.6691	87	0
1527839321.922385000	68.7385	413	0
1527839321.925840000	68.742	106	1
1527839321.928708000	68.7448	80	0
1527839321.932812000	68.7489	100	1
1527839322.321533000	69.1377	394	1
1527839322.321610000	69.1377	263	1
1527839322.340539000	69.1567	87	0
1527839322.426826000	69.243	259	0
1527839322.428362000	69.2445	148	0
1527839322.429853000	69.246	92	0
1527839322.430792000	69.2469	109	1
1527839322.431334000	69.2475	139	0
1527839322.434863000	69.251	100	1
1527839322.625465000	69.4416	395	1
1527839322.625554000	69.4417	264	1
1527839322.644009000	69.4601	87	0
1527839322.732780000	69.5489	308	0
1527839322.734236000	69.5504	148	0
1527839322.735710000	69.5518	92	0
1527839322.736878000	69.553	109	1
1527839322.737136000	69.5533	135	0
1527839322.740781000	69.5569	100	1
1527839323.097619000	69.9138	997	1
1527839323.097694000	69.9138	267	1
1527839323.119210000	69.9353	87	0
1527839323.199781000	70.0159	235	0
1527839323.201256000	70.0174	148	0
1527839323.203841000	70.02	106	1
1527839323.203853000	70.02	92	0
1527839323.205360000	70.0215	284	0
1527839323.207822000	70.024	103	1
1527839323.667764000	70.4839	911	1
1527839323.667863000	70.484	263	1
1527839323.687427000	70.5036	87	0
1527839323.771884000	70.588	377	0
1527839323.773387000	70.5895	148	0
1527839323.775942000	70.5921	106	1
1527839323.775958000	70.5921	92	0
1527839323.777505000	70.5936	130	0
1527839323.779915000	70.5961	103	1
1527839324.065425000	70.8816	391	1
1527839324.065488000	70.8816	263	1
1527839324.085509000	70.9016	87	0
1527839324.089716000	70.9059	87	0
1527839324.230453000	71.0466	236	0
1527839324.231912000	71.048	148	0
1527839324.233974000	71.0501	109	1
1527839324.234985000	71.0511	92	0
1527839324.236630000	71.0528	253	0
1527839324.238959000	71.0551	103	1
1527839324.337068000	71.1532	472	1
1527839324.337165000	71.1533	260	1
1527839324.355244000	71.1714	87	0
1527839324.364342000	71.1805	87	0
1527839324.471898000	71.288	337	0
1527839324.473366000	71.2895	148	0
1527839324.475960000	71.2921	109	1
1527839324.476423000	71.2926	92	0
1527839324.477909000	71.294	324	0
1527839324.479942000	71.2961	103	1
1527839324.587329000	71.4035	396	1
1527839324.587400000	71.4035	266	1
1527839324.606688000	71.4228	87	0
1527839324.693343000	71.5095	279	0
1527839324.694814000	71.5109	148	0
1527839324.696978000	71.5131	106	1
1527839324.697168000	71.5133	92	0
1527839324.698781000	71.5149	292	0
1527839324.700970000	71.5171	103	1
1527839324.831448000	71.6476	372	1
1527839324.831542000	71.6477	1412	1
1527839324.831569000	71.6477	1412	1
1527839324.831610000	71.6477	1412	1
1527839324.831642000	71.6478	1412	1
1527839324.831679000	71.6478	1412	1
1527839324.831720000	71.6479	1412	1
1527839324.831771000	71.6479	1412	1
1527839324.831796000	71.6479	1412	1
1527839324.831833000	71.648	1412	1
1527839324.831908000	71.648	1412	1
1527839324.831946000	71.6481	1412	1
1527839324.831980000	71.6481	1412	1
1527839324.832018000	71.6482	1412	1
1527839324.832056000	71.6482	155	1
1527839324.849798000	71.6659	87	0
1527839324.854304000	71.6704	87	0
1527839324.937417000	71.7536	375	0
1527839324.940933000	71.7571	106	1
1527839324.943999000	71.7601	80	0
1527839324.947939000	71.7641	100	1
1527839324.968471000	71.7846	391	1
1527839324.968525000	71.7847	260	1
1527839324.988399000	71.8045	87	0
1527839325.074645000	71.8908	278	0
1527839325.076175000	71.8923	148	0
1527839325.077808000	71.8939	92	0
1527839325.078961000	71.8951	109	1
1527839325.079383000	71.8955	251	0
1527839325.082953000	71.8991	100	1
1527839325.200698000	72.0168	395	1
1527839325.200789000	72.0169	261	1
1527839325.219457000	72.0356	87	0
1527839325.222964000	72.0391	87	0
1527839325.325888000	72.142	235	0
1527839325.327386000	72.1435	148	0
1527839325.329686000	72.1458	92	0
1527839325.329955000	72.1461	112	1
1527839325.332667000	72.1488	228	0
1527839325.335956000	72.1521	100	1
1527839325.611979000	72.4281	395	1
1527839325.612047000	72.4282	262	1
1527839325.630536000	72.4467	87	0
1527839325.721394000	72.5375	258	0
1527839325.722865000	72.539	148	0
1527839325.724981000	72.5411	106	1
1527839325.726259000	72.5424	92	0
1527839325.727751000	72.5439	185	0
1527839325.729966000	72.5461	103	1
1527839325.864503000	72.6806	391	1
1527839325.864592000	72.6807	260	1
1527839325.885156000	72.7013	87	0
1527839325.964996000	72.7811	236	0
1527839325.966539000	72.7827	148	0
1527839325.969013000	72.7851	106	1
1527839325.969340000	72.7855	92	0
1527839325.970829000	72.787	89	0
1527839325.973005000	72.7891	103	1
1527839327.078615000	73.8948	396	1
1527839327.078681000	73.8948	263	1
1527839327.096912000	73.913	87	0
1527839327.189425000	74.0056	256	0
1527839327.190916000	74.0071	148	0
1527839327.193122000	74.0093	106	1
1527839327.193783000	74.0099	92	0
1527839327.195286000	74.0114	326	0
1527839327.197066000	74.0132	103	1
1527839327.307255000	74.1234	995	1
1527839327.307345000	74.1235	259	1
1527839327.327593000	74.1437	87	0
1527839327.513773000	74.3299	260	0
1527839327.515186000	74.3313	148	0
1527839327.518147000	74.3343	106	1
1527839327.518243000	74.3344	92	0
1527839327.519790000	74.3359	301	0
1527839327.522122000	74.3383	103	1
1527839327.788533000	74.6047	912	1
1527839327.788632000	74.6048	263	1
1527839327.822876000	74.639	87	0
1527839327.903648000	74.7198	306	0
1527839327.905102000	74.7212	148	0
1527839327.907112000	74.7232	106	1
1527839327.908107000	74.7242	92	0
1527839327.909534000	74.7257	150	0
1527839327.912130000	74.7283	103	1
1527839328.099578000	74.9157	390	1
1527839328.099652000	74.9158	260	1
1527839328.119177000	74.9353	87	0
1527839328.204913000	75.021	236	0
1527839328.206450000	75.0226	148	0
1527839328.208909000	75.025	92	0
1527839328.209127000	75.0253	109	1
1527839328.210337000	75.0265	338	0
1527839328.214119000	75.0303	100	1
1527839328.418442000	75.2346	472	1
1527839328.418503000	75.2346	260	1
1527839328.455120000	75.2713	472	1
1527839328.458332000	75.2745	87	0
1527839328.473897000	75.29	87	0
1527839328.619577000	75.4357	375	0
1527839328.620992000	75.4371	148	0
1527839328.622987000	75.4391	92	0
1527839328.623248000	75.4394	112	1
1527839328.624558000	75.4407	194	0
1527839328.628187000	75.4443	100	1
1527839328.727453000	75.5436	391	1
1527839328.727514000	75.5436	259	1
1527839328.745728000	75.5619	87	0
1527839328.826352000	75.6425	235	0
1527839328.827838000	75.644	148	0
1527839328.830136000	75.6463	92	0
1527839328.830215000	75.6464	106	1
1527839328.831649000	75.6478	169	0
1527839328.834212000	75.6503	103	1
1527839328.943824000	75.76	392	1
1527839328.943915000	75.7601	262	1
1527839328.964483000	75.7806	87	0
1527839328.968921000	75.7851	87	0
1527839329.051370000	75.8675	337	0
1527839329.052848000	75.869	148	0
1527839329.055222000	75.8714	109	1
1527839329.055577000	75.8717	92	0
1527839329.057069000	75.8732	326	0
1527839329.059211000	75.8753	103	1
1527839329.338719000	76.1549	395	1
1527839329.338785000	76.1549	265	1
1527839329.361553000	76.1777	87	0
1527839329.471025000	76.2872	256	0
1527839329.472500000	76.2886	148	0
1527839329.475257000	76.2914	106	1
1527839329.475556000	76.2917	92	0
1527839329.476991000	76.2931	149	0
1527839329.479240000	76.2954	103	1
1527839329.619612000	76.4357	391	1
1527839329.619673000	76.4358	265	1
1527839329.638409000	76.4545	87	0
1527839329.723440000	76.5396	256	0
1527839329.724911000	76.541	148	0
1527839329.727281000	76.5434	106	1
1527839329.727612000	76.5437	92	0
1527839329.729161000	76.5453	319	0
1527839329.731262000	76.5474	103	1
1527839329.830965000	76.6471	391	1
1527839329.831026000	76.6472	263	1
1527839329.849745000	76.6659	87	0
1527839329.932692000	76.7488	236	0
1527839329.934167000	76.7503	148	0
1527839329.936212000	76.7523	106	1
1527839329.936578000	76.7527	92	0
1527839329.938116000	76.7543	202	0
1527839329.940207000	76.7563	103	1
1527839330.051010000	76.8671	396	1
1527839330.051071000	76.8672	262	1
1527839330.069704000	76.8858	87	0
1527839330.164089000	76.9802	281	0
1527839330.165492000	76.9816	148	0
1527839330.168226000	76.9844	106	1
1527839330.168791000	76.9849	92	0
1527839330.170274000	76.9864	254	0
1527839330.172344000	76.9885	103	1
1527839330.322469000	77.1386	392	1
1527839330.322559000	77.1387	262	1
1527839330.341008000	77.1571	87	0
1527839330.493155000	77.3093	235	0
1527839330.494636000	77.3108	148	0
1527839330.497079000	77.3132	92	0
1527839330.497290000	77.3134	109	1
1527839330.498652000	77.3148	269	0
1527839330.502300000	77.3184	100	1
1527839331.322658000	78.1388	391	1
1527839331.322719000	78.1389	260	1
1527839331.342108000	78.1582	87	0
1527839331.434906000	78.251	256	0
1527839331.436319000	78.2525	148	0
1527839331.438364000	78.2545	106	1
1527839331.438743000	78.2549	92	0
1527839331.440227000	78.2564	218	0
1527839331.442349000	78.2585	103	1
1527839331.573750000	78.3899	996	1
1527839331.573835000	78.39	264	1
1527839331.593146000	78.4093	87	0
1527839331.673463000	78.4896	256	0
1527839331.674915000	78.4911	148	0
1527839331.677367000	78.4935	106	1
1527839331.677699000	78.4938	92	0
1527839331.679249000	78.4954	283	0
1527839331.681363000	78.4975	103	1
1527839332.528809000	79.3449	914	1
1527839332.528900000	79.345	261	1
1527839332.547435000	79.3636	87	0
1527839332.652426000	79.4686	256	0
1527839332.653913000	79.47	148	0
1527839332.656179000	79.4723	92	0
1527839332.656435000	79.4726	109	1
1527839332.657692000	79.4738	216	0
1527839332.661454000	79.4776	100	1
1527839332.968725000	79.7849	391	1
1527839332.968791000	79.7849	262	1
1527839332.986768000	79.8029	87	0
1527839333.066440000	79.8826	257	0
1527839333.068011000	79.8841	148	0
1527839333.070446000	79.8866	106	1
1527839333.070740000	79.8869	92	0
1527839333.072227000	79.8884	184	0
1527839333.074439000	79.8906	103	1
1527839333.400694000	80.2168	471	1
1527839333.400789000	80.2169	259	1
1527839333.420390000	80.2365	87	0
1527839333.526919000	80.3431	287	0
1527839333.528441000	80.3446	148	0
1527839333.530478000	80.3466	106	1
1527839333.531105000	80.3472	92	0
1527839333.532528000	80.3487	243	0
1527839333.534396000	80.3505	103	1
1527839333.632867000	80.449	393	1
1527839333.632941000	80.4491	261	1
1527839333.651019000	80.4672	87	0
1527839333.743468000	80.5596	256	0
1527839333.744941000	80.5611	148	0
1527839333.747493000	80.5636	106	1
1527839333.749360000	80.5655	92	0
1527839333.750856000	80.567	260	0
1527839333.753416000	80.5696	103	1
1527839333.859871000	80.676	395	1
1527839333.859930000	80.6761	263	1
1527839333.878633000	80.6948	87	0
1527839333.984496000	80.8006	355	0
1527839333.985968000	80.8021	148	0
1527839333.988424000	80.8046	92	0
1527839333.988498000	80.8046	106	1
1527839333.989911000	80.806	213	0
1527839333.992495000	80.8086	103	1
1527839334.110606000	80.9267	392	1
1527839334.110702000	80.9268	259	1
1527839334.129684000	80.9458	87	0
1527839334.211749000	81.0279	232	0
1527839334.213221000	81.0294	148	0
1527839334.215190000	81.0313	92	0
1527839334.215434000	81.0316	109	1
1527839334.216700000	81.0328	276	0
1527839334.220470000	81.0366	100	1
1527839334.359783000	81.1759	394	1
1527839334.359858000	81.176	266	1
1527839334.378557000	81.1947	87	0
1527839334.473365000	81.2895	335	0
1527839334.474846000	81.291	148	0
1527839334.476910000	81.293	92	0
1527839334.477539000	81.2937	109	1
1527839334.478464000	81.2946	187	0
1527839334.482547000	81.2987	100	1
1527839334.582704000	81.3988	391	1
1527839334.582786000	81.3989	259	1
1527839334.601445000	81.4176	87	0
1527839334.707777000	81.5239	281	0
1527839334.709312000	81.5254	148	0
1527839334.711507000	81.5276	92	0
1527839334.711598000	81.5277	106	1
1527839334.712997000	81.5291	271	0
1527839334.715539000	81.5317	103	1
1527839335.095040000	81.9112	391	1
1527839335.095107000	81.9112	261	1
1527839335.113454000	81.9296	87	0
1527839335.196932000	82.0131	235	0
1527839335.198486000	82.0146	148	0
1527839335.200189000	82.0163	92	0
1527839335.200513000	82.0166	109	1
1527839335.201706000	82.0178	232	0
1527839335.205580000	82.0217	100	1
1527839335.391922000	82.2081	395	1
1527839335.392019000	82.2082	267	1
1527839335.410265000	82.2264	87	0
1527839335.496441000	82.3126	232	0
1527839335.498002000	82.3141	148	0
1527839335.500586000	82.3167	106	1
1527839335.502409000	82.3185	92	0
1527839335.505181000	82.3213	208	0
1527839335.506600000	82.3227	103	1
1527839336.185158000	83.0013	390	1
1527839336.185253000	83.0014	259	1
1527839336.203780000	83.0199	87	0
1527839336.298220000	83.1144	301	0
1527839336.299640000	83.1158	148	0
1527839336.302131000	83.1183	92	0
1527839336.302640000	83.1188	109	1
1527839336.303597000	83.1197	295	0
1527839336.307617000	83.1238	100	1
1527839336.435303000	83.2514	997	1
1527839336.435395000	83.2515	264	1
1527839336.455069000	83.2712	87	0
1527839336.563190000	83.3793	258	0
1527839336.564656000	83.3808	148	0
1527839336.566570000	83.3827	106	1
1527839336.567610000	83.3837	92	0
1527839336.569171000	83.3853	118	0
1527839336.571603000	83.3877	103	1
1527839336.860113000	83.6762	912	1
1527839336.860191000	83.6763	264	1
1527839336.878921000	83.6951	87	0
1527839336.965739000	83.7819	233	0
1527839336.967208000	83.7833	148	0
1527839336.969382000	83.7855	92	0
1527839336.969602000	83.7857	109	1
1527839336.970891000	83.787	305	0
1527839336.974628000	83.7908	100	1
1527839337.175982000	83.9921	394	1
1527839337.176050000	83.9922	262	1
1527839337.195995000	84.0121	87	0
1527839337.275297000	84.0914	232	0
1527839337.276781000	84.0929	148	0
1527839337.279440000	84.0956	92	0
1527839337.279697000	84.0958	109	1
1527839337.280912000	84.097	180	0
1527839337.284654000	84.1008	100	1
1527839337.574562000	84.3907	471	1
1527839337.574644000	84.3908	265	1
1527839337.595567000	84.4117	87	0
1527839337.709029000	84.5252	259	0
1527839337.710557000	84.5267	148	0
1527839337.712725000	84.5289	106	1
1527839337.713221000	84.5294	92	0
1527839337.714645000	84.5308	128	0
1527839337.716649000	84.5328	103	1
1527839337.892897000	84.709	392	1
1527839337.892987000	84.7091	263	1
1527839337.911479000	84.7276	87	0
1527839337.991828000	84.808	257	0
1527839337.993319000	84.8095	148	0
1527839337.995722000	84.8119	106	1
1527839337.997474000	84.8136	92	0
1527839337.999113000	84.8152	214	0
1527839338.001726000	84.8179	103	1
1527839338.222976000	85.0391	394	1
1527839338.223043000	85.0392	263	1
1527839338.242303000	85.0584	87	0
1527839338.324833000	85.141	285	0
1527839338.326305000	85.1424	148	0
1527839338.328767000	85.1449	106	1
1527839338.329509000	85.1456	92	0
1527839338.330936000	85.1471	87	0
1527839338.333712000	85.1498	103	1
1527839338.663080000	85.4792	391	1
1527839338.663170000	85.4793	266	1
1527839338.681369000	85.4975	87	0
1527839338.785652000	85.6018	258	0
1527839338.787112000	85.6032	148	0
1527839338.789715000	85.6059	106	1
1527839338.789798000	85.6059	92	0
1527839338.791301000	85.6074	304	0
1527839338.793712000	85.6098	103	1
1527839338.932167000	85.7483	395	1
1527839338.932246000	85.7484	261	1
1527839338.950306000	85.7664	87	0
1527839339.041727000	85.8579	351	0
1527839339.043201000	85.8593	148	0
1527839339.044680000	85.8608	92	0
1527839339.045798000	85.8619	109	1
1527839339.046194000	85.8623	325	0
1527839339.049807000	85.8659	100	1
1527839339.172154000	85.9883	390	1
1527839339.172227000	85.9884	261	1
1527839339.190459000	86.0066	87	0
1527839339.289811000	86.1059	236	0
1527839339.291282000	86.1074	148	0
1527839339.293751000	86.1099	106	1
1527839339.294295000	86.1104	92	0
1527839339.295770000	86.1119	239	0
1527839339.297798000	86.1139	103	1
1527839339.495344000	86.3115	395	1
1527839339.495425000	86.3116	259	1
1527839339.513518000	86.3297	87	0
1527839339.653404000	86.4695	358	0
1527839339.654918000	86.4711	148	0
1527839339.656826000	86.473	106	1
1527839339.657574000	86.4737	92	0
1527839339.659131000	86.4753	276	0
1527839339.661817000	86.478	103	1
1527839339.892313000	86.7084	391	1
1527839339.892501000	86.7086	262	1
1527839339.910132000	86.7263	87	0
1527839340.035240000	86.8514	256	0
1527839340.036773000	86.8529	148	0
1527839340.038606000	86.8547	92	0
1527839340.038836000	86.855	109	1
1527839340.040123000	86.8563	209	0
1527839340.043840000	86.86	100	1
1527839340.374049000	87.1902	390	1
1527839340.374111000	87.1902	263	1
1527839340.394577000	87.2107	87	0
1527839340.497903000	87.314	233	0
1527839340.499390000	87.3155	148	0
1527839340.501821000	87.318	106	1
1527839340.502518000	87.3187	92	0
1527839340.504012000	87.3201	229	0
1527839340.505802000	87.3219	103	1
1527839340.614665000	87.4308	993	1
1527839340.614751000	87.4309	261	1
1527839340.635110000	87.4512	87	0
1527839340.737036000	87.5532	256	0
1527839340.738591000	87.5547	148	0
1527839340.740906000	87.557	106	1
1527839340.741797000	87.5579	92	0
1527839340.743378000	87.5595	287	0
1527839340.745883000	87.562	103	1
1527839340.859333000	87.6755	911	1
1527839340.859424000	87.6756	261	1
1527839340.878520000	87.6947	87	0
1527839340.959303000	87.7754	278	0
1527839340.960797000	87.7769	148	0
1527839340.962917000	87.7791	106	1
1527839340.963267000	87.7794	92	0
1527839340.964824000	87.781	201	0
1527839340.966913000	87.783	103	1
1527839341.779304000	88.5954	395	1
1527839341.779364000	88.5955	270	1
1527839341.797162000	88.6133	87	0
1527839341.943147000	88.7593	259	0
1527839341.944617000	88.7608	148	0
1527839341.946089000	88.7622	92	0
1527839341.946895000	88.763	109	1
1527839341.947596000	88.7637	332	0
1527839341.950872000	88.767	100	1
1527839342.086447000	88.9026	474	1
1527839342.086509000	88.9026	262	1
1527839342.104645000	88.9208	87	0
1527839342.203329000	89.0195	235	0
1527839342.204813000	89.0209	148	0
1527839342.206961000	89.0231	106	1
1527839342.206968000	89.0231	92	0
1527839342.208591000	89.0247	152	0
1527839342.210942000	89.0271	103	1
1527839345.663876000	92.48	394	1
1527839345.663963000	92.4801	269	1
1527839345.682416000	92.4986	87	0
1527839345.787730000	92.6039	258	0
1527839345.789264000	92.6054	148	0
1527839345.791407000	92.6075	92	0
1527839345.792194000	92.6083	109	1
1527839345.792915000	92.6091	243	0
1527839345.796173000	92.6123	100	1
1527839345.877100000	92.6932	395	1
1527839345.877179000	92.6933	264	1
1527839345.896077000	92.7122	87	0
1527839345.976244000	92.7924	235	0
1527839345.977763000	92.7939	148	0
1527839345.980194000	92.7963	106	1
1527839345.980233000	92.7964	92	0
1527839345.981754000	92.7979	197	0
1527839345.984205000	92.8003	103	1
1527839346.262972000	93.0791	395	1
1527839346.263064000	93.0792	273	1
1527839346.282901000	93.099	87	0
1527839346.287569000	93.1037	87	0
1527839346.363922000	93.1801	257	0
1527839346.365385000	93.1815	148	0
1527839346.367341000	93.1835	92	0
1527839346.368149000	93.1843	112	1
1527839346.368889000	93.185	148	0
1527839346.372131000	93.1883	100	1
1527839346.509566000	93.3257	394	1
1527839346.509662000	93.3258	261	1
1527839346.527376000	93.3435	87	0
1527839346.532184000	93.3483	87	0
1527839346.612818000	93.429	306	0
1527839346.614291000	93.4304	148	0
1527839346.616172000	93.4323	92	0
1527839346.616184000	93.4323	109	1
1527839346.617652000	93.4338	102	0
1527839346.620260000	93.4364	103	1
1527839346.822719000	93.6389	394	1
1527839346.822814000	93.6389	268	1
1527839346.852212000	93.6683	87	0
1527839346.937092000	93.7532	233	0
1527839346.938638000	93.7548	148	0
1527839346.940111000	93.7562	92	0
1527839346.941237000	93.7574	109	1
1527839346.941628000	93.7578	182	0
1527839346.945236000	93.7614	100	1
1527839347.176334000	93.9925	390	1
1527839347.176427000	93.9926	262	1
1527839347.195269000	94.0114	87	0
1527839347.276517000	94.0927	355	0
1527839347.278018000	94.0942	148	0
1527839347.279868000	94.096	92	0
1527839347.280278000	94.0964	109	1
1527839347.281306000	94.0974	106	0
1527839347.285240000	94.1014	100	1
1527839347.551821000	94.368	395	1
1527839347.551881000	94.368	260	1
1527839347.569713000	94.3858	87	0
1527839347.663919000	94.4801	256	0
1527839347.665337000	94.4815	148	0
1527839347.666926000	94.4831	92	0
1527839347.668297000	94.4844	109	1
1527839347.668552000	94.4847	228	0
1527839347.672277000	94.4884	100	1
1527839347.913824000	94.73	993	1
1527839347.913888000	94.73	270	1
1527839347.932909000	94.749	87	0
1527839348.039903000	94.856	335	0
1527839348.041334000	94.8575	148	0
1527839348.043413000	94.8595	92	0
1527839348.044311000	94.8604	109	1
1527839348.044913000	94.861	215	0
1527839348.048292000	94.8644	100	1
1527839348.152313000	94.9684	910	1
1527839348.152395000	94.9685	262	1
1527839348.170407000	94.9865	87	0
1527839348.175375000	94.9915	87	0
1527839348.256027000	95.0722	260	0
1527839348.257475000	95.0736	148	0
1527839348.260253000	95.0764	109	1
1527839348.260603000	95.0767	92	0
1527839348.262076000	95.0782	324	0
1527839348.264237000	95.0804	103	1
1527839348.394491000	95.2106	397	1
1527839348.394578000	95.2107	272	1
1527839348.428328000	95.2445	397	1
1527839348.429123000	95.2453	87	0
1527839348.461634000	95.2778	87	0
1527839348.516473000	95.3326	236	0
1527839348.517953000	95.3341	148	0
1527839348.519496000	95.3356	92	0
1527839348.520334000	95.3365	112	1
1527839348.520930000	95.3371	307	0
1527839348.524327000	95.3405	100	1
1527839348.803477000	95.6196	469	1
1527839348.803573000	95.6197	261	1
1527839348.822079000	95.6382	87	0
1527839348.915720000	95.7319	256	0
1527839348.917194000	95.7333	148	0
1527839348.919294000	95.7354	106	1
1527839348.919485000	95.7356	92	0
1527839348.920965000	95.7371	150	0
1527839348.923322000	95.7395	103	1
1527839349.115506000	95.9316	394	1
1527839349.115582000	95.9317	262	1
1527839349.133686000	95.9498	87	0
1527839349.239078000	96.0552	280	0
1527839349.240556000	96.0567	148	0
1527839349.243394000	96.0595	106	1
1527839349.246372000	96.0625	92	0
1527839349.247919000	96.0641	189	0
1527839349.250361000	96.0665	103	1
1527839349.560818000	96.377	396	1
1527839349.560911000	96.377	264	1
1527839349.579005000	96.3951	87	0
1527839349.689575000	96.5057	256	0
1527839349.691014000	96.5071	148	0
1527839349.693337000	96.5095	106	1
1527839349.694195000	96.5103	92	0
1527839349.695679000	96.5118	89	0
1527839349.698395000	96.5145	103	1
1527839349.808576000	96.6247	391	1
1527839349.808637000	96.6248	262	1
1527839349.826285000	96.6424	87	0
1527839349.830844000	96.647	87	0
1527839349.921601000	96.7377	235	0
1527839349.923087000	96.7392	148	0
1527839349.924959000	96.7411	92	0
1527839349.925412000	96.7415	112	1
1527839349.926502000	96.7426	198	0
1527839349.930403000	96.7465	100	1
1527839350.139743000	96.9559	391	1
1527839350.139838000	96.956	260	1
1527839350.158115000	96.9743	87	0
1527839350.256775000	97.0729	235	0
1527839350.258326000	97.0745	148	0
1527839350.260448000	97.0766	106	1
1527839350.260492000	97.0766	92	0
1527839350.262026000	97.0782	298	0
1527839350.264441000	97.0806	103	1
1527839351.473404000	98.2895	395	1
1527839351.473488000	98.2896	261	1
1527839351.491547000	98.3077	87	0
1527839351.496526000	98.3127	87	0
1527839351.581785000	98.3979	259	0
1527839351.583235000	98.3994	148	0
1527839351.585678000	98.4018	92	0
1527839351.585854000	98.402	109	1
1527839351.587196000	98.4033	168	0
1527839351.589825000	98.406	103	1
1527839351.745676000	98.5618	396	1
1527839351.745751000	98.5619	265	1
1527839351.775259000	98.5914	87	0
1527839351.857463000	98.6736	259	0
1527839351.858993000	98.6751	148	0
1527839351.860868000	98.677	106	1
1527839351.861734000	98.6779	92	0
1527839351.863226000	98.6794	124	0
1527839351.865844000	98.682	103	1
1527839352.198689000	99.0148	395	1
1527839352.198745000	99.0149	263	1
1527839352.216897000	99.033	87	0
1527839352.298064000	99.1142	236	0
1527839352.299613000	99.1157	148	0
1527839352.301030000	99.1172	92	0
1527839352.301883000	99.118	109	1
1527839352.302491000	99.1186	96	0
1527839352.305956000	99.1221	100	1
1527839352.658763000	99.4749	392	1
1527839352.658830000	99.475	262	1
1527839352.679569000	99.4957	87	0
1527839352.763248000	99.5794	308	0
1527839352.764696000	99.5808	148	0
1527839352.766912000	99.583	106	1
1527839352.767062000	99.5832	92	0
1527839352.768603000	99.5847	170	0
1527839352.770895000	99.587	103	1
1527839352.888054000	99.7042	993	1
1527839352.888119000	99.7043	262	1
1527839352.905015000	99.7212	100	0
1527839352.908905000	99.725	87	0
1527839352.908949000	99.7251	100	1
1527839352.994504000	99.8106	354	0
1527839352.995971000	99.8121	148	0
1527839352.997579000	99.8137	92	0
1527839352.997950000	99.8141	109	1
1527839352.999188000	99.8153	165	0
1527839353.002948000	99.8191	100	1
1527839353.118579000	99.9347	911	1
1527839353.118674000	99.9348	261	1
1527839353.137428000	99.9536	87	0
1527839353.301279000	100.117	232	0
1527839353.302772000	100.119	148	0
1527839353.304228000	100.12	92	0
1527839353.304940000	100.121	109	1
1527839353.305733000	100.122	311	0
1527839353.308919000	100.125	100	1
1527839353.583134000	100.399	390	1
1527839353.583229000	100.399	264	1
1527839353.602091000	100.418	87	0
1527839353.697902000	100.514	258	0
1527839353.699378000	100.516	148	0
1527839353.701954000	100.518	106	1
1527839353.703694000	100.52	92	0
1527839353.705185000	100.521	227	0
1527839353.706954000	100.523	103	1
1527839353.994168000	100.81	468	1
1527839353.994259000	100.81	262	1
1527839354.012445000	100.829	87	0
1527839354.017314000	100.833	87	0
1527839354.098375000	100.915	337	0
1527839354.099902000	100.916	148	0
1527839354.101383000	100.918	92	0
1527839354.102005000	100.918	112	1
1527839354.102895000	100.919	217	0
1527839354.106945000	100.923	100	1
1527839354.345433000	101.162	394	1
1527839354.345520000	101.162	260	1
1527839354.363583000	101.18	87	0
1527839354.474305000	101.29	258	0
1527839354.475776000	101.292	148	0
1527839354.477977000	101.294	92	0
1527839354.478070000	101.294	106	1
1527839354.479554000	101.296	184	0
1527839354.482060000	101.298	103	1
1527839354.804470000	101.621	396	1
1527839354.804568000	101.621	262	1
1527839354.824622000	101.641	87	0
1527839354.829199000	101.645	87	0
1527839354.936048000	101.752	258	0
1527839354.937581000	101.754	148	0
1527839354.940087000	101.756	109	1
1527839354.940292000	101.756	92	0
1527839354.941790000	101.758	314	0
1527839354.944059000	101.76	103	1
1527839355.235244000	102.051	392	1
1527839355.235310000	102.051	261	1
1527839355.254712000	102.071	87	0
1527839355.259950000	102.076	87	0
1527839355.357200000	102.173	280	0
1527839355.358718000	102.175	148	0
1527839355.361016000	102.177	92	0
1527839355.361087000	102.177	109	1
1527839355.362525000	102.179	184	0
1527839355.365050000	102.181	103	1
1527839355.675573000	102.492	395	1
1527839355.675661000	102.492	270	1
1527839355.698063000	102.514	87	0
1527839355.777312000	102.593	258	0
1527839355.778844000	102.595	148	0
1527839355.781123000	102.597	106	1
1527839355.781856000	102.598	92	0
1527839355.783336000	102.599	106	0
1527839355.785146000	102.601	103	1
1527839355.887425000	102.704	391	1
1527839355.887511000	102.704	260	1
1527839355.906755000	102.723	87	0
1527839355.911899000	102.728	87	0
1527839355.991180000	102.807	235	0
1527839355.992704000	102.809	148	0
1527839355.995160000	102.811	109	1
1527839355.996261000	102.812	92	0
1527839355.997865000	102.814	319	0
1527839356.000177000	102.816	103	1
1527839356.266571000	103.083	394	1
1527839356.266664000	103.083	259	1
1527839356.285630000	103.102	87	0
1527839356.387593000	103.204	235	0
1527839356.389127000	103.205	148	0
1527839356.391192000	103.207	106	1
1527839356.392144000	103.208	92	0
1527839356.393676000	103.21	166	0
1527839356.396176000	103.212	103	1
1527839356.694032000	103.51	372	1
1527839356.694115000	103.51	1412	1
1527839356.694141000	103.51	1412	1
1527839356.694170000	103.51	1412	1
1527839356.694203000	103.51	1075	1
1527839356.713744000	103.53	87	0
1527839356.791949000	103.608	413	0
1527839356.796200000	103.612	103	1
1527839356.799178000	103.615	80	0
1527839356.803205000	103.619	100	1
1527839358.798062000	105.614	390	1
1527839358.798122000	105.614	259	1
1527839358.828224000	105.644	87	0
1527839358.911483000	105.728	280	0
1527839358.912915000	105.729	148	0
1527839358.914910000	105.731	92	0
1527839358.915517000	105.732	109	1
1527839358.916478000	105.733	330	0
1527839358.920479000	105.737	100	1
1527839359.147002000	105.963	992	1
1527839359.147094000	105.963	262	1
1527839359.165646000	105.982	87	0
1527839359.174492000	105.991	87	0
1527839359.257387000	106.074	283	0
1527839359.258919000	106.075	148	0
1527839359.260400000	106.077	92	0
1527839359.261539000	106.078	112	1
1527839359.261913000	106.078	338	0
1527839359.265529000	106.082	100	1
1527839359.416741000	106.233	911	1
1527839359.416835000	106.233	260	1
1527839359.444649000	106.261	87	0
1527839359.528124000	106.344	352	0
1527839359.529646000	106.346	148	0
1527839359.531491000	106.348	106	1
1527839359.531730000	106.348	92	0
1527839359.533206000	106.349	330	0
1527839359.535487000	106.352	103	1
1527839359.656873000	106.473	395	1
1527839359.656932000	106.473	265	1
1527839359.675643000	106.492	87	0
1527839359.754882000	106.571	256	0
1527839359.756352000	106.572	148	0
1527839359.758570000	106.575	106	1
1527839359.759870000	106.576	92	0
1527839359.761367000	106.578	192	0
1527839359.763550000	106.58	103	1
1527839359.866764000	106.683	468	1
1527839359.866857000	106.683	259	1
1527839359.884796000	106.701	87	0
1527839359.967759000	106.784	233	0
1527839359.969248000	106.785	148	0
1527839359.971562000	106.788	106	1
1527839359.971913000	106.788	92	0
1527839359.973426000	106.79	145	0
1527839359.975569000	106.792	103	1
1527839360.196985000	107.013	394	1
1527839360.197061000	107.013	263	1
1527839360.215370000	107.032	87	0
1527839360.317291000	107.133	337	0
1527839360.318828000	107.135	148	0
1527839360.321005000	107.137	92	0
1527839360.321598000	107.138	109	1
1527839360.322552000	107.139	265	0
1527839360.326608000	107.143	100	1
1527839361.062521000	107.879	395	1
1527839361.062606000	107.879	261	1
1527839361.083839000	107.9	87	0
1527839361.181351000	107.997	281	0
1527839361.182837000	107.999	148	0
1527839361.185405000	108.002	92	0
1527839361.185601000	108.002	109	1
1527839361.186956000	108.003	277	0
1527839361.190579000	108.007	100	1
1527839361.380105000	108.196	392	1
1527839361.380187000	108.196	263	1
1527839361.403504000	108.22	87	0
1527839361.404958000	108.221	87	0
1527839361.481656000	108.298	235	0
1527839361.483193000	108.299	148	0
1527839361.485475000	108.302	92	0
1527839361.485711000	108.302	112	1
1527839361.486931000	108.303	299	0
1527839361.490656000	108.307	100	1
1527839361.798003000	108.614	395	1
1527839361.798067000	108.614	264	1
1527839361.817335000	108.633	87	0
1527839361.895922000	108.712	301	0
1527839361.897360000	108.713	148	0
1527839361.899311000	108.715	92	0
1527839361.899648000	108.716	109	1
1527839361.900755000	108.717	186	0
1527839361.904639000	108.721	100	1
1527839362.208615000	109.025	395	1
1527839362.208673000	109.025	267	1
1527839362.229705000	109.046	87	0
1527839362.311505000	109.128	235	0
1527839362.312925000	109.129	148	0
1527839362.315733000	109.132	106	1
1527839362.315895000	109.132	92	0
1527839362.317443000	109.134	272	0
1527839362.319705000	109.136	103	1
1527839362.641019000	109.457	395	1
1527839362.641107000	109.457	268	1
1527839362.659215000	109.475	87	0
1527839362.748687000	109.565	259	0
1527839362.750158000	109.566	148	0
1527839362.751878000	109.568	92	0
1527839362.752750000	109.569	109	1
1527839362.753391000	109.57	190	0
1527839362.756818000	109.573	100	1
1527839363.252202000	110.068	395	1
1527839363.252276000	110.068	260	1
1527839363.270538000	110.087	87	0
1527839363.355024000	110.171	235	0
1527839363.356541000	110.173	148	0
1527839363.358777000	110.175	106	1
1527839363.358785000	110.175	92	0
1527839363.360351000	110.176	154	0
1527839363.362762000	110.179	103	1
1527839363.653098000	110.469	993	1
1527839363.653170000	110.469	260	1
1527839363.671711000	110.488	87	0
1527839363.774926000	110.591	256	0
1527839363.776403000	110.593	148	0
1527839363.778803000	110.595	106	1
1527839363.778995000	110.595	92	0
1527839363.780516000	110.597	107	0
1527839363.782809000	110.599	103	1
1527839364.121997000	110.938	910	1
1527839364.122086000	110.938	260	1
1527839364.140367000	110.957	87	0
1527839364.250713000	111.067	233	0
1527839364.252186000	111.068	148	0
1527839364.254827000	111.071	106	1
1527839364.255420000	111.072	92	0
1527839364.256910000	111.073	288	0
1527839364.258823000	111.075	103	1
1527839364.643316000	111.459	394	1
1527839364.643409000	111.46	262	1
1527839364.662457000	111.479	87	0
1527839364.666728000	111.483	87	0
1527839364.750777000	111.567	282	0
1527839364.752305000	111.568	148	0
1527839364.754792000	111.571	92	0
1527839364.754865000	111.571	109	1
1527839364.756305000	111.572	286	0
1527839364.758772000	111.575	103	1
1527839364.921892000	111.738	471	1
1527839364.921987000	111.738	259	1
1527839364.940854000	111.757	87	0
1527839365.025624000	111.842	283	0
1527839365.027091000	111.843	148	0
1527839365.029424000	111.846	92	0
1527839365.029872000	111.846	109	1
1527839365.030882000	111.847	110	0
1527839365.034879000	111.851	100	1
1527839365.412143000	112.228	391	1
1527839365.412235000	112.228	264	1
1527839365.431188000	112.247	87	0
1527839365.437237000	112.253	87	0
1527839365.536915000	112.353	354	0
1527839365.538515000	112.355	148	0
1527839365.540770000	112.357	92	0
1527839365.540855000	112.357	109	1
1527839365.542278000	112.358	179	0
1527839365.544887000	112.361	103	1
1527839365.964294000	112.78	391	1
1527839365.964381000	112.781	260	1
1527839365.998959000	112.815	391	1
1527839366.003602000	112.82	87	0
1527839366.016509000	112.833	87	0
1527839366.091793000	112.908	258	0
1527839366.093326000	112.909	148	0
1527839366.095509000	112.912	92	0
1527839366.095933000	112.912	112	1
1527839366.096965000	112.913	327	0
1527839366.100936000	112.917	100	1
1527839366.212991000	113.029	391	1
1527839366.213083000	113.029	262	1
1527839366.231490000	113.048	87	0
1527839366.243060000	113.059	87	0
1527839366.315763000	113.132	233	0
1527839366.317236000	113.133	148	0
1527839366.319893000	113.136	92	0
1527839366.319964000	113.136	109	1
1527839366.321406000	113.138	330	0
1527839366.323946000	113.14	103	1
1527839366.478013000	113.294	390	1
1527839366.478107000	113.294	259	1
1527839366.496796000	113.313	87	0
1527839366.573885000	113.39	361	0
1527839366.575351000	113.391	148	0
1527839366.576918000	113.393	92	0
1527839366.577966000	113.394	109	1
1527839366.578517000	113.395	256	0
1527839366.581950000	113.398	100	1
1527839366.931807000	113.748	396	1
1527839366.931891000	113.748	261	1
1527839366.950504000	113.767	87	0
1527839367.039168000	113.855	258	0
1527839367.040638000	113.857	148	0
1527839367.042754000	113.859	92	0
1527839367.043087000	113.859	109	1
1527839367.044302000	113.86	207	0
1527839367.047916000	113.864	100	1
1527839367.202077000	114.018	396	1
1527839367.202142000	114.018	263	1
1527839367.223092000	114.039	87	0
1527839367.309478000	114.126	235	0
1527839367.310919000	114.127	148	0
1527839367.312969000	114.129	106	1
1527839367.314329000	114.13	92	0
1527839367.315871000	114.132	329	0
1527839367.317958000	114.134	103	1
1527839367.493204000	114.309	392	1
1527839367.493296000	114.309	262	1
1527839367.511900000	114.328	87	0
1527839367.592170000	114.408	304	0
1527839367.593645000	114.41	148	0
1527839367.596044000	114.412	106	1
1527839367.596230000	114.412	92	0
1527839367.597888000	114.414	239	0
1527839367.599968000	114.416	103	1
1527839367.966282000	114.782	395	1
1527839367.966372000	114.783	260	1
1527839367.984929000	114.801	87	0
1527839368.069964000	114.886	233	0
1527839368.071503000	114.888	148	0
1527839368.073773000	114.89	92	0
1527839368.074003000	114.89	109	1
1527839368.075213000	114.891	258	0
1527839368.078998000	114.895	100	1
1527839368.386551000	115.203	992	1
1527839368.386631000	115.203	262	1
1527839368.407457000	115.224	87	0
1527839368.488264000	115.304	233	0
1527839368.489726000	115.306	148	0
1527839368.492017000	115.308	106	1
1527839368.492203000	115.308	92	0
1527839368.493697000	115.31	252	0
1527839368.496036000	115.312	103	1
1527839368.605193000	115.421	910	1
1527839368.605255000	115.421	262	1
1527839368.624847000	115.441	87	0
1527839368.708415000	115.525	256	0
1527839368.709893000	115.526	148	0
1527839368.712012000	115.528	106	1
1527839368.713344000	115.529	92	0
1527839368.714828000	115.531	103	0
1527839368.717013000	115.533	103	1
