1527991267.389386000	0	295	1
1527991267.407846000	0.01846	87	0
1527991267.595011000	0.205625	371	0
1527991267.596261000	0.206875	1412	0
1527991267.597477000	0.208091	1412	0
1527991267.598687000	0.209301	1412	0
1527991267.599129000	0.209743	107	1
1527991267.599953000	0.210567	180	0
1527991267.601201000	0.211815	1412	0
1527991267.602416000	0.21303	1412	0
1527991267.602864000	0.213478	101	1
1527991267.603632000	0.214246	1412	0
1527991267.604815000	0.215429	188	0
1527991267.606040000	0.216654	730	0
1527991267.606732000	0.217346	101	1
1527991267.607337000	0.217951	1412	0
1527991267.608552000	0.219166	1412	0
1527991267.609801000	0.220415	694	0
1527991267.611033000	0.221647	1412	0
1527991267.612244000	0.222858	1412	0
1527991267.613455000	0.224069	1412	0
1527991267.614669000	0.225283	1302	0
1527991267.615743000	0.226357	119	1
1527991267.627899000	0.238513	101	1
1527991267.631665000	0.242279	1412	0
1527991267.632873000	0.243487	1412	0
1527991267.634115000	0.244729	1412	0
1527991267.635390000	0.246004	1412	0
1527991267.635732000	0.246346	107	1
1527991267.636607000	0.247221	1412	0
1527991267.637791000	0.248405	195	0
1527991267.639039000	0.249653	1412	0
1527991267.639731000	0.250345	104	1
1527991267.640312000	0.250926	1412	0
1527991267.641532000	0.252146	1412	0
1527991267.642726000	0.25334	389	0
1527991267.643741000	0.254355	104	1
1527991267.643960000	0.254574	1412	0
1527991267.645175000	0.255789	1412	0
1527991267.646393000	0.257007	1412	0
1527991267.647732000	0.258346	104	1
1527991267.651694000	0.262308	1412	0
1527991267.652878000	0.263492	277	0
1527991267.654124000	0.264738	1412	0
1527991267.655340000	0.265954	1412	0
1527991267.655737000	0.266351	107	1
1527991267.656551000	0.267165	1412	0
1527991267.657735000	0.268349	188	0
1527991267.658987000	0.269601	1412	0
1527991267.659742000	0.270356	104	1
1527991267.660213000	0.270827	156	0
1527991267.661461000	0.272075	1412	0
1527991267.662675000	0.273289	1412	0
1527991267.663888000	0.274502	1412	0
1527991267.665090000	0.275704	897	0
1527991267.665557000	0.276171	98	1
1527991267.666318000	0.276932	1412	0
1527991267.667540000	0.278154	1412	0
1527991267.668760000	0.279374	1412	0
1527991267.668783000	0.279397	113	1
1527991267.670016000	0.28063	975	0
1527991267.672779000	0.283393	101	1
1527991268.035315000	0.645929	921	1
1527991268.035408000	0.646022	1412	1
1527991268.035434000	0.646048	906	1
1527991268.039943000	0.650557	216	1
1527991268.055623000	0.666237	87	0
1527991268.059577000	0.670191	87	0
1527991268.160894000	0.771508	348	0
1527991268.160896000	0.77151	1412	0
1527991268.161014000	0.771628	1412	0
1527991268.161022000	0.771636	1412	0
1527991268.161024000	0.771638	180	0
1527991268.161723000	0.772337	1412	0
1527991268.162943000	0.773557	1412	0
1527991268.164149000	0.774763	1071	0
1527991268.164931000	0.775545	125	1
1527991268.165652000	0.776266	92	0
1527991268.166866000	0.77748	137	0
1527991268.169781000	0.780395	101	1
1527991268.180509000	0.791123	372	0
1527991268.184339000	0.794953	80	0
1527991268.186695000	0.797309	98	1
1527991268.190847000	0.801461	98	1
1527991268.383219000	0.993833	215	1
1527991268.401375000	1.01199	87	0
1527991268.552574000	1.16319	377	0
1527991268.553765000	1.16438	1117	0
1527991268.554949000	1.16556	92	0
1527991268.556185000	1.1668	209	0
1527991268.572828000	1.18344	110	1
1527991268.780115000	1.39073	1058	1
1527991268.781990000	1.3926	450	1
1527991268.799343000	1.40996	87	0
1527991268.949889000	1.5605	502	0
1527991268.953821000	1.56444	101	1
1527991268.975477000	1.58609	1412	0
1527991268.976723000	1.58734	180	0
1527991268.978795000	1.58941	101	1
1527991269.219372000	1.82999	294	1
1527991269.219458000	1.83007	144	1
1527991269.237772000	1.84839	87	0
1527991269.266906000	1.87752	155	1
1527991269.266984000	1.8776	190	1
1527991269.284978000	1.89559	87	0
1527991269.294504000	1.90512	1412	0
1527991269.295705000	1.90632	1412	0
1527991269.296919000	1.90753	1412	0
1527991269.298109000	1.90872	564	0
1527991269.299305000	1.90992	92	0
1527991269.300598000	1.91121	293	0
1527991269.303360000	1.91397	104	1
1527991269.306858000	1.91747	110	1
1527991269.384531000	1.99515	711	0
1527991269.385777000	1.99639	157	0
1527991269.388856000	1.99947	101	1
1527991270.047333000	2.65795	417	1
1527991270.055910000	2.66652	1412	1
1527991270.055961000	2.66657	1412	1
1527991270.055995000	2.66661	180	1
1527991270.056055000	2.66667	843	1
1527991270.079477000	2.69009	87	0
1527991270.099058000	2.70967	417	1
1527991270.101291000	2.71191	87	0
1527991270.102299000	2.71291	1412	1
1527991270.102358000	2.71297	297	1
1527991270.104328000	2.71494	87	0
1527991270.113875000	2.72449	715	0
1527991270.117910000	2.72852	101	1
1527991270.121236000	2.73185	87	0
1527991270.123608000	2.73422	87	0
1527991270.421758000	3.03237	344	0
1527991270.423001000	3.03362	1412	0
1527991270.424196000	3.03481	994	0
1527991270.425918000	3.03653	110	1
1527991270.439200000	3.04981	92	0
1527991270.440470000	3.05108	123	0
1527991270.441723000	3.05234	1412	0
1527991270.442933000	3.05355	104	1
1527991270.442939000	3.05355	1412	0
1527991270.444174000	3.05479	1412	0
1527991270.445366000	3.05598	600	0
1527991270.446567000	3.05718	169	0
1527991270.447164000	3.05778	107	1
1527991270.786383000	3.397	1389	1
1527991270.804525000	3.41514	87	0
1527991270.972470000	3.58308	1184	0
1527991270.975963000	3.58658	101	1
1527991271.261142000	3.87176	525	1
1527991271.261240000	3.87185	1412	1
1527991271.261266000	3.87188	1412	1
1527991271.261305000	3.87192	1412	1
1527991271.261359000	3.87197	1412	1
1527991271.261381000	3.87199	1412	1
1527991271.261415000	3.87203	1412	1
1527991271.261445000	3.87206	1412	1
1527991271.261482000	3.8721	1412	1
1527991271.261533000	3.87215	1412	1
1527991271.261555000	3.87217	1412	1
1527991271.261590000	3.8722	1412	1
1527991271.261624000	3.87224	1412	1
1527991271.261658000	3.87227	1271	1
1527991271.280167000	3.89078	87	0
1527991271.283914000	3.89453	87	0
1527991271.416479000	4.02709	396	0
1527991271.419986000	4.0306	80	0
1527991271.428072000	4.03869	107	1
1527991271.755249000	4.36586	1389	1
1527991271.775875000	4.38649	87	0
1527991271.928324000	4.53894	336	0
1527991271.929508000	4.54012	236	0
1527991271.937012000	4.54763	104	1
1527991273.318653000	5.92927	330	1
1527991273.318746000	5.92936	1412	1
1527991273.318782000	5.9294	981	1
1527991273.322624000	5.93324	251	1
1527991273.338187000	5.9488	87	0
1527991273.341754000	5.95237	87	0
1527991273.430989000	6.0416	397	0
1527991273.434166000	6.04478	80	0
1527991273.434396000	6.04501	107	1
1527991273.678887000	6.2895	573	0
1527991273.680232000	6.29085	358	0
1527991273.680749000	6.29136	118	1
1527991273.683826000	6.29444	253	1
1527991273.698701000	6.30931	87	0
1527991273.701821000	6.31244	87	0
1527991274.132471000	6.74309	921	0
1527991274.133696000	6.74431	1412	0
1527991274.134918000	6.74553	1412	0
1527991274.136143000	6.74676	1412	0
1527991274.136691000	6.74731	110	1
1527991274.137329000	6.74794	180	0
1527991274.139416000	6.75003	1412	0
1527991274.140420000	6.75103	104	1
1527991274.140707000	6.75132	1355	0
1527991274.142400000	6.75301	1412	0
1527991274.143610000	6.75422	1412	0
1527991274.144531000	6.75515	104	1
1527991274.144834000	6.75545	1412	0
1527991274.146051000	6.75666	188	0
1527991274.149212000	6.75983	101	1
1527991274.162469000	6.77308	1220	0
1527991274.165219000	6.77583	1412	0
1527991274.166416000	6.77703	1412	0
1527991274.167471000	6.77808	101	1
1527991274.167634000	6.77825	1412	0
1527991274.171437000	6.78205	101	1
1527991274.172759000	6.78337	190	0
1527991274.175839000	6.78645	1412	0
1527991274.177030000	6.78764	734	0
1527991274.178268000	6.78888	1412	0
1527991274.179483000	6.7901	1412	0
1527991274.180840000	6.79145	1412	0
1527991274.182058000	6.79267	1412	0
1527991274.182433000	6.79305	110	1
1527991274.183279000	6.79389	1412	0
1527991274.184514000	6.79513	1412	0
1527991274.185713000	6.79633	1412	0
1527991274.186914000	6.79753	565	0
1527991274.188157000	6.79877	1412	0
1527991274.189365000	6.79998	1412	0
1527991274.195471000	6.80609	1412	0
1527991274.196692000	6.80731	1412	0
1527991274.197931000	6.80855	1412	0
1527991274.199208000	6.80982	1412	0
1527991274.200489000	6.8111	1412	0
1527991274.201675000	6.81229	399	0
1527991274.202907000	6.81352	1195	0
1527991274.204129000	6.81474	1412	0
1527991274.205343000	6.81596	1412	0
1527991274.205537000	6.81615	125	1
1527991274.206556000	6.81717	1412	0
1527991274.207770000	6.81838	1412	0
1527991274.208984000	6.8196	1412	0
1527991274.209086000	6.8197	125	1
1527991274.210238000	6.82085	969	0
1527991274.211455000	6.82207	749	0
1527991274.212690000	6.8233	1412	0
1527991274.213415000	6.82403	104	1
1527991274.213909000	6.82452	1331	0
1527991274.215749000	6.82636	1412	0
1527991274.216973000	6.82759	1412	0
1527991274.218172000	6.82879	348	0
1527991274.219386000	6.83	338	0
1527991274.220812000	6.83143	101	1
1527991274.224543000	6.83516	104	1
1527991275.480167000	8.09078	431	1
1527991275.480254000	8.09087	144	1
1527991275.497531000	8.10814	87	0
1527991275.552835000	8.16345	1412	0
1527991275.554038000	8.16465	1412	0
1527991275.555256000	8.16587	1412	0
1527991275.556446000	8.16706	589	0
1527991275.556682000	8.1673	107	1
1527991275.557695000	8.16831	197	0
1527991275.560501000	8.17112	101	1
1527991276.710471000	9.32108	864	1
1527991276.710564000	9.32118	294	1
1527991276.715388000	9.326	523	1
1527991276.715478000	9.32609	1412	1
1527991276.715517000	9.32613	1412	1
1527991276.715570000	9.32618	969	1
1527991276.729287000	9.3399	87	0
1527991276.736283000	9.3469	87	0
1527991276.819781000	9.4304	402	1
1527991276.840927000	9.45154	87	0
1527991277.002400000	9.61301	395	0
1527991277.008461000	9.61908	101	1
1527991277.010220000	9.62083	80	0
1527991277.014603000	9.62522	98	1
1527991277.026140000	9.63675	329	0
1527991277.027381000	9.638	1400	0
1527991277.028577000	9.63919	513	0
1527991277.029582000	9.6402	104	1
1527991277.029811000	9.64042	592	0
1527991277.031117000	9.64173	645	0
1527991277.033084000	9.6437	467	0
1527991277.033574000	9.64419	104	1
1527991277.035606000	9.64622	697	0
1527991277.036814000	9.64743	484	0
1527991277.040604000	9.65122	101	1
1527991277.047443000	9.65806	835	0
1527991277.048646000	9.65926	649	0
1527991277.050048000	9.66066	519	0
1527991277.052461000	9.66307	449	0
1527991277.055246000	9.66586	701	0
1527991277.056447000	9.66706	616	0
1527991277.057627000	9.66824	113	1
1527991277.057667000	9.66828	558	0
1527991277.059144000	9.66976	654	0
1527991277.061149000	9.67176	1412	1
1527991277.061216000	9.67183	1412	1
1527991277.061249000	9.67186	278	1
1527991277.061304000	9.67192	844	1
1527991277.062051000	9.67267	583	0
1527991277.063281000	9.6739	689	0
1527991277.065698000	9.67631	101	1
1527991277.070292000	9.68091	92	0
1527991277.071495000	9.68211	295	0
1527991277.073577000	9.68419	101	1
1527991277.081368000	9.69198	87	0
1527991277.105559000	9.71617	703	0
1527991277.109594000	9.72021	101	1
1527991277.113932000	9.72455	277	0
1527991277.115140000	9.72575	103	0
1527991277.117577000	9.72819	101	1
1527991277.119595000	9.73021	296	0
1527991277.123578000	9.73419	98	1
1527991277.692513000	10.3031	995	1
1527991277.692604000	10.3032	109	1
1527991277.702073000	10.3127	305	1
1527991277.705329000	10.3159	480	1
1527991277.705405000	10.316	87	1
1527991277.710774000	10.3214	87	0
1527991277.719671000	10.3303	87	0
1527991277.724531000	10.3351	87	0
1527991277.976425000	10.587	319	0
1527991277.977624000	10.5882	151	0
1527991277.980704000	10.5913	110	1
1527991277.981580000	10.5922	92	0
1527991277.982804000	10.5934	290	0
1527991277.985667000	10.5963	101	1
1527991277.994632000	10.6052	265	0
1527991277.995821000	10.6064	103	0
1527991277.998659000	10.6093	101	1
1527991278.000236000	10.6109	92	0
1527991278.001452000	10.6121	156	0
1527991278.003686000	10.6143	101	1
1527991278.022428000	10.633	313	0
1527991278.024802000	10.6354	141	0
1527991278.026008000	10.6366	92	0
1527991278.026640000	10.6373	104	1
1527991278.027242000	10.6379	92	0
1527991278.031664000	10.6423	98	1
1527991278.995788000	11.6064	394	1
1527991278.995875000	11.6065	254	1
1527991279.031766000	11.6424	394	1
1527991279.047629000	11.6582	87	0
1527991279.082520000	11.6931	87	0
1527991279.387178000	11.9978	504	1
1527991279.387251000	11.9979	94	1
1527991279.406597000	12.0172	87	0
1527991279.577846000	12.1885	306	1
1527991279.577979000	12.1886	1412	1
1527991279.578017000	12.1886	1412	1
1527991279.578068000	12.1887	1412	1
1527991279.578090000	12.1887	1412	1
1527991279.578113000	12.1887	1412	1
1527991279.578160000	12.1888	1412	1
1527991279.578195000	12.1888	1412	1
1527991279.578229000	12.1888	1412	1
1527991279.578263000	12.1889	1412	1
1527991279.578297000	12.1889	1412	1
1527991279.578333000	12.1889	1412	1
1527991279.578366000	12.189	1412	1
1527991279.578401000	12.189	1412	1
1527991279.578441000	12.1891	1412	1
1527991279.578474000	12.1891	1412	1
1527991279.579718000	12.1903	1412	1
1527991279.579757000	12.1904	1412	1
1527991279.579809000	12.1904	1412	1
1527991279.579832000	12.1904	1412	1
1527991279.579866000	12.1905	1412	1
1527991279.579895000	12.1905	1412	1
1527991279.579932000	12.1905	1412	1
1527991279.579965000	12.1906	1412	1
1527991279.580000000	12.1906	1412	1
1527991279.580040000	12.1907	1412	1
1527991279.581719000	12.1923	1412	1
1527991279.581760000	12.1924	1412	1
1527991279.581813000	12.1924	1412	1
1527991279.581835000	12.1924	1412	1
1527991279.581870000	12.1925	1412	1
1527991279.581902000	12.1925	1412	1
1527991279.581936000	12.1925	1412	1
1527991279.581971000	12.1926	1412	1
1527991279.581998000	12.1926	753	1
1527991279.597478000	12.2081	87	0
1527991279.600294000	12.2109	87	0
1527991279.601496000	12.2121	87	0
1527991279.604417000	12.215	87	0
1527991279.673140000	12.2838	263	0
1527991279.674360000	12.285	367	0
1527991279.675569000	12.2862	286	0
1527991279.677686000	12.2883	119	1
1527991279.735280000	12.3459	233	0
1527991279.736510000	12.3471	146	0
1527991279.738814000	12.3494	103	1
1527991279.739390000	12.35	92	0
1527991279.740675000	12.3513	123	0
1527991279.742733000	12.3533	103	1
1527991279.913950000	12.5246	386	0
1527991279.917761000	12.5284	100	1
1527991279.919918000	12.5305	80	0
1527991279.923790000	12.5344	100	1
1527991280.304922000	12.9155	362	1
1527991280.306964000	12.9176	298	1
1527991280.322688000	12.9333	87	0
1527991280.434044000	13.0447	378	1
1527991280.452603000	13.0632	87	0
1527991280.501331000	13.1119	346	1
1527991280.501408000	13.112	457	1
1527991280.519473000	13.1301	87	0
1527991280.582122000	13.1927	279	0
1527991280.583320000	13.1939	118	0
1527991280.584534000	13.1951	233	0
1527991280.585754000	13.1964	280	0
1527991280.586565000	13.1972	109	1
1527991280.586972000	13.1976	92	0
1527991280.588197000	13.1988	287	0
1527991280.589400000	13.2	92	0
1527991280.589787000	13.2004	109	1
1527991280.590674000	13.2013	265	0
1527991280.594796000	13.2054	100	1
1527991280.616897000	13.2275	614	0
1527991280.618112000	13.2287	806	0
1527991280.619304000	13.2299	92	0
1527991280.620588000	13.2312	226	0
1527991280.620983000	13.2316	109	1
1527991280.687936000	13.2986	1412	1
1527991280.687995000	13.2986	414	1
1527991280.706262000	13.3169	87	0
1527991280.790602000	13.4012	282	0
1527991280.791795000	13.4024	146	0
1527991280.794391000	13.405	92	0
1527991280.794799000	13.4054	109	1
1527991280.795626000	13.4062	186	0
1527991280.798814000	13.4094	100	1
1527991280.856443000	13.4671	408	0
1527991280.857648000	13.4683	700	0
1527991280.860854000	13.4715	103	1
1527991280.897266000	13.5079	631	1
1527991280.924073000	13.5347	87	0
1527991280.990621000	13.6012	762	1
1527991280.990710000	13.6013	258	1
1527991281.008482000	13.6191	87	0
1527991281.044132000	13.6547	238	0
1527991281.045288000	13.6559	360	0
1527991281.046562000	13.6572	234	0
1527991281.047825000	13.6584	112	1
1527991281.143668000	13.7543	360	0
1527991281.144860000	13.7555	146	0
1527991281.147829000	13.7584	103	1
1527991281.148154000	13.7588	92	0
1527991281.149370000	13.76	151	0
1527991281.151818000	13.7624	103	1
1527991281.295547000	13.9062	392	1
1527991281.295648000	13.9063	258	1
1527991281.314618000	13.9252	87	0
1527991281.426228000	14.0368	236	0
1527991281.427440000	14.0381	146	0
1527991281.429849000	14.0405	106	1
1527991281.432013000	14.0426	92	0
1527991281.433231000	14.0438	203	0
1527991281.435843000	14.0465	103	1
1527991281.535280000	14.1459	395	1
1527991281.535461000	14.1461	256	1
1527991281.552206000	14.1628	87	0
1527991281.834492000	14.4451	233	0
1527991281.835684000	14.4463	146	0
1527991281.837963000	14.4486	106	1
1527991281.839074000	14.4497	92	0
1527991281.840376000	14.451	169	0
1527991281.842873000	14.4535	103	1
1527991281.978623000	14.5892	396	1
1527991281.978715000	14.5893	261	1
1527991281.997016000	14.6076	87	0
1527991282.005458000	14.6161	87	0
1527991282.273804000	14.8844	256	0
1527991282.274922000	14.8855	146	0
1527991282.277974000	14.8886	109	1
1527991282.278875000	14.8895	92	0
1527991282.280123000	14.8907	166	0
1527991282.282964000	14.8936	103	1
1527991282.406342000	15.017	395	1
1527991282.406436000	15.0171	263	1
1527991282.424177000	15.0348	87	0
1527991282.428572000	15.0392	87	0
1527991282.709186000	15.3198	232	0
1527991282.710442000	15.3211	146	0
1527991282.712986000	15.3236	109	1
1527991282.714970000	15.3256	92	0
1527991282.716202000	15.3268	237	0
1527991282.718925000	15.3295	103	1
1527991282.922212000	15.5328	393	1
1527991282.922306000	15.5329	259	1
1527991282.939679000	15.5503	87	0
1527991283.210841000	15.8215	277	0
1527991283.212040000	15.8227	146	0
1527991283.214133000	15.8247	92	0
1527991283.214935000	15.8255	109	1
1527991283.215373000	15.826	187	0
1527991283.218945000	15.8296	100	1
1527991283.362316000	15.9729	389	1
1527991283.362377000	15.973	259	1
1527991283.389838000	16.0005	87	0
1527991283.498045000	16.1087	232	0
1527991283.499255000	16.1099	148	0
1527991283.502032000	16.1126	106	1
1527991283.503391000	16.114	92	0
1527991283.504638000	16.1153	120	0
1527991283.506960000	16.1176	103	1
1527991283.786424000	16.397	394	1
1527991283.786510000	16.3971	264	1
1527991283.806653000	16.4173	87	0
1527991284.165978000	16.7766	255	0
1527991284.167176000	16.7778	148	0
1527991284.170015000	16.7806	106	1
1527991284.170360000	16.781	92	0
1527991284.171586000	16.7822	256	0
1527991284.173990000	16.7846	103	1
1527991284.244651000	16.8553	394	1
1527991284.244737000	16.8554	262	1
1527991284.262553000	16.8732	87	0
1527991284.403198000	17.0138	233	0
1527991284.404398000	17.015	148	0
1527991284.407012000	17.0176	106	1
1527991284.408640000	17.0193	92	0
1527991284.409868000	17.0205	284	0
1527991284.412113000	17.0227	103	1
1527991284.530917000	17.1415	395	1
1527991284.531081000	17.1417	265	1
1527991284.545255000	17.1559	100	0
1527991284.549006000	17.1596	100	1
1527991284.551823000	17.1624	87	0
1527991284.821711000	17.4323	279	0
1527991284.822926000	17.4335	148	0
1527991284.826132000	17.4367	106	1
1527991284.827391000	17.438	92	0
1527991284.828636000	17.4392	260	0
1527991284.831106000	17.4417	103	1
1527991284.885680000	17.4963	997	1
1527991284.885746000	17.4964	311	1
1527991284.904367000	17.515	87	0
1527991285.185420000	17.796	306	0
1527991285.186608000	17.7972	148	0
1527991285.189104000	17.7997	106	1
1527991285.192090000	17.8027	92	0
1527991285.193385000	17.804	281	0
1527991285.196112000	17.8067	103	1
1527991285.410641000	18.0213	555	1
1527991285.410703000	18.0213	371	1
1527991285.432117000	18.0427	87	0
1527991285.704924000	18.3155	235	0
1527991285.706051000	18.3167	148	0
1527991285.709178000	18.3198	106	1
1527991285.710760000	18.3214	92	0
1527991285.711986000	18.3226	126	0
1527991285.714153000	18.3248	103	1
1527991288.908162000	21.5188	830	1
1527991288.908239000	21.5189	258	1
1527991288.927450000	21.5381	87	0
1527991289.064659000	21.6753	322	0
1527991289.065857000	21.6765	148	0
1527991289.068510000	21.6791	106	1
1527991289.069180000	21.6798	92	0
1527991289.070452000	21.6811	126	0
1527991289.072465000	21.6831	103	1
1527991289.591287000	22.2019	396	1
1527991289.591378000	22.202	256	1
1527991289.610862000	22.2215	87	0
1527991289.886112000	22.4967	258	0
1527991289.887305000	22.4979	148	0
1527991289.889507000	22.5001	106	1
1527991289.891492000	22.5021	92	0
1527991289.892709000	22.5033	92	0
1527991289.895496000	22.5061	103	1
1527991289.996430000	22.607	392	1
1527991289.996528000	22.6071	256	1
1527991290.014413000	22.625	87	0
1527991290.020572000	22.6312	87	0
1527991290.126842000	22.7375	335	0
1527991290.129737000	22.7404	148	0
1527991290.130543000	22.7412	109	1
1527991290.131838000	22.7425	92	0
1527991290.133064000	22.7437	219	0
1527991290.135528000	22.7461	103	1
1527991290.299226000	22.9098	391	1
1527991290.299312000	22.9099	258	1
1527991290.317401000	22.928	87	0
1527991290.592028000	23.2026	260	0
1527991290.593158000	23.2038	148	0
1527991290.595562000	23.2062	106	1
1527991290.596314000	23.2069	92	0
1527991290.597536000	23.2082	268	0
1527991290.599565000	23.2102	103	1
1527991290.912859000	23.5235	395	1
1527991290.912952000	23.5236	257	1
1527991290.931756000	23.5424	87	0
1527991291.222075000	23.8327	255	0
1527991291.223217000	23.8338	148	0
1527991291.225662000	23.8363	106	1
1527991291.229820000	23.8404	92	0
1527991291.231045000	23.8417	316	0
1527991291.233653000	23.8443	103	1
1527991291.363926000	23.9745	390	1
1527991291.364015000	23.9746	256	1
1527991291.382397000	23.993	87	0
1527991291.659005000	24.2696	232	0
1527991291.660214000	24.2708	148	0
1527991291.662683000	24.2733	106	1
1527991291.665525000	24.2761	92	0
1527991291.666783000	24.2774	310	0
1527991291.669676000	24.2803	103	1
1527991291.882031000	24.4926	390	1
1527991291.882121000	24.4927	256	1
1527991291.901900000	24.5125	87	0
1527991292.216930000	24.8275	256	0
1527991292.218050000	24.8287	148	0
1527991292.220721000	24.8313	106	1
1527991292.223697000	24.8343	92	0
1527991292.224993000	24.8356	208	0
1527991292.227707000	24.8383	103	1
1527991292.355714000	24.9663	391	1
1527991292.355778000	24.9664	258	1
1527991292.374645000	24.9853	87	0
1527991292.660409000	25.271	258	0
1527991292.661721000	25.2723	148	0
1527991292.664113000	25.2747	92	0
1527991292.664767000	25.2754	109	1
1527991292.665401000	25.276	207	0
1527991292.668754000	25.2794	100	1
1527991292.870077000	25.4807	392	1
1527991292.870168000	25.4808	257	1
1527991292.888613000	25.4992	87	0
1527991293.075495000	25.6861	235	0
1527991293.076661000	25.6873	148	0
1527991293.079784000	25.6904	106	1
1527991293.083493000	25.6941	92	0
1527991293.084735000	25.6953	198	0
1527991293.087756000	25.6984	103	1
1527991293.255891000	25.8665	392	1
1527991293.255987000	25.8666	256	1
1527991293.273748000	25.8844	87	0
1527991293.548731000	26.1593	256	0
1527991293.549858000	26.1605	148	0
1527991293.552733000	26.1633	106	1
1527991293.553484000	26.1641	92	0
1527991293.554759000	26.1654	154	0
1527991293.556755000	26.1674	103	1
1527991293.686181000	26.2968	998	1
1527991293.686244000	26.2969	259	1
1527991293.704110000	26.3147	87	0
1527991293.974731000	26.5853	233	0
1527991293.975870000	26.5865	148	0
1527991293.978825000	26.5894	106	1
1527991293.979116000	26.5897	92	0
1527991293.980333000	26.5909	121	0
1527991293.982739000	26.5934	103	1
1527991294.102103000	26.7127	391	1
1527991294.102165000	26.7128	256	1
1527991294.122064000	26.7327	87	0
1527991294.401480000	27.0121	302	0
1527991294.402666000	27.0133	148	0
1527991294.405573000	27.0162	92	0
1527991294.405866000	27.0165	109	1
1527991294.406821000	27.0174	203	0
1527991294.410849000	27.0215	100	1
1527991294.536001000	27.1466	550	1
1527991294.536097000	27.1467	257	1
1527991294.553964000	27.1646	87	0
1527991294.823035000	27.4336	283	0
1527991294.824192000	27.4348	148	0
1527991294.826864000	27.4375	106	1
1527991294.827404000	27.438	92	0
1527991294.828679000	27.4393	140	0
1527991294.830784000	27.4414	103	1
1527991295.056180000	27.6668	826	1
1527991295.056278000	27.6669	256	1
1527991295.074253000	27.6849	87	0
1527991295.346412000	27.957	256	0
1527991295.347593000	27.9582	148	0
1527991295.349900000	27.9605	106	1
1527991295.351202000	27.9618	92	0
1527991295.352401000	27.963	295	0
1527991295.354822000	27.9654	103	1
1527991295.364948000	27.9756	394	1
1527991295.365037000	27.9757	258	1
1527991295.382872000	27.9935	87	0
1527991295.651750000	28.2624	299	0
1527991295.652966000	28.2636	148	0
1527991295.655905000	28.2665	106	1
1527991295.656123000	28.2667	92	0
1527991295.657347000	28.268	311	0
1527991295.659977000	28.2706	103	1
1527991295.977339000	28.588	396	1
1527991295.977423000	28.588	256	1
1527991295.996345000	28.607	87	0
1527991296.295074000	28.9057	256	0
1527991296.296211000	28.9068	148	0
1527991296.298951000	28.9096	106	1
1527991296.300445000	28.9111	92	0
1527991296.301784000	28.9124	316	0
1527991296.303939000	28.9146	103	1
1527991296.480242000	29.0909	391	1
1527991296.480319000	29.0909	257	1
1527991296.498063000	29.1087	87	0
1527991296.782503000	29.3931	335	0
1527991296.783739000	29.3944	148	0
1527991296.784944000	29.3956	92	0
1527991296.785983000	29.3966	109	1
1527991296.786188000	29.3968	320	0
1527991296.789997000	29.4006	100	1
1527991296.897136000	29.5078	395	1
1527991296.897210000	29.5078	257	1
1527991296.914758000	29.5254	87	0
1527991297.080254000	29.6909	233	0
1527991297.081558000	29.6922	148	0
1527991297.083991000	29.6946	106	1
1527991297.084921000	29.6955	92	0
1527991297.086146000	29.6968	194	0
1527991297.089008000	29.6996	103	1
1527991297.413246000	30.0239	391	1
1527991297.413311000	30.0239	256	1
1527991297.432402000	30.043	87	0
1527991297.577316000	30.1879	260	0
1527991297.578550000	30.1892	148	0
1527991297.580973000	30.1916	106	1
1527991297.581951000	30.1926	92	0
1527991297.583181000	30.1938	216	0
1527991297.585965000	30.1966	103	1
1527991297.663977000	30.2746	391	1
1527991297.664050000	30.2747	258	1
1527991297.681484000	30.2921	87	0
1527991297.692248000	30.3029	87	0
1527991297.958732000	30.5693	235	0
1527991297.959945000	30.5706	148	0
1527991297.962985000	30.5736	109	1
1527991297.964093000	30.5747	92	0
1527991297.965347000	30.576	330	0
1527991297.967998000	30.5786	103	1
1527991298.245746000	30.8564	392	1
1527991298.245834000	30.8564	256	1
1527991298.266505000	30.8771	87	0
1527991298.534401000	31.145	258	0
1527991298.535657000	31.1463	148	0
1527991298.538075000	31.1487	106	1
1527991298.538834000	31.1494	92	0
1527991298.540045000	31.1507	105	0
1527991298.543094000	31.1537	103	1
1527991298.656116000	31.2667	392	1
1527991298.656182000	31.2668	256	1
1527991298.684684000	31.2953	87	0
1527991298.955574000	31.5662	233	0
1527991298.956789000	31.5674	148	0
1527991298.958843000	31.5695	92	0
1527991298.959039000	31.5697	109	1
1527991298.960092000	31.5707	230	0
1527991298.964092000	31.5747	100	1
1527991299.082700000	31.6933	391	1
1527991299.082775000	31.6934	257	1
1527991299.099990000	31.7106	87	0
1527991299.222781000	31.8334	279	0
1527991299.223994000	31.8346	148	0
1527991299.226940000	31.8376	92	0
1527991299.227198000	31.8378	109	1
1527991299.228203000	31.8388	225	0
1527991299.232050000	31.8427	100	1
1527991299.505463000	32.1161	995	1
1527991299.505518000	32.1161	256	1
1527991299.522833000	32.1334	87	0
1527991299.526972000	32.1376	87	0
1527991299.651764000	32.2624	233	0
1527991299.652898000	32.2635	148	0
1527991299.656144000	32.2668	109	1
1527991299.656724000	32.2673	92	0
1527991299.657949000	32.2686	340	0
1527991299.660132000	32.2707	103	1
1527991299.737238000	32.3479	391	1
1527991299.737303000	32.3479	258	1
1527991299.755118000	32.3657	87	0
1527991300.078147000	32.6888	233	0
1527991300.079384000	32.69	148	0
1527991300.081099000	32.6917	92	0
1527991300.082168000	32.6928	109	1
1527991300.082250000	32.6929	108	0
1527991300.086109000	32.6967	100	1
1527991300.248441000	32.8591	551	1
1527991300.248508000	32.8591	256	1
1527991300.267147000	32.8778	87	0
1527991300.432599000	33.0432	256	0
1527991300.433722000	33.0443	148	0
1527991300.435003000	33.0456	92	0
1527991300.436156000	33.0468	85	0
1527991300.436246000	33.0469	109	1
1527991300.440266000	33.0509	100	1
1527991300.568480000	33.1791	826	1
1527991300.568570000	33.1792	256	1
1527991300.587358000	33.198	87	0
1527991300.866248000	33.4769	280	0
1527991300.867437000	33.4781	148	0
1527991300.870213000	33.4808	106	1
1527991300.871492000	33.4821	92	0
1527991300.872816000	33.4834	265	0
1527991300.875225000	33.4858	103	1
1527991301.101528000	33.7121	391	1
1527991301.101583000	33.7122	257	1
1527991301.119951000	33.7306	87	0
1527991301.430447000	34.0411	305	0
1527991301.431777000	34.0424	148	0
1527991301.432984000	34.0436	92	0
1527991301.434197000	34.0448	176	0
1527991301.434234000	34.0448	109	1
1527991301.438259000	34.0489	100	1
1527991301.453651000	34.0643	305	0
1527991301.457237000	34.0679	100	1
1527991301.615946000	34.2266	390	1
1527991301.616032000	34.2266	257	1
1527991301.634401000	34.245	87	0
1527991301.899970000	34.5106	232	0
1527991301.901238000	34.5119	148	0
1527991301.904276000	34.5149	106	1
1527991301.906648000	34.5173	92	0
1527991301.907874000	34.5185	291	0
1527991301.910265000	34.5209	103	1
1527991301.954327000	34.5649	393	1
1527991301.954390000	34.565	258	1
1527991301.975445000	34.5861	87	0
1527991302.384627000	34.9952	320	0
1527991302.385789000	34.9964	148	0
1527991302.387644000	34.9983	92	0
1527991302.388303000	34.9989	109	1
1527991302.388873000	34.9995	286	0
1527991302.392289000	35.0029	100	1
1527991302.397405000	35.008	394	1
1527991302.397495000	35.0081	259	1
1527991302.429311000	35.0399	87	0
1527991302.701767000	35.3124	232	0
1527991302.702894000	35.3135	148	0
1527991302.705316000	35.3159	106	1
1527991302.708251000	35.3189	92	0
1527991302.709419000	35.32	263	0
1527991302.712306000	35.3229	103	1
1527991302.839354000	35.45	394	1
1527991302.839449000	35.4501	257	1
1527991302.856819000	35.4674	87	0
1527991303.132031000	35.7426	334	0
1527991303.133171000	35.7438	148	0
1527991303.136345000	35.747	106	1
1527991303.137349000	35.748	92	0
1527991303.138632000	35.7492	208	0
1527991303.141354000	35.752	103	1
1527991303.452493000	36.0631	390	1
1527991303.452558000	36.0632	259	1
1527991303.469983000	36.0806	87	0
1527991303.786653000	36.3973	258	0
1527991303.787783000	36.3984	148	0
1527991303.790390000	36.401	106	1
1527991303.793846000	36.4045	92	0
1527991303.795072000	36.4057	282	0
1527991303.797336000	36.408	103	1
1527991303.935498000	36.5461	392	1
1527991303.935593000	36.5462	257	1
1527991303.952769000	36.5634	87	0
1527991304.235387000	36.846	260	0
1527991304.236546000	36.8472	148	0
1527991304.238733000	36.8493	92	0
1527991304.239406000	36.85	109	1
1527991304.239980000	36.8506	308	0
1527991304.243401000	36.854	100	1
1527991304.330566000	36.9412	391	1
1527991304.330662000	36.9413	258	1
1527991304.348381000	36.959	87	0
1527991304.457649000	37.0683	233	0
1527991304.458774000	37.0694	148	0
1527991304.461419000	37.072	106	1
1527991304.462916000	37.0735	92	0
1527991304.464212000	37.0748	276	0
1527991304.466354000	37.077	103	1
1527991304.946815000	37.5574	391	1
1527991304.946901000	37.5575	257	1
1527991304.965755000	37.5764	87	0
1527991305.081078000	37.6917	233	0
1527991305.082226000	37.6928	148	0
1527991305.085433000	37.696	106	1
1527991305.087054000	37.6977	92	0
1527991305.088274000	37.6989	149	0
1527991305.090434000	37.701	103	1
1527991305.198574000	37.8092	995	1
1527991305.198642000	37.8093	257	1
1527991305.216025000	37.8266	87	0
1527991305.324512000	37.9351	258	0
1527991305.325753000	37.9364	148	0
1527991305.328433000	37.939	106	1
1527991305.329664000	37.9403	92	0
1527991305.330963000	37.9416	233	0
1527991305.333452000	37.9441	103	1
1527991305.421693000	38.0323	392	1
1527991305.421790000	38.0324	257	1
1527991305.439452000	38.0501	87	0
1527991305.562577000	38.1732	256	0
1527991305.563793000	38.1744	148	0
1527991305.566435000	38.177	106	1
1527991305.567633000	38.1782	92	0
1527991305.568854000	38.1795	208	0
1527991305.571422000	38.182	103	1
1527991305.703618000	38.3142	551	1
1527991305.703715000	38.3143	259	1
1527991305.722049000	38.3327	87	0
1527991306.029423000	38.64	233	0
1527991306.030555000	38.6412	148	0
1527991306.031904000	38.6425	92	0
1527991306.033135000	38.6437	334	0
1527991306.033631000	38.6442	112	1
1527991306.156850000	38.7675	826	1
1527991306.156913000	38.7675	258	1
1527991306.186598000	38.7972	87	0
1527991306.453288000	39.0639	256	0
1527991306.454412000	39.065	148	0
1527991306.457505000	39.0681	106	1
1527991306.459567000	39.0702	92	0
1527991306.463462000	39.0741	100	1
1527991306.489461000	39.1001	293	0
1527991306.493484000	39.1041	100	1
1527991306.625646000	39.2363	391	1
1527991306.625710000	39.2363	258	1
1527991306.643752000	39.2544	87	0
1527991306.778020000	39.3886	235	0
1527991306.779180000	39.3898	148	0
1527991306.781313000	39.3919	92	0
1527991306.781522000	39.3921	109	1
1527991306.811879000	39.4225	258	0
1527991306.815529000	39.4261	100	1
1527991306.989780000	39.6004	392	1
1527991306.989844000	39.6005	257	1
1527991307.008428000	39.619	87	0
1527991307.305021000	39.9156	302	0
1527991307.306219000	39.9168	148	0
1527991307.307424000	39.918	92	0
1527991307.308522000	39.9191	109	1
1527991307.308671000	39.9193	183	0
1527991307.312557000	39.9232	100	1
1527991307.565957000	40.1766	390	1
1527991307.566018000	40.1766	257	1
1527991307.584495000	40.1951	87	0
1527991307.859725000	40.4703	283	0
1527991307.860984000	40.4716	148	0
1527991307.863616000	40.4742	106	1
1527991307.865409000	40.476	92	0
1527991307.866656000	40.4773	310	0
1527991307.869607000	40.4802	103	1
1527991308.085948000	40.6966	391	1
1527991308.086039000	40.6967	257	1
1527991308.104028000	40.7146	87	0
1527991308.212838000	40.8235	258	0
1527991308.214115000	40.8247	148	0
1527991308.216716000	40.8273	106	1
1527991308.216959000	40.8276	92	0
1527991308.218185000	40.8288	151	0
1527991308.220561000	40.8312	103	1
1527991308.505044000	41.1157	395	1
1527991308.505139000	41.1158	260	1
1527991308.522585000	41.1332	87	0
1527991308.803652000	41.4143	297	0
1527991308.804851000	41.4155	148	0
1527991308.807705000	41.4183	106	1
1527991308.807966000	41.4186	92	0
1527991308.809195000	41.4198	334	0
1527991308.811658000	41.4223	103	1
1527991308.981485000	41.5921	391	1
1527991308.981587000	41.5922	260	1
1527991308.998676000	41.6093	87	0
1527991309.109984000	41.7206	236	0
1527991309.111253000	41.7219	148	0
1527991309.113680000	41.7243	106	1
1527991309.114651000	41.7253	92	0
1527991309.115884000	41.7265	306	0
1527991309.118671000	41.7293	103	1
1527991309.391731000	42.0023	397	1
1527991309.391802000	42.0024	257	1
1527991309.409642000	42.0203	87	0
1527991309.415161000	42.0258	87	0
1527991309.531253000	42.1419	358	0
1527991309.532399000	42.143	148	0
1527991309.534718000	42.1453	109	1
1527991309.535106000	42.1457	92	0
1527991309.536326000	42.1469	130	0
1527991309.538724000	42.1493	103	1
1527991310.959585000	43.5702	394	1
1527991310.959678000	43.5703	259	1
1527991310.992803000	43.6034	394	1
1527991311.013454000	43.6241	87	0
1527991311.052402000	43.663	87	0
1527991311.269767000	43.8804	256	0
1527991311.270919000	43.8815	148	0
1527991311.273807000	43.8844	109	1
1527991311.274736000	43.8853	92	0
1527991311.275957000	43.8866	153	0
1527991311.279659000	43.8903	103	1
1527991311.800187000	44.4108	392	1
1527991311.800271000	44.4109	257	1
1527991311.817554000	44.4282	87	0
1527991311.936207000	44.5468	237	0
1527991311.937410000	44.548	148	0
1527991311.939797000	44.5504	106	1
1527991311.943007000	44.5536	92	0
1527991311.944225000	44.5548	109	0
1527991311.946838000	44.5575	103	1
1527991312.144160000	44.7548	999	1
1527991312.144254000	44.7549	258	1
1527991312.171350000	44.782	87	0
1527991312.288163000	44.8988	256	0
1527991312.289378000	44.9	148	0
1527991312.291791000	44.9024	106	1
1527991312.294316000	44.9049	92	0
1527991312.296765000	44.9074	110	0
1527991312.297779000	44.9084	103	1
1527991312.589041000	45.1997	391	1
1527991312.589129000	45.1997	257	1
1527991312.609359000	45.22	87	0
1527991312.734228000	45.3448	232	0
1527991312.735361000	45.346	148	0
1527991312.736628000	45.3472	92	0
1527991312.737833000	45.3484	169	0
1527991312.737896000	45.3485	109	1
1527991312.741818000	45.3524	100	1
1527991312.842990000	45.4536	550	1
1527991312.843058000	45.4537	259	1
1527991312.860099000	45.4707	87	0
1527991312.982098000	45.5927	232	0
1527991312.983318000	45.5939	148	0
1527991312.985889000	45.5965	106	1
1527991312.988027000	45.5986	92	0
1527991312.990411000	45.601	330	0
1527991312.991876000	45.6025	103	1
1527991313.227395000	45.838	825	1
1527991313.227471000	45.8381	257	1
1527991313.245939000	45.8566	87	0
1527991313.349048000	45.9597	278	0
1527991313.350204000	45.9608	148	0
1527991313.352911000	45.9635	106	1
1527991313.355825000	45.9664	92	0
1527991313.356989000	45.9676	232	0
1527991313.359899000	45.9705	103	1
1527991313.698221000	46.3088	390	1
1527991313.698284000	46.3089	257	1
1527991313.715957000	46.3266	87	0
1527991313.828772000	46.4394	232	0
1527991313.829901000	46.4405	148	0
1527991313.832979000	46.4436	106	1
1527991313.833951000	46.4446	92	0
1527991313.835175000	46.4458	330	0
1527991313.837936000	46.4485	103	1
1527991314.000079000	46.6107	390	1
1527991314.000147000	46.6108	259	1
1527991314.025950000	46.6366	87	0
1527991314.045082000	46.6557	87	0
1527991314.160406000	46.771	233	0
1527991314.161700000	46.7723	148	0
1527991314.163951000	46.7746	109	1
1527991314.168078000	46.7787	92	0
1527991314.169300000	46.7799	134	0
1527991314.171925000	46.7825	103	1
1527991314.187526000	46.7981	92	0
1527991314.190879000	46.8015	100	1
1527991314.753362000	47.364	391	1
1527991314.753452000	47.3641	258	1
1527991314.770778000	47.3814	87	0
1527991314.888600000	47.4992	256	0
1527991314.889747000	47.5004	148	0
1527991314.892993000	47.5036	106	1
1527991314.893387000	47.504	92	0
1527991314.894608000	47.5052	119	0
1527991314.896921000	47.5075	103	1
1527991315.220161000	47.8308	391	1
1527991315.220251000	47.8309	257	1
1527991315.240652000	47.8513	87	0
1527991315.345358000	47.956	305	0
1527991315.346502000	47.9571	148	0
1527991315.349022000	47.9596	106	1
1527991315.353397000	47.964	92	0
1527991315.354672000	47.9653	336	0
1527991315.357022000	47.9676	103	1
1527991315.436271000	48.0469	392	1
1527991315.436333000	48.0469	257	1
1527991315.463628000	48.0742	87	0
1527991315.485643000	48.0963	87	0
1527991315.577741000	48.1884	286	0
1527991315.578946000	48.1896	148	0
1527991315.582058000	48.1927	109	1
1527991315.589581000	48.2002	92	0
1527991315.590805000	48.2014	261	0
1527991315.593047000	48.2037	103	1
1527991316.235336000	48.846	393	1
1527991316.235398000	48.846	259	1
1527991316.254694000	48.8653	87	0
1527991316.361710000	48.9723	320	0
1527991316.362850000	48.9735	148	0
1527991316.366088000	48.9767	106	1
1527991316.367574000	48.9782	92	0
1527991316.368795000	48.9794	109	0
1527991316.371068000	48.9817	103	1
1527991316.489464000	49.1001	395	1
1527991316.489531000	49.1001	257	1
1527991316.507852000	49.1185	87	0
1527991316.529886000	49.1405	87	0
1527991316.777349000	49.388	231	0
1527991316.778524000	49.3891	148	0
1527991316.781117000	49.3917	109	1
1527991316.783175000	49.3938	92	0
1527991316.784404000	49.395	228	0
1527991316.787111000	49.3977	103	1
1527991316.912475000	49.5231	390	1
1527991316.912559000	49.5232	258	1
1527991316.932908000	49.5435	87	0
1527991317.038937000	49.6496	334	0
1527991317.040137000	49.6508	148	0
1527991317.043113000	49.6537	106	1
1527991317.043580000	49.6542	92	0
1527991317.044877000	49.6555	113	0
1527991317.047063000	49.6577	103	1
1527991317.232329000	49.8429	390	1
1527991317.232389000	49.843	257	1
1527991317.250796000	49.8614	87	0
1527991317.370240000	49.9809	256	0
1527991317.371562000	49.9822	148	0
1527991317.374072000	49.9847	106	1
1527991317.374536000	49.9852	92	0
1527991317.375754000	49.9864	105	0
1527991317.378084000	49.9887	103	1
1527991318.040722000	50.6513	391	1
1527991318.040818000	50.6514	257	1
1527991318.078909000	50.6895	87	0
1527991318.081471000	50.6921	87	0
1527991318.177152000	50.7878	258	0
1527991318.178374000	50.789	148	0
1527991318.181180000	50.7918	109	1
1527991318.183090000	50.7937	92	0
1527991318.184659000	50.7953	139	0
1527991318.187169000	50.7978	103	1
1527991318.453356000	51.064	996	1
1527991318.453448000	51.0641	258	1
1527991318.470453000	51.0811	87	0
1527991318.613700000	51.2243	235	0
1527991318.614836000	51.2255	148	0
1527991318.617210000	51.2278	106	1
1527991318.619717000	51.2303	92	0
1527991318.620927000	51.2315	104	0
1527991318.623204000	51.2338	103	1
1527991319.069778000	51.6804	552	1
1527991319.069863000	51.6805	257	1
1527991319.088142000	51.6988	87	0
1527991319.219523000	51.8301	255	0
1527991319.220739000	51.8314	148	0
1527991319.223177000	51.8338	106	1
1527991319.225769000	51.8364	92	0
1527991319.226991000	51.8376	187	0
1527991319.229169000	51.8398	103	1
1527991319.513520000	52.1241	828	1
1527991319.513594000	52.1242	259	1
1527991319.532866000	52.1435	87	0
1527991319.636123000	52.2467	235	0
1527991319.637255000	52.2479	148	0
1527991319.640294000	52.2509	106	1
1527991319.640671000	52.2513	92	0
1527991319.641951000	52.2526	212	0
1527991319.644277000	52.2549	103	1
1527991319.995725000	52.6063	396	1
1527991319.995815000	52.6064	261	1
1527991320.019693000	52.6303	87	0
1527991320.022651000	52.6333	87	0
1527991320.316236000	52.9269	278	0
1527991320.317362000	52.928	148	0
1527991320.320304000	52.9309	109	1
1527991320.322300000	52.9329	92	0
1527991320.326316000	52.9369	100	1
1527991320.351887000	52.9625	307	0
1527991320.355298000	52.9659	100	1
1527991320.464445000	53.0751	391	1
1527991320.464539000	53.0752	259	1
1527991320.481859000	53.0925	87	0
1527991320.586038000	53.1967	233	0
1527991320.588471000	53.1991	148	0
1527991320.589934000	53.2005	92	0
1527991320.590267000	53.2009	109	1
1527991320.591245000	53.2019	265	0
1527991320.595331000	53.2059	100	1
1527991320.885464000	53.4961	391	1
1527991320.885543000	53.4962	258	1
1527991320.903234000	53.5138	87	0
1527991321.005209000	53.6158	233	0
1527991321.006346000	53.617	148	0
1527991321.009343000	53.62	106	1
1527991321.009612000	53.6202	92	0
1527991321.010838000	53.6215	324	0
1527991321.013337000	53.624	103	1
1527991321.324791000	53.9354	391	1
1527991321.324856000	53.9355	258	1
1527991321.345406000	53.956	87	0
1527991321.445530000	54.0561	256	0
1527991321.446881000	54.0575	148	0
1527991321.449371000	54.06	106	1
1527991321.450338000	54.061	92	0
1527991321.451626000	54.0622	243	0
1527991321.454380000	54.065	103	1
1527991321.980650000	54.5913	391	1
1527991321.980712000	54.5913	257	1
1527991322.011059000	54.6217	87	0
1527991322.012525000	54.6231	87	0
1527991322.280095000	54.8907	305	0
1527991322.281228000	54.8918	148	0
1527991322.284427000	54.895	109	1
1527991322.286567000	54.8972	92	0
1527991322.287792000	54.8984	149	0
1527991322.290406000	54.901	103	1
1527991322.414752000	55.0254	392	1
1527991322.414818000	55.0254	257	1
1527991322.436614000	55.0472	87	0
1527991322.705631000	55.3162	283	0
1527991322.706772000	55.3174	148	0
1527991322.709434000	55.32	106	1
1527991322.711258000	55.3219	92	0
1527991322.712480000	55.3231	222	0
1527991322.715451000	55.3261	103	1
1527991324.392938000	57.0036	395	1
1527991324.393033000	57.0036	257	1
1527991324.411788000	57.0224	87	0
1527991324.694763000	57.3054	320	0
1527991324.695891000	57.3065	148	0
1527991324.698475000	57.3091	106	1
1527991324.700317000	57.3109	92	0
1527991324.702817000	57.3134	112	0
1527991324.704463000	57.3151	103	1
1527991324.823739000	57.4344	391	1
1527991324.823827000	57.4344	259	1
1527991324.841205000	57.4518	87	0
1527991324.944082000	57.5547	233	0
1527991324.945292000	57.5559	148	0
1527991324.947488000	57.5581	106	1
1527991324.949402000	57.56	92	0
1527991324.950674000	57.5613	159	0
1527991324.953477000	57.5641	103	1
1527991325.355557000	57.9662	394	1
1527991325.355644000	57.9663	260	1
1527991325.373461000	57.9841	87	0
1527991325.791933000	58.4025	358	0
1527991325.793062000	58.4037	148	0
1527991325.795592000	58.4062	106	1
1527991325.799483000	58.4101	92	0
1527991325.800734000	58.4113	263	0
1527991325.803612000	58.4142	103	1
1527991326.086757000	58.6974	392	1
1527991326.086842000	58.6975	260	1
1527991326.110294000	58.7209	87	0
1527991326.111448000	58.7221	87	0
1527991326.211489000	58.8221	256	0
1527991326.212734000	58.8233	148	0
1527991326.215617000	58.8262	109	1
1527991326.217435000	58.828	92	0
1527991326.218771000	58.8294	89	0
1527991326.221615000	58.8322	103	1
1527991326.670437000	59.2811	998	1
1527991326.670535000	59.2811	258	1
1527991326.688994000	59.2996	87	0
1527991326.817326000	59.4279	237	0
1527991326.818507000	59.4291	148	0
1527991326.820661000	59.4313	92	0
1527991326.821651000	59.4323	109	1
1527991326.822012000	59.4326	130	0
1527991326.825573000	59.4362	100	1
1527991327.064998000	59.6756	552	1
1527991327.065058000	59.6757	257	1
1527991327.082819000	59.6934	87	0
1527991327.218418000	59.829	253	0
1527991327.219549000	59.8302	148	0
1527991327.222687000	59.8333	106	1
1527991327.223504000	59.8341	92	0
1527991327.224766000	59.8354	233	0
1527991327.227688000	59.8383	103	1
1527991327.307716000	59.9183	826	1
1527991327.307807000	59.9184	259	1
1527991327.331249000	59.9419	87	0
1527991327.332495000	59.9431	87	0
1527991327.610687000	60.2213	232	0
1527991327.611953000	60.2226	148	0
1527991327.614699000	60.2253	109	1
1527991327.616329000	60.2269	92	0
1527991327.617502000	60.2281	255	0
1527991327.619685000	60.2303	103	1
1527991327.770883000	60.3815	390	1
1527991327.770969000	60.3816	258	1
1527991327.789124000	60.3997	87	0
1527991327.795504000	60.4061	87	0
1527991328.077615000	60.6882	232	0
1527991328.078759000	60.6894	148	0
1527991328.080198000	60.6908	92	0
1527991328.081405000	60.692	275	0
1527991328.081656000	60.6923	115	1
1527991328.103848000	60.7145	232	0
1527991328.107728000	60.7183	100	1
1527991328.186827000	60.7974	390	1
1527991328.186892000	60.7975	257	1
1527991328.212850000	60.8235	87	0
1527991328.316120000	60.9267	278	0
1527991328.317335000	60.9279	148	0
1527991328.318877000	60.9295	92	0
1527991328.319732000	60.9303	109	1
1527991328.320293000	60.9309	220	0
1527991328.323657000	60.9343	100	1
1527991328.639877000	61.2505	390	1
1527991328.639962000	61.2506	259	1
1527991328.658158000	61.2688	87	0
1527991328.930446000	61.5411	232	0
1527991328.931639000	61.5423	148	0
1527991328.934774000	61.5454	106	1
1527991328.935312000	61.5459	92	0
1527991328.936499000	61.5471	265	0
1527991328.938696000	61.5493	103	1
1527991329.093314000	61.7039	390	1
1527991329.093401000	61.704	257	1
1527991329.111823000	61.7224	87	0
1527991329.245494000	61.8561	256	0
1527991329.246702000	61.8573	148	0
1527991329.249790000	61.8604	106	1
1527991329.250304000	61.8609	92	0
1527991329.251486000	61.8621	209	0
1527991329.253800000	61.8644	103	1
1527991331.053625000	63.6642	391	1
1527991331.053685000	63.6643	257	1
1527991331.071807000	63.6824	87	0
1527991331.199985000	63.8106	254	0
1527991331.201181000	63.8118	148	0
1527991331.203387000	63.814	92	0
1527991331.204230000	63.8148	109	1
1527991331.204734000	63.8153	263	0
1527991331.208235000	63.8188	100	1
1527991331.396292000	64.0069	390	1
1527991331.396382000	64.007	258	1
1527991331.414594000	64.0252	87	0
1527991331.535847000	64.1465	279	0
1527991331.537064000	64.1477	148	0
1527991331.539313000	64.1499	106	1
1527991331.541058000	64.1517	92	0
1527991331.542276000	64.1529	159	0
1527991331.545323000	64.1559	103	1
1527991331.893733000	64.5043	391	1
1527991331.893825000	64.5044	259	1
1527991331.913305000	64.5239	87	0
1527991331.920028000	64.5306	87	0
1527991332.191517000	64.8021	306	0
1527991332.192812000	64.8034	148	0
1527991332.195358000	64.806	109	1
1527991332.196767000	64.8074	92	0
1527991332.197982000	64.8086	211	0
1527991332.200367000	64.811	103	1
1527991332.298807000	64.9094	391	1
1527991332.298883000	64.9095	259	1
1527991332.317749000	64.9284	87	0
1527991332.460341000	65.071	299	0
1527991332.461502000	65.0721	148	0
1527991332.462937000	65.0736	92	0
1527991332.464161000	65.0748	324	0
1527991332.464407000	65.075	112	1
1527991332.531164000	65.1418	396	1
1527991332.531266000	65.1419	262	1
1527991332.550004000	65.1606	87	0
1527991332.994323000	65.6049	235	0
1527991332.995453000	65.6061	148	0
1527991332.998395000	65.609	106	1
1527991332.999230000	65.6098	92	0
1527991333.000397000	65.611	131	0
1527991333.003313000	65.6139	103	1
1527991333.087522000	65.6981	395	1
1527991333.087618000	65.6982	260	1
1527991333.106064000	65.7167	87	0
1527991333.214657000	65.8253	360	0
1527991333.215866000	65.8265	148	0
1527991333.218397000	65.829	106	1
1527991333.219232000	65.8298	92	0
1527991333.220398000	65.831	306	0
1527991333.223416000	65.834	103	1
1527991333.442644000	66.0533	1000	1
1527991333.442709000	66.0533	261	1
1527991333.462319000	66.0729	87	0
1527991333.732235000	66.3428	233	0
1527991333.733369000	66.344	148	0
1527991333.736435000	66.347	106	1
1527991333.737102000	66.3477	92	0
1527991333.738329000	66.3489	244	0
1527991333.740360000	66.351	103	1
1527991333.875823000	66.4864	551	1
1527991333.875914000	66.4865	260	1
1527991333.894090000	66.5047	87	0
1527991334.002198000	66.6128	232	0
1527991334.003391000	66.614	148	0
1527991334.006388000	66.617	106	1
1527991334.006475000	66.6171	92	0
1527991334.007716000	66.6183	199	0
1527991334.010397000	66.621	103	1
1527991334.503875000	67.1145	829	1
1527991334.503966000	67.1146	259	1
1527991334.532930000	67.1435	87	0
1527991334.638076000	67.2487	260	0
1527991334.639199000	67.2498	148	0
1527991334.642438000	67.2531	106	1
1527991334.643150000	67.2538	92	0
1527991334.644384000	67.255	229	0
1527991334.646479000	67.2571	103	1
1527991334.795756000	67.4064	391	1
1527991334.795844000	67.4065	259	1
1527991334.813889000	67.4245	87	0
1527991334.921823000	67.5324	235	0
1527991334.923098000	67.5337	148	0
1527991334.925444000	67.5361	106	1
1527991334.926195000	67.5368	92	0
1527991334.927410000	67.538	124	0
1527991334.929556000	67.5402	103	1
1527991335.264884000	67.8755	392	1
1527991335.264945000	67.8756	262	1
1527991335.282137000	67.8928	87	0
1527991335.399423000	68.01	258	0
1527991335.400678000	68.0113	148	0
1527991335.403483000	68.0141	106	1
1527991335.404379000	68.015	92	0
1527991335.405535000	68.0161	306	0
1527991335.408478000	68.0191	103	1
1527991335.623863000	68.2345	392	1
1527991335.623972000	68.2346	260	1
1527991335.642404000	68.253	87	0
1527991335.770625000	68.3812	256	0
1527991335.771879000	68.3825	148	0
1527991335.774517000	68.3851	106	1
1527991335.776233000	68.3868	92	0
1527991335.777408000	68.388	180	0
1527991335.779505000	68.3901	103	1
1527991336.000899000	68.6115	391	1
1527991336.000995000	68.6116	259	1
1527991336.026405000	68.637	87	0
1527991336.118718000	68.7293	235	0
1527991336.119868000	68.7305	148	0
1527991336.122547000	68.7332	106	1
1527991336.123417000	68.734	92	0
1527991336.124690000	68.7353	102	0
1527991336.127518000	68.7381	103	1
1527991336.462836000	69.0735	392	1
1527991336.462920000	69.0735	260	1
1527991336.482659000	69.0933	87	0
1527991336.563166000	69.1738	306	1
1527991336.563248000	69.1739	1412	1
1527991336.563273000	69.1739	1412	1
1527991336.563295000	69.1739	1412	1
1527991336.563332000	69.1739	245	1
1527991336.580943000	69.1916	100	0
1527991336.584598000	69.1952	103	1
1527991336.592262000	69.2029	256	0
1527991336.593430000	69.204	148	0
1527991336.596602000	69.2072	103	1
1527991336.596993000	69.2076	92	0
1527991336.598217000	69.2088	198	0
1527991336.600545000	69.2112	103	1
1527991336.702136000	69.3128	399	0
1527991336.705579000	69.3162	100	1
1527991336.708421000	69.319	80	0
1527991336.712603000	69.3232	100	1
1527991336.889883000	69.5005	391	1
1527991336.889948000	69.5006	260	1
1527991336.908168000	69.5188	87	0
1527991337.011673000	69.6223	279	0
1527991337.013014000	69.6236	148	0
1527991337.015399000	69.626	92	0
1527991337.015645000	69.6263	109	1
1527991337.016630000	69.6272	209	0
1527991337.020539000	69.6312	100	1
1527991337.896005000	70.5066	390	1
1527991337.896097000	70.5067	261	1
1527991337.918087000	70.5287	87	0
1527991337.930882000	70.5415	87	0
1527991338.033329000	70.6439	308	0
1527991338.034485000	70.6451	148	0
1527991338.037675000	70.6483	109	1
1527991338.042900000	70.6535	92	0
1527991338.044127000	70.6547	124	0
1527991338.046680000	70.6573	103	1
1527991338.490641000	71.1013	392	1
1527991338.490728000	71.1013	260	1
1527991338.507988000	71.1186	87	0
1527991338.620779000	71.2314	322	0
1527991338.622046000	71.2327	148	0
1527991338.624742000	71.2354	106	1
1527991338.626342000	71.237	92	0
1527991338.628444000	71.2391	327	0
1527991338.629641000	71.2403	103	1
1527991339.032900000	71.6435	393	1
1527991339.032988000	71.6436	259	1
1527991339.052280000	71.6629	87	0
1527991339.177708000	71.7883	358	0
1527991339.178836000	71.7895	148	0
1527991339.181692000	71.7923	106	1
1527991339.183298000	71.7939	92	0
1527991339.184524000	71.7951	159	0
1527991339.186700000	71.7973	103	1
1527991339.387937000	71.9986	391	1
1527991339.388029000	71.9986	261	1
1527991339.406485000	72.0171	87	0
1527991339.544237000	72.1549	233	0
1527991339.545418000	72.156	148	0
1527991339.547717000	72.1583	106	1
1527991339.551246000	72.1619	92	0
1527991339.552538000	72.1632	236	0
1527991339.554711000	72.1653	103	1
1527991339.564313000	72.1749	978	1
1527991339.564394000	72.175	1412	1
1527991339.564420000	72.175	1412	1
1527991339.564461000	72.1751	1412	1
1527991339.564491000	72.1751	1412	1
1527991339.564530000	72.1751	1412	1
1527991339.564600000	72.1752	1412	1
1527991339.564625000	72.1752	1412	1
1527991339.564679000	72.1753	1412	1
1527991339.564704000	72.1753	1412	1
1527991339.564749000	72.1754	1412	1
1527991339.564801000	72.1754	1412	1
1527991339.564830000	72.1754	1412	1
1527991339.564868000	72.1755	1412	1
1527991339.564907000	72.1755	719	1
1527991339.583012000	72.1936	87	0
1527991339.588618000	72.1992	87	0
1527991339.850181000	72.4608	502	1
1527991339.850270000	72.4609	259	1
1527991339.862731000	72.4733	375	0
1527991339.866786000	72.4774	100	1
1527991339.870032000	72.4806	87	0
1527991339.871241000	72.4819	80	0
1527991339.874802000	72.4854	103	1
1527991339.987618000	72.5982	242	0
1527991339.988753000	72.5994	148	0
1527991339.991804000	72.6024	103	1
1527991339.992408000	72.603	92	0
1527991339.993701000	72.6043	288	0
1527991339.995817000	72.6064	103	1
1527991340.142009000	72.7526	390	1
1527991340.142086000	72.7527	259	1
1527991340.159448000	72.7701	87	0
1527991340.284499000	72.8951	256	0
1527991340.285748000	72.8964	148	0
1527991340.288823000	72.8994	106	1
1527991340.297716000	72.9083	92	0
1527991340.298947000	72.9096	336	0
1527991340.301737000	72.9124	103	1
1527991340.546034000	73.1566	829	1
1527991340.546111000	73.1567	259	1
1527991340.572791000	73.1834	87	0
1527991340.726679000	73.3373	255	0
1527991340.727816000	73.3384	148	0
1527991340.730594000	73.3412	92	0
1527991340.730874000	73.3415	109	1
1527991340.761542000	73.3722	318	0
1527991340.765848000	73.3765	100	1
1527991340.969101000	73.5797	394	1
1527991340.969179000	73.5798	262	1
1527991340.996080000	73.6067	87	0
1527991341.107838000	73.7185	232	0
1527991341.109106000	73.7197	148	0
1527991341.111879000	73.7225	106	1
1527991341.113625000	73.7242	92	0
1527991341.114827000	73.7254	282	0
1527991341.117876000	73.7285	103	1
1527991342.393138000	75.0038	394	1
1527991342.393200000	75.0038	261	1
1527991342.410887000	75.0215	87	0
1527991342.514659000	75.1253	255	0
1527991342.515788000	75.1264	148	0
1527991342.518741000	75.1294	106	1
1527991342.519932000	75.1305	92	0
1527991342.521156000	75.1318	307	0
1527991342.523731000	75.1343	103	1
1527991342.643901000	75.2545	390	1
1527991342.643968000	75.2546	259	1
1527991342.662026000	75.2726	87	0
1527991342.950186000	75.5608	232	0
1527991342.951399000	75.562	148	0
1527991342.953762000	75.5644	106	1
1527991342.954848000	75.5655	92	0
1527991342.956135000	75.5667	331	0
1527991342.958745000	75.5694	103	1
1527991343.227973000	75.8386	390	1
1527991343.228031000	75.8386	259	1
1527991343.245366000	75.856	87	0
1527991343.386729000	75.9973	256	0
1527991343.387910000	75.9985	148	0
1527991343.390810000	76.0014	106	1
1527991343.391751000	76.0024	92	0
1527991343.393071000	76.0037	328	0
1527991343.395718000	76.0063	103	1
1527991343.443080000	76.0537	391	1
1527991343.443145000	76.0538	259	1
1527991343.460694000	76.0713	87	0
1527991343.743427000	76.354	282	0
1527991343.744588000	76.3552	148	0
1527991343.747816000	76.3584	106	1
1527991343.747865000	76.3585	92	0
1527991343.749165000	76.3598	182	0
1527991343.751803000	76.3624	103	1
1527991344.054129000	76.6647	396	1
1527991344.054191000	76.6648	263	1
1527991344.072592000	76.6832	87	0
1527991344.208600000	76.8192	306	0
1527991344.209728000	76.8203	148	0
1527991344.212830000	76.8234	106	1
1527991344.215219000	76.8258	92	0
1527991344.217660000	76.8283	318	0
1527991344.218753000	76.8294	103	1
1527991344.293037000	76.9037	391	1
1527991344.293102000	76.9037	259	1
1527991344.310737000	76.9214	87	0
1527991344.418410000	77.029	233	0
1527991344.419670000	77.0303	148	0
1527991344.421837000	77.0325	106	1
1527991344.422807000	77.0334	92	0
1527991344.424073000	77.0347	173	0
1527991344.426909000	77.0375	103	1
1527991344.698810000	77.3094	391	1
1527991344.698878000	77.3095	259	1
1527991344.717029000	77.3276	87	0
1527991344.822614000	77.4332	296	0
1527991344.823761000	77.4344	148	0
1527991344.826863000	77.4375	106	1
1527991344.828402000	77.439	92	0
1527991344.829655000	77.4403	161	0
1527991344.831862000	77.4425	103	1
1527991344.958909000	77.5695	390	1
1527991344.958973000	77.5696	261	1
1527991344.977024000	77.5876	87	0
1527991345.256425000	77.867	358	0
1527991345.257558000	77.8682	148	0
1527991345.259897000	77.8705	106	1
1527991345.261428000	77.872	92	0
1527991345.262765000	77.8734	209	0
1527991345.264878000	77.8755	103	1
1527991345.418997000	78.0296	391	1
1527991345.419091000	78.0297	259	1
1527991345.438075000	78.0487	87	0
1527991345.549101000	78.1597	233	0
1527991345.550252000	78.1609	148	0
1527991345.552894000	78.1635	106	1
1527991345.554368000	78.165	92	0
1527991345.555589000	78.1662	195	0
1527991345.557890000	78.1685	103	1
1527991346.294960000	78.9056	998	1
1527991346.295052000	78.9057	260	1
1527991346.327706000	78.9383	998	1
1527991346.360678000	78.9713	260	1
1527991346.383823000	78.9944	87	0
1527991346.387246000	78.9979	87	0
1527991346.417285000	79.0279	87	0
1527991346.458412000	79.069	87	0
1527991346.494382000	79.105	255	0
1527991346.495629000	79.1062	148	0
1527991346.497675000	79.1083	115	1
1527991346.501320000	79.1119	92	0
1527991346.502617000	79.1132	158	0
1527991346.504767000	79.1154	103	1
1527991346.542917000	79.1535	255	0
1527991346.546740000	79.1574	100	1
1527991346.551950000	79.1626	148	0
1527991346.555750000	79.1664	100	1
1527991346.930091000	79.5407	550	1
1527991346.930190000	79.5408	259	1
1527991346.948603000	79.5592	87	0
1527991347.069724000	79.6803	237	0
1527991347.070872000	79.6815	148	0
1527991347.073814000	79.6844	106	1
1527991347.074710000	79.6853	92	0
1527991347.075929000	79.6865	176	0
1527991347.078795000	79.6894	103	1
1527991347.153931000	79.7645	826	1
1527991347.153992000	79.7646	261	1
1527991347.172888000	79.7835	87	0
1527991347.450263000	80.0609	255	0
1527991347.451450000	80.0621	148	0
1527991347.453808000	80.0644	106	1
1527991347.455348000	80.066	92	0
1527991347.456570000	80.0672	156	0
1527991347.458910000	80.0695	103	1
1527991347.727214000	80.3378	393	1
1527991347.727302000	80.3379	259	1
1527991347.748998000	80.3596	87	0
1527991347.850191000	80.4608	233	0
1527991347.851317000	80.4619	148	0
1527991347.853684000	80.4643	92	0
1527991347.853801000	80.4644	106	1
1527991347.854862000	80.4655	165	0
1527991347.857843000	80.4685	103	1
1527991348.010242000	80.6209	391	1
1527991348.010309000	80.6209	260	1
1527991348.037417000	80.648	87	0
1527991348.142656000	80.7533	256	0
1527991348.143823000	80.7544	148	0
1527991348.146852000	80.7575	106	1
1527991348.147382000	80.758	92	0
1527991348.150855000	80.7615	100	1
1527991348.178616000	80.7892	205	0
1527991348.182824000	80.7934	100	1
1527991348.385964000	80.9966	391	1
1527991348.386029000	80.9966	259	1
1527991348.417537000	81.0282	87	0
1527991348.429332000	81.0399	87	0
1527991348.528614000	81.1392	256	0
1527991348.529741000	81.1404	148	0
1527991348.532870000	81.1435	109	1
1527991348.533316000	81.1439	92	0
1527991348.534497000	81.1451	108	0
1527991348.536831000	81.1474	103	1
1527991348.831985000	81.4426	391	1
1527991348.832072000	81.4427	259	1
1527991348.850147000	81.4608	87	0
1527991348.954259000	81.5649	231	0
1527991348.955454000	81.5661	148	0
1527991348.957820000	81.5684	106	1
1527991348.960005000	81.5706	92	0
1527991348.961227000	81.5718	176	0
1527991348.963816000	81.5744	103	1
1527991349.262022000	81.8726	389	1
1527991349.262099000	81.8727	260	1
1527991349.285236000	81.8958	87	0
1527991349.407167000	82.0178	258	0
1527991349.408377000	82.019	148	0
1527991349.410866000	82.0215	106	1
1527991349.412049000	82.0227	92	0
1527991349.413331000	82.0239	112	0
1527991349.415875000	82.0265	103	1
1527991349.818282000	82.4289	392	1
1527991349.818349000	82.429	259	1
1527991349.837176000	82.4478	87	0
1527991349.841134000	82.4517	87	0
1527991350.031887000	82.6425	235	0
1527991350.033182000	82.6438	148	0
1527991350.035954000	82.6466	109	1
1527991350.037704000	82.6483	92	0
1527991350.038929000	82.6495	199	0
1527991350.041974000	82.6526	103	1
1527991350.390432000	83.001	392	1
1527991350.390492000	83.0011	260	1
1527991350.408302000	83.0189	87	0
1527991350.517463000	83.1281	303	0
1527991350.518727000	83.1293	148	0
1527991350.520986000	83.1316	106	1
1527991350.522708000	83.1333	92	0
1527991350.523939000	83.1346	321	0
1527991350.525913000	83.1365	103	1
1527991350.879095000	83.4897	395	1
1527991350.879153000	83.4898	262	1
1527991350.896350000	83.507	87	0
1527991351.001849000	83.6125	283	0
1527991351.003127000	83.6137	148	0
1527991351.005963000	83.6166	106	1
1527991351.006623000	83.6172	92	0
1527991351.007847000	83.6185	118	0
1527991351.010022000	83.6206	103	1
1527991351.303114000	83.9137	391	1
1527991351.303193000	83.9138	259	1
1527991351.322650000	83.9333	87	0
1527991351.441714000	84.0523	846	1
1527991351.459888000	84.0705	87	0
1527991351.463572000	84.0742	322	0
1527991351.464768000	84.0754	148	0
1527991351.467055000	84.0777	109	1
1527991351.468811000	84.0794	92	0
1527991351.470025000	84.0806	228	0
1527991351.472999000	84.0836	103	1
1527991351.537500000	84.1481	555	1
1527991351.537560000	84.1482	260	1
1527991351.565609000	84.1762	87	0
1527991351.676423000	84.287	334	0
1527991351.677624000	84.2882	148	0
1527991351.680081000	84.2907	106	1
1527991351.681549000	84.2922	92	0
1527991351.682929000	84.2935	146	0
1527991351.684977000	84.2956	103	1
1527991351.834107000	84.4447	437	0
1527991351.835329000	84.4459	1412	0
1527991351.836560000	84.4472	997	0
1527991351.838085000	84.4487	106	1
1527991351.840583000	84.4512	92	0
1527991351.841792000	84.4524	95	0
1527991351.844012000	84.4546	103	1
1527991352.019737000	84.6304	247	1
1527991352.022711000	84.6333	747	1
1527991352.022780000	84.6334	259	1
1527991352.048549000	84.6592	87	0
1527991352.154300000	84.7649	260	0
1527991352.155488000	84.7661	148	0
1527991352.158018000	84.7686	106	1
1527991352.161024000	84.7716	92	0
1527991352.163549000	84.7742	307	0
1527991352.165012000	84.7756	103	1
1527991352.191952000	84.8026	241	0
1527991352.193966000	84.8046	1412	0
1527991352.195169000	84.8058	996	0
1527991352.196027000	84.8066	106	1
1527991352.209718000	84.8203	92	0
1527991352.213050000	84.8237	100	1
1527991352.234430000	84.845	308	0
1527991352.238043000	84.8487	100	1
1527991352.369857000	84.9805	284	1
1527991352.392791000	85.0034	87	0
1527991352.604808000	85.2154	389	0
1527991352.605957000	85.2166	322	0
1527991352.605981000	85.2166	120	1
1527991352.607204000	85.2178	289	0
1527991352.609566000	85.2202	292	1
1527991352.624417000	85.235	389	0
1527991352.628088000	85.2387	100	1
1527991352.635773000	85.2464	87	0
1527991352.757751000	85.3684	240	0
1527991352.758902000	85.3695	473	0
1527991352.760183000	85.3708	148	0
1527991352.762092000	85.3727	109	1
1527991352.810510000	85.4211	240	0
1527991352.814121000	85.4247	100	1
1527991353.011514000	85.6221	518	1
1527991353.070274000	85.6809	87	0
1527991353.138776000	85.7494	327	1
1527991353.138839000	85.7495	259	1
1527991353.158667000	85.7693	87	0
1527991353.196044000	85.8067	254	0
1527991353.199794000	85.8104	1412	0
1527991353.200275000	85.8109	109	1
1527991353.201002000	85.8116	833	0
1527991353.204271000	85.8149	100	1
1527991353.213077000	85.8237	92	0
1527991353.217329000	85.8279	100	1
1527991353.238125000	85.8487	206	0
1527991353.242322000	85.8529	100	1
1527991353.260712000	85.8713	258	0
1527991353.261928000	85.8725	148	0
1527991353.264326000	85.8749	103	1
1527991353.265626000	85.8762	92	0
1527991353.266858000	85.8775	320	0
1527991353.269342000	85.88	103	1
1527991353.361485000	85.9721	392	1
1527991353.361575000	85.9722	259	1
1527991353.384093000	85.9947	87	0
1527991353.504745000	86.1154	282	0
1527991353.505886000	86.1165	148	0
1527991353.508351000	86.119	106	1
1527991353.510648000	86.1213	92	0
1527991353.511799000	86.1224	174	0
1527991353.514369000	86.125	103	1
1527991353.577373000	86.188	396	1
1527991353.577456000	86.1881	261	1
1527991353.597716000	86.2083	87	0
1527991353.601651000	86.2123	87	0
1527991353.703884000	86.3145	285	0
1527991353.705024000	86.3156	148	0
1527991353.707366000	86.318	109	1
1527991353.709567000	86.3202	92	0
1527991353.710729000	86.3213	305	0
1527991353.713378000	86.324	103	1
1527991353.837502000	86.4481	392	1
1527991353.837597000	86.4482	259	1
1527991353.854948000	86.4656	87	0
1527991353.971726000	86.5823	235	0
1527991353.972954000	86.5836	148	0
1527991353.975379000	86.586	106	1
1527991353.976011000	86.5866	92	0
1527991353.977312000	86.5879	278	0
1527991353.979374000	86.59	103	1
1527991354.216497000	86.8271	916	1
1527991354.234973000	86.8456	87	0
1527991354.314457000	86.9251	399	0
1527991354.315652000	86.9263	509	0
1527991354.317284000	86.9279	92	0
1527991354.318403000	86.929	109	1
1527991354.318556000	86.9292	182	0
1527991354.322418000	86.933	100	1
1527991354.402620000	87.0132	551	1
1527991354.402685000	87.0133	259	1
1527991354.421686000	87.0323	87	0
1527991354.526420000	87.137	335	0
1527991354.527690000	87.1383	148	0
1527991354.530417000	87.141	106	1
1527991354.531624000	87.1422	92	0
1527991354.532903000	87.1435	251	0
1527991354.535400000	87.146	103	1
1527991354.655537000	87.2662	826	1
1527991354.655628000	87.2662	259	1
1527991354.682869000	87.2935	87	0
1527991354.786601000	87.3972	233	0
1527991354.787747000	87.3984	148	0
1527991354.790344000	87.401	92	0
1527991354.790381000	87.401	106	1
1527991354.791603000	87.4022	218	0
1527991354.794437000	87.4051	103	1
1527991354.917858000	87.5285	391	1
1527991354.917946000	87.5286	261	1
1527991354.935401000	87.546	87	0
1527991355.043331000	87.6539	237	0
1527991355.044517000	87.6551	148	0
1527991355.047405000	87.658	92	0
1527991355.047458000	87.6581	106	1
1527991355.048647000	87.6593	309	0
1527991355.051427000	87.662	103	1
1527991355.219673000	87.8303	391	1
1527991355.219765000	87.8304	259	1
1527991355.238190000	87.8488	87	0
1527991355.345688000	87.9563	256	0
1527991355.346966000	87.9576	148	0
1527991355.349428000	87.96	106	1
1527991355.350988000	87.9616	92	0
1527991355.352210000	87.9628	220	0
1527991355.354434000	87.965	103	1
1527991357.049257000	89.6599	394	1
1527991357.049333000	89.6599	260	1
1527991357.067424000	89.678	87	0
1527991357.173173000	89.7838	256	0
1527991357.174340000	89.785	148	0
1527991357.176761000	89.7874	106	1
1527991357.178274000	89.7889	92	0
1527991357.179510000	89.7901	126	0
1527991357.181772000	89.7924	103	1
1527991357.922006000	90.5326	391	1
1527991357.922099000	90.5327	260	1
1527991357.958846000	90.5695	391	1
1527991357.959247000	90.5699	87	0
1527991357.961633000	90.5722	87	0
1527991358.003228000	90.6138	87	0
1527991358.058988000	90.6696	235	0
1527991358.060211000	90.6708	148	0
1527991358.062798000	90.6734	112	1
1527991358.063447000	90.6741	92	0
1527991358.064731000	90.6753	209	0
1527991358.066815000	90.6774	103	1
1527991358.806075000	91.4167	391	1
1527991358.806161000	91.4168	261	1
1527991358.825109000	91.4357	87	0
1527991358.952417000	91.563	256	0
1527991358.953713000	91.5643	148	0
1527991358.955876000	91.5665	106	1
1527991358.960077000	91.5707	92	0
1527991358.961245000	91.5719	277	0
1527991358.963872000	91.5745	103	1
1527991359.430570000	92.0412	391	1
1527991359.430666000	92.0413	260	1
1527991359.448412000	92.059	87	0
1527991359.554562000	92.1652	256	0
1527991359.555780000	92.1664	148	0
1527991359.558883000	92.1695	106	1
1527991359.559348000	92.17	92	0
1527991359.560570000	92.1712	229	0
1527991359.562882000	92.1735	103	1
1527991359.956038000	92.5667	394	1
1527991359.956104000	92.5667	259	1
1527991359.981238000	92.5919	87	0
1527991360.081388000	92.692	231	0
1527991360.082510000	92.6931	148	0
1527991360.084919000	92.6955	106	1
1527991360.085887000	92.6965	92	0
1527991360.087156000	92.6978	164	0
1527991360.089913000	92.7005	103	1
1527991360.237713000	92.8483	393	1
1527991360.237791000	92.8484	262	1
1527991360.257461000	92.8681	87	0
1527991360.364012000	92.9746	281	0
1527991360.365174000	92.9758	148	0
1527991360.367923000	92.9785	106	1
1527991360.368751000	92.9794	92	0
1527991360.369910000	92.9805	277	0
1527991360.372945000	92.9836	103	1
1527991361.245476000	93.8561	392	1
1527991361.245563000	93.8562	259	1
1527991361.263154000	93.8738	87	0
1527991361.378431000	93.989	352	0
1527991361.379689000	93.9903	148	0
1527991361.381992000	93.9926	106	1
1527991361.386609000	93.9972	92	0
1527991361.387894000	93.9985	120	0
1527991361.389981000	94.0006	103	1
1527991361.538132000	94.1487	390	1
1527991361.538229000	94.1488	259	1
1527991361.555171000	94.1658	87	0
1527991361.659974000	94.2706	235	0
1527991361.661123000	94.2717	148	0
1527991361.663995000	94.2746	106	1
1527991361.665197000	94.2758	92	0
1527991361.666408000	94.277	275	0
1527991361.668991000	94.2796	103	1
1527991362.018280000	94.6289	996	1
1527991362.018369000	94.629	260	1
1527991362.036297000	94.6469	87	0
1527991362.149683000	94.7603	256	0
1527991362.150810000	94.7614	148	0
1527991362.154017000	94.7646	92	0
1527991362.154108000	94.7647	106	1
1527991362.155325000	94.7659	173	0
1527991362.158023000	94.7686	103	1
1527991362.278968000	94.8896	551	1
1527991362.279060000	94.8897	259	1
1527991362.304880000	94.9155	87	0
1527991362.407203000	95.0178	297	0
1527991362.408335000	95.0189	148	0
1527991362.411087000	95.0217	106	1
1527991362.411823000	95.0224	92	0
1527991362.413052000	95.0237	303	0
1527991362.416066000	95.0267	103	1
1527991362.570345000	95.181	826	1
1527991362.570446000	95.1811	259	1
1527991362.589254000	95.1999	87	0
1527991362.694897000	95.3055	335	0
1527991362.696076000	95.3067	148	0
1527991362.699032000	95.3096	106	1
1527991362.700083000	95.3107	92	0
1527991362.701307000	95.3119	114	0
1527991362.704013000	95.3146	103	1
1527991362.892235000	95.5028	391	1
1527991362.892322000	95.5029	259	1
1527991362.910407000	95.521	87	0
1527991363.027578000	95.6382	233	0
1527991363.028707000	95.6393	148	0
1527991363.031032000	95.6416	106	1
1527991363.032023000	95.6426	92	0
1527991363.034542000	95.6452	245	0
1527991363.036083000	95.6467	103	1
1527991363.226195000	95.8368	391	1
1527991363.226293000	95.8369	262	1
1527991363.244093000	95.8547	87	0
1527991363.348710000	95.9593	262	0
1527991363.349871000	95.9605	148	0
1527991363.352059000	95.9627	92	0
1527991363.353104000	95.9637	109	1
1527991363.353354000	95.964	235	0
1527991363.357116000	95.9677	100	1
1527991363.662330000	96.2729	392	1
1527991363.662394000	96.273	259	1
1527991363.679839000	96.2905	87	0
1527991363.783462000	96.3941	233	0
1527991363.784649000	96.3953	148	0
1527991363.787078000	96.3977	106	1
1527991363.789306000	96.3999	92	0
1527991363.790521000	96.4011	289	0
1527991363.793132000	96.4037	103	1
1527991363.986786000	96.5974	394	1
1527991363.986864000	96.5975	260	1
1527991364.009117000	96.6197	87	0
1527991364.010300000	96.6209	87	0
1527991364.131350000	96.742	235	0
1527991364.132478000	96.7431	148	0
1527991364.135151000	96.7458	109	1
1527991364.136405000	96.747	92	0
1527991364.137646000	96.7483	185	0
1527991364.140136000	96.7508	103	1
1527991364.391959000	97.0026	392	1
1527991364.392015000	97.0026	262	1
1527991364.409337000	97.02	87	0
1527991364.536157000	97.1468	258	0
1527991364.537322000	97.1479	148	0
1527991364.539943000	97.1506	92	0
1527991364.540196000	97.1508	109	1
1527991364.541139000	97.1518	249	0
1527991364.545122000	97.1557	100	1
1527991364.776380000	97.387	392	1
1527991364.776447000	97.3871	259	1
1527991364.806139000	97.4168	87	0
1527991364.807432000	97.418	87	0
1527991364.911215000	97.5218	233	0
1527991364.912434000	97.523	148	0
1527991364.914951000	97.5256	92	0
1527991364.915176000	97.5258	112	1
1527991364.916172000	97.5268	120	0
1527991364.920207000	97.5308	100	1
1527991365.353928000	97.9645	391	1
1527991365.354020000	97.9646	260	1
1527991365.372752000	97.9834	87	0
1527991365.487793000	98.0984	255	0
1527991365.488964000	98.0996	148	0
1527991365.491228000	98.1018	106	1
1527991365.492870000	98.1035	92	0
1527991365.494148000	98.1048	159	0
1527991365.496221000	98.1068	103	1
1527991366.006096000	98.6167	394	1
1527991366.006160000	98.6168	262	1
1527991366.035795000	98.6464	87	0
1527991366.133014000	98.7436	233	0
1527991366.134242000	98.7449	148	0
1527991366.137272000	98.7479	106	1
1527991366.139030000	98.7496	92	0
1527991366.140235000	98.7508	250	0
1527991366.143259000	98.7539	103	1
1527991366.623759000	99.2344	395	1
1527991366.623843000	99.2345	223	1
1527991366.641213000	99.2518	87	0
1527991366.746466000	99.3571	256	0
1527991366.747648000	99.3583	148	0
1527991366.750218000	99.3608	92	0
1527991366.750262000	99.3609	106	1
1527991366.751454000	99.3621	276	0
1527991366.754298000	99.3649	103	1
1527991366.950656000	99.5613	394	1
1527991366.950741000	99.5614	317	1
1527991366.971220000	99.5818	87	0
1527991367.074891000	99.6855	258	0
1527991367.076106000	99.6867	148	0
1527991367.078264000	99.6889	106	1
1527991367.079824000	99.6904	92	0
1527991367.083255000	99.6939	100	1
1527991367.110344000	99.721	178	0
1527991367.114325000	99.7249	100	1
1527991367.277632000	99.8882	1000	1
1527991367.277722000	99.8883	255	1
1527991367.293961000	99.9046	90	0
1527991367.295901000	99.9065	87	0
1527991367.297318000	99.9079	103	1
1527991367.410578000	100.021	353	0
1527991367.411788000	100.022	148	0
1527991367.414279000	100.025	103	1
1527991367.416453000	100.027	92	0
1527991367.417679000	100.028	247	0
1527991367.420266000	100.031	103	1
1527991367.462192000	100.073	684	1
1527991367.462278000	100.073	911	1
1527991367.480778000	100.091	87	0
1527991367.581194000	100.192	229	0
1527991367.584712000	100.195	80	0
1527991367.585276000	100.196	106	1
1527991368.143494000	100.754	826	1
1527991368.143584000	100.754	260	1
1527991368.162091000	100.773	87	0
1527991368.285361000	100.896	320	0
1527991368.286591000	100.897	148	0
1527991368.289412000	100.9	106	1
1527991368.291039000	100.902	92	0
1527991368.292267000	100.903	228	0
1527991368.294320000	100.905	103	1
1527991369.877019000	102.488	391	1
1527991369.877103000	102.488	262	1
1527991369.912465000	102.523	391	1
1527991369.912869000	102.523	87	0
1527991369.946297000	102.557	87	0
1527991370.015294000	102.626	358	0
1527991370.016454000	102.627	148	0
1527991370.018399000	102.629	92	0
1527991370.019441000	102.63	112	1
1527991370.020906000	102.632	339	0
1527991370.024458000	102.635	100	1
1527991370.035922000	102.647	358	0
1527991370.039445000	102.65	100	1
1527991370.351626000	102.962	394	1
1527991370.351724000	102.962	259	1
1527991370.369920000	102.981	87	0
1527991370.481437000	103.092	255	0
1527991370.482606000	103.093	148	0
1527991370.485467000	103.096	106	1
1527991370.488034000	103.099	92	0
1527991370.489261000	103.1	147	0
1527991370.491465000	103.102	103	1
1527991370.624987000	103.236	390	1
1527991370.625077000	103.236	259	1
1527991370.642410000	103.253	87	0
1527991370.784629000	103.395	237	0
1527991370.786015000	103.397	148	0
1527991370.788486000	103.399	106	1
1527991370.791363000	103.402	92	0
1527991370.793805000	103.404	109	0
1527991370.795501000	103.406	103	1
1527991370.967796000	103.578	395	1
1527991370.967862000	103.578	261	1
1527991370.985443000	103.596	87	0
1527991371.093565000	103.704	232	0
1527991371.094857000	103.705	148	0
1527991371.097218000	103.708	92	0
1527991371.097480000	103.708	109	1
1527991371.098405000	103.709	141	0
1527991371.102510000	103.713	100	1
1527991371.222679000	103.833	390	1
1527991371.222747000	103.833	259	1
1527991371.240307000	103.851	87	0
1527991371.538052000	104.149	256	0
1527991371.539213000	104.15	148	0
1527991371.541541000	104.152	106	1
1527991371.543505000	104.154	92	0
1527991371.544780000	104.155	329	0
1527991371.547555000	104.158	103	1
1527991371.784730000	104.395	391	1
1527991371.784820000	104.395	259	1
1527991371.803806000	104.414	87	0
1527991371.914687000	104.525	231	0
1527991371.915975000	104.527	148	0
1527991371.918599000	104.529	106	1
1527991371.921388000	104.532	92	0
1527991371.922680000	104.533	87	0
1527991371.925611000	104.536	103	1
1527991372.198003000	104.809	392	1
1527991372.198097000	104.809	260	1
1527991372.215974000	104.827	87	0
1527991372.328464000	104.939	258	0
1527991372.329719000	104.94	148	0
1527991372.332626000	104.943	106	1
1527991372.334169000	104.945	92	0
1527991372.335399000	104.946	113	0
1527991372.337586000	104.948	103	1
1527991372.463711000	105.074	392	1
1527991372.463777000	105.074	259	1
1527991372.481461000	105.092	87	0
1527991372.594891000	105.206	233	0
1527991372.596109000	105.207	148	0
1527991372.598637000	105.209	106	1
1527991372.599055000	105.21	92	0
1527991372.600273000	105.211	252	0
1527991372.602605000	105.213	103	1
1527991372.996890000	105.608	995	1
1527991372.996953000	105.608	259	1
1527991373.015402000	105.626	87	0
1527991373.118979000	105.73	233	0
1527991373.120121000	105.731	148	0
1527991373.122675000	105.733	106	1
1527991373.123632000	105.734	92	0
1527991373.124876000	105.735	231	0
1527991373.127601000	105.738	103	1
1527991373.269864000	105.88	391	1
1527991373.269925000	105.881	259	1
1527991373.286969000	105.898	87	0
1527991373.394663000	106.005	256	0
1527991373.395911000	106.007	148	0
1527991373.398667000	106.009	106	1
1527991373.400115000	106.011	92	0
1527991373.401364000	106.012	333	0
1527991373.403687000	106.014	103	1
1527991373.663013000	106.274	525	1
1527991373.663103000	106.274	261	1
1527991373.681341000	106.292	87	0
1527991373.789602000	106.4	256	0
1527991373.790723000	106.401	148	0
1527991373.793718000	106.404	106	1
1527991373.794562000	106.405	92	0
1527991373.795780000	106.406	213	0
1527991373.798694000	106.409	103	1
1527991374.506220000	107.117	417	1
1527991374.506285000	107.117	259	1
1527991374.525877000	107.136	87	0
1527991374.706265000	107.317	356	0
1527991374.707387000	107.318	148	0
1527991374.709759000	107.32	106	1
1527991374.712393000	107.323	92	0
1527991374.714886000	107.326	126	0
1527991374.715680000	107.326	103	1
1527991374.830049000	107.441	828	1
1527991374.830140000	107.441	259	1
1527991374.848259000	107.459	87	0
1527991374.951221000	107.562	231	0
1527991374.952348000	107.563	148	0
1527991374.954721000	107.565	92	0
1527991374.954810000	107.565	106	1
1527991374.955965000	107.567	307	0
1527991374.958697000	107.569	103	1
1527991375.071957000	107.683	389	1
1527991375.072050000	107.683	259	1
1527991375.090166000	107.701	87	0
1527991375.202023000	107.813	320	0
1527991375.203241000	107.814	148	0
1527991375.205807000	107.816	106	1
1527991375.208406000	107.819	92	0
1527991375.210814000	107.821	316	0
1527991375.211716000	107.822	103	1
1527991375.787053000	108.398	395	1
1527991375.787139000	108.398	262	1
1527991375.808608000	108.419	87	0
1527991375.935370000	108.546	334	0
1527991375.936577000	108.547	148	0
1527991375.938613000	108.549	92	0
1527991375.938872000	108.549	109	1
1527991375.939796000	108.55	309	0
1527991375.943763000	108.554	100	1
1527991376.170053000	108.781	393	1
1527991376.170150000	108.781	259	1
1527991376.188302000	108.799	87	0
1527991376.299170000	108.91	256	0
1527991376.300823000	108.911	148	0
1527991376.302796000	108.913	106	1
1527991376.303397000	108.914	92	0
1527991376.305109000	108.916	314	0
1527991376.306833000	108.917	103	1
1527991376.473009000	109.084	391	1
1527991376.473102000	109.084	259	1
1527991376.491310000	109.102	87	0
1527991376.594568000	109.205	232	0
1527991376.595711000	109.206	148	0
1527991376.598866000	109.209	106	1
1527991376.599184000	109.21	92	0
1527991376.600417000	109.211	220	0
1527991376.602872000	109.213	103	1
1527991376.857272000	109.468	390	1
1527991376.857341000	109.468	259	1
1527991376.879404000	109.49	87	0
1527991376.981918000	109.593	237	0
1527991376.983151000	109.594	148	0
1527991376.985893000	109.597	106	1
1527991376.989213000	109.6	92	0
1527991376.990410000	109.601	171	0
1527991376.992884000	109.603	103	1
1527991377.429063000	110.04	395	1
1527991377.429161000	110.04	261	1
1527991377.447163000	110.058	87	0
1527991377.566106000	110.177	256	0
1527991377.567319000	110.178	148	0
1527991377.569922000	110.181	106	1
1527991377.570249000	110.181	92	0
1527991377.571418000	110.182	226	0
1527991377.573931000	110.185	103	1
1527991377.651941000	110.263	391	1
1527991377.652033000	110.263	259	1
1527991377.670389000	110.281	87	0
1527991377.777429000	110.388	235	0
1527991377.778609000	110.389	148	0
1527991377.780932000	110.392	106	1
1527991377.781192000	110.392	92	0
1527991377.782410000	110.393	301	0
1527991377.784843000	110.395	103	1
1527991377.896545000	110.507	392	1
1527991377.896631000	110.507	259	1
1527991377.928942000	110.54	392	1
1527991377.936066000	110.547	87	0
1527991377.950515000	110.561	87	0
1527991378.022914000	110.634	233	0
1527991378.024215000	110.635	148	0
1527991378.025854000	110.636	92	0
1527991378.026959000	110.638	112	1
1527991378.026998000	110.638	180	0
1527991378.030935000	110.642	100	1
1527991378.449299000	111.06	995	1
1527991378.449353000	111.06	259	1
1527991378.467254000	111.078	87	0
1527991378.589418000	111.2	254	0
1527991378.590702000	111.201	148	0
1527991378.592974000	111.204	106	1
1527991378.594290000	111.205	92	0
1527991378.595582000	111.206	275	0
1527991378.597971000	111.209	103	1
1527991378.682146000	111.293	392	1
1527991378.682235000	111.293	260	1
1527991378.700466000	111.311	87	0
1527991378.805810000	111.416	233	0
1527991378.806942000	111.418	148	0
1527991378.809832000	111.42	92	0
1527991378.810064000	111.421	109	1
1527991378.811082000	111.422	310	0
1527991378.814996000	111.426	100	1
1527991379.559757000	112.17	555	1
1527991379.559824000	112.17	264	1
1527991379.577843000	112.188	87	0
1527991379.884066000	112.495	256	0
1527991379.885361000	112.496	148	0
1527991379.888022000	112.499	92	0
1527991379.888098000	112.499	106	1
1527991379.889286000	112.5	297	0
1527991379.891988000	112.503	103	1
1527991380.264251000	112.875	826	1
1527991380.264341000	112.875	259	1
1527991380.292034000	112.903	87	0
1527991380.405686000	113.016	258	0
1527991380.406900000	113.018	148	0
1527991380.409059000	113.02	92	0
1527991380.409092000	113.02	106	1
1527991380.410296000	113.021	301	0
1527991380.413081000	113.024	103	1
1527991380.777565000	113.388	392	1
1527991380.777649000	113.388	259	1
1527991380.796514000	113.407	87	0
1527991380.907100000	113.518	278	0
1527991380.908273000	113.519	148	0
1527991380.911114000	113.522	106	1
1527991380.916316000	113.527	92	0
1527991380.917590000	113.528	100	0
1527991380.920048000	113.531	103	1
1527991381.030682000	113.641	390	1
1527991381.030748000	113.641	259	1
1527991381.048368000	113.659	87	0
1527991381.220094000	113.831	329	0
1527991381.221273000	113.832	148	0
1527991381.224120000	113.835	106	1
1527991381.225840000	113.836	92	0
1527991381.227052000	113.838	114	0
1527991381.230121000	113.841	103	1
1527991381.463437000	114.074	394	1
1527991381.463498000	114.074	262	1
1527991381.481150000	114.092	87	0
1527991381.586589000	114.197	231	0
1527991381.587796000	114.198	148	0
1527991381.590092000	114.201	106	1
1527991381.738763000	114.349	92	0
1527991381.739983000	114.351	282	0
1527991381.742162000	114.353	103	1
1527991381.969658000	114.58	390	1
1527991381.969727000	114.58	260	1
1527991381.987799000	114.598	87	0
1527991382.091196000	114.702	294	0
1527991382.092403000	114.703	148	0
1527991382.095182000	114.706	106	1
1527991382.095863000	114.706	92	0
1527991382.097086000	114.708	188	0
1527991382.099187000	114.71	103	1
1527991382.717422000	115.328	392	1
1527991382.717486000	115.328	259	1
1527991382.736615000	115.347	87	0
1527991382.939444000	115.55	358	0
1527991382.940716000	115.551	148	0
1527991382.943229000	115.554	106	1
1527991382.945564000	115.556	92	0
1527991382.946824000	115.557	135	0
1527991382.949244000	115.56	103	1
1527991383.129697000	115.74	391	1
1527991383.129765000	115.74	260	1
1527991383.147618000	115.758	87	0
1527991383.267374000	115.878	258	0
1527991383.268566000	115.879	148	0
1527991383.271252000	115.882	106	1
1527991383.272720000	115.883	92	0
1527991383.274006000	115.885	229	0
1527991383.276503000	115.887	103	1
1527991383.597622000	116.208	392	1
1527991383.597712000	116.208	262	1
1527991383.615953000	116.227	87	0
1527991383.741460000	116.352	236	0
1527991383.742673000	116.353	148	0
1527991383.745275000	116.356	106	1
1527991383.745781000	116.356	92	0
1527991383.747006000	116.358	129	0
1527991383.749283000	116.36	103	1
1527991383.821530000	116.432	390	1
1527991383.821603000	116.432	259	1
1527991383.840140000	116.451	87	0
1527991383.942194000	116.553	232	0
1527991383.943321000	116.554	148	0
1527991383.946288000	116.557	106	1
1527991383.947192000	116.558	92	0
1527991383.948415000	116.559	191	0
1527991383.951281000	116.562	103	1
1527991384.054470000	116.665	390	1
1527991384.054555000	116.665	259	1
1527991384.071267000	116.682	87	0
1527991384.175293000	116.786	258	0
1527991384.176495000	116.787	148	0
1527991384.179296000	116.79	106	1
1527991384.180446000	116.791	92	0
1527991384.181780000	116.792	298	0
1527991384.184286000	116.795	103	1
