1527800925.527271000	0	296	1
1527800925.546607000	0.019336	87	0
1527800925.742398000	0.215127	323	0
1527800925.743852000	0.216581	1412	0
1527800925.745309000	0.218038	1412	0
1527800925.745553000	0.218282	109	1
1527800925.746740000	0.219469	1412	0
1527800925.748243000	0.220972	186	0
1527800925.749711000	0.22244	1412	0
1527800925.750653000	0.223382	106	1
1527800925.751136000	0.223865	1412	0
1527800925.752566000	0.225295	1412	0
1527800925.753976000	0.226705	820	0
1527800925.755431000	0.22816	1412	0
1527800925.756853000	0.229582	1412	0
1527800925.758317000	0.231046	693	0
1527800925.758929000	0.231658	100	1
1527800925.759766000	0.232495	1412	0
1527800925.761198000	0.233927	1412	0
1527800925.762624000	0.235353	1412	0
1527800925.764014000	0.236743	188	0
1527800925.764684000	0.237413	118	1
1527800925.765532000	0.238261	1191	0
1527800925.766969000	0.239698	1412	0
1527800925.767582000	0.240311	109	1
1527800925.768439000	0.241168	1412	0
1527800925.769872000	0.242601	1412	0
1527800925.771266000	0.243995	188	0
1527800925.771699000	0.244428	103	1
1527800925.772713000	0.245442	1241	0
1527800925.774145000	0.246874	1412	0
1527800925.774557000	0.247286	106	1
1527800925.775539000	0.248268	252	0
1527800925.776993000	0.249722	1412	0
1527800925.778453000	0.251182	802	0
1527800925.778591000	0.25132	106	1
1527800925.779899000	0.252628	1412	0
1527800925.781318000	0.254047	999	0
1527800925.782557000	0.255286	103	1
1527800925.782751000	0.25548	1412	0
1527800925.784180000	0.256909	1412	0
1527800925.785608000	0.258337	103	1
1527800925.785620000	0.258349	1412	0
1527800925.787003000	0.259732	188	0
1527800925.788503000	0.261232	1412	0
1527800925.788574000	0.261303	103	1
1527800925.789899000	0.262628	170	0
1527800925.791358000	0.264087	1412	0
1527800925.791581000	0.26431	106	1
1527800925.792782000	0.265511	1412	0
1527800925.794204000	0.266933	1412	0
1527800925.795603000	0.268332	188	0
1527800925.796691000	0.26942	103	1
1527800925.797055000	0.269784	1412	0
1527800925.798506000	0.271235	153	0
1527800925.799969000	0.272698	1412	0
1527800925.801398000	0.274127	1412	0
1527800925.802814000	0.275543	1412	0
1527800925.803174000	0.275903	106	1
1527800925.804202000	0.276931	188	0
1527800925.805589000	0.278318	109	1
1527800925.805627000	0.278356	794	0
1527800925.807135000	0.279864	1412	0
1527800925.808565000	0.281294	103	1
1527800925.808577000	0.281306	1412	0
1527800925.809995000	0.282724	1412	0
1527800925.811388000	0.284117	188	0
1527800925.811551000	0.28428	106	1
1527800925.812823000	0.285552	663	0
1527800925.814234000	0.286963	92	0
1527800925.815676000	0.288405	263	0
1527800925.818476000	0.291205	100	1
1527800925.820926000	0.293655	323	0
1527800925.821621000	0.29435	106	1
1527800926.200761000	0.67349	565	1
1527800926.200856000	0.673585	1412	1
1527800926.200892000	0.673621	918	1
1527800926.208548000	0.681277	219	1
1527800926.219770000	0.692499	87	0
1527800926.226924000	0.699653	87	0
1527800926.331150000	0.803879	375	0
1527800926.333591000	0.80632	106	1
1527800926.333629000	0.806358	80	0
1527800926.336582000	0.809311	100	1
1527800926.449108000	0.921837	217	1
1527800926.466254000	0.938983	87	0
1527800926.589702000	1.06243	258	0
1527800926.591161000	1.06389	1412	0
1527800926.592578000	1.06531	1412	0
1527800926.594003000	1.06673	1412	0
1527800926.595397000	1.06813	180	0
1527800926.596849000	1.06958	1412	0
1527800926.598338000	1.07107	1412	0
1527800926.599759000	1.07249	1071	0
1527800926.601155000	1.07388	92	0
1527800926.602590000	1.07532	286	0
1527800926.606779000	1.07951	130	1
1527800926.783265000	1.25599	490	0
1527800926.784701000	1.25743	1117	0
1527800926.785684000	1.25841	100	1
1527800926.787030000	1.25976	92	0
1527800926.788515000	1.26124	232	0
1527800926.788641000	1.26137	103	1
1527800926.791627000	1.26436	100	1
1527800926.969521000	1.44225	396	1
1527800926.983243000	1.45597	504	1
1527800926.983918000	1.45665	720	1
1527800926.991667000	1.4644	87	0
1527800927.005603000	1.47833	87	0
1527800927.007016000	1.47974	87	0
1527800927.008515000	1.48124	282	0
1527800927.009962000	1.48269	360	0
1527800927.011362000	1.48409	101	0
1527800927.011846000	1.48458	115	1
1527800927.204713000	1.67744	483	0
1527800927.207646000	1.68037	100	1
1527800927.234505000	1.70723	246	1
1527800927.234576000	1.7073	145	1
1527800927.253026000	1.72575	87	0
1527800927.296515000	1.76924	156	1
1527800927.296606000	1.76934	191	1
1527800927.302522000	1.77525	1412	0
1527800927.303943000	1.77667	1412	0
1527800927.305373000	1.7781	1412	0
1527800927.305688000	1.77842	109	1
1527800927.306798000	1.77953	444	0
1527800927.308277000	1.78101	272	0
1527800927.309645000	1.78237	103	1
1527800927.314106000	1.78683	87	0
1527800927.324711000	1.79744	87	0
1527800927.384834000	1.85756	1412	0
1527800927.386215000	1.85894	265	0
1527800927.387703000	1.86043	106	1
1527800927.430047000	1.90278	680	0
1527800927.431448000	1.90418	92	0
1527800927.432870000	1.9056	154	0
1527800927.434078000	1.90681	109	1
1527800928.325459000	2.79819	230	1
1527800928.342940000	2.81567	87	0
1527800928.352060000	2.82479	1412	1
1527800928.352099000	2.82483	545	1
1527800928.369559000	2.84229	87	0
1527800928.435653000	2.90838	1412	1
1527800928.435695000	2.90842	1412	1
1527800928.435735000	2.90846	461	1
1527800928.435794000	2.90852	844	1
1527800928.456061000	2.92879	87	0
1527800928.476943000	2.94967	342	0
1527800928.478438000	2.95117	1412	0
1527800928.479719000	2.95245	106	1
1527800928.479881000	2.95261	997	0
1527800928.481305000	2.95403	601	0
1527800928.482713000	2.95544	92	0
1527800928.482794000	2.95552	103	1
1527800928.485694000	2.95842	100	1
1527800928.522870000	2.9956	1412	1
1527800928.522930000	2.99566	341	1
1527800928.524283000	2.99701	188	0
1527800928.526725000	2.99945	100	1
1527800928.541951000	3.01468	87	0
1527800928.700538000	3.17327	1412	0
1527800928.701930000	3.17466	582	0
1527800928.703734000	3.17646	106	1
1527800928.898203000	3.37093	1186	0
1527800928.912590000	3.38532	100	1
1527800929.195415000	3.66814	528	1
1527800929.195512000	3.66824	1412	1
1527800929.195539000	3.66827	1412	1
1527800929.195564000	3.66829	1412	1
1527800929.195586000	3.66831	1412	1
1527800929.195626000	3.66835	1412	1
1527800929.195668000	3.6684	1412	1
1527800929.195718000	3.66845	1412	1
1527800929.195770000	3.6685	1412	1
1527800929.195793000	3.66852	1412	1
1527800929.195815000	3.66854	1412	1
1527800929.195877000	3.66861	1412	1
1527800929.195899000	3.66863	1412	1
1527800929.195921000	3.66865	1291	1
1527800929.211224000	3.68395	90	0
1527800929.214470000	3.6872	87	0
1527800929.219175000	3.6919	87	0
1527800929.226753000	3.69948	106	1
1527800929.376202000	3.84893	373	0
1527800929.378045000	3.85077	80	0
1527800929.384782000	3.85751	103	1
1527800929.493411000	3.96614	1391	1
1527800929.511199000	3.98393	87	0
1527800929.716153000	4.18888	362	0
1527800929.717642000	4.19037	386	0
1527800929.719438000	4.19217	106	1
1527800931.295731000	5.76846	335	1
1527800931.295826000	5.76855	1412	1
1527800931.295862000	5.76859	991	1
1527800931.298423000	5.77115	225	1
1527800931.298490000	5.77122	1412	1
1527800931.298515000	5.77124	1412	1
1527800931.298536000	5.77127	771	1
1527800931.309565000	5.78229	102	1
1527800931.313990000	5.78672	87	0
1527800931.319823000	5.79255	252	1
1527800931.321191000	5.79392	87	0
1527800931.324619000	5.79735	94	0
1527800931.327653000	5.80038	87	0
1527800931.328036000	5.80077	106	1
1527800931.339203000	5.81193	87	0
1527800931.544227000	6.01696	551	0
1527800931.545612000	6.01834	306	0
1527800931.546783000	6.01951	126	1
1527800931.547151000	6.01988	171	0
1527800931.550194000	6.02292	100	1
1527800931.550595000	6.02332	252	1
1527800931.564522000	6.03725	87	0
1527800931.569084000	6.04181	87	0
1527800931.821176000	6.29391	959	0
1527800931.822541000	6.29527	1412	0
1527800931.823977000	6.29671	1412	0
1527800931.824184000	6.29691	109	1
1527800931.825448000	6.29818	1412	0
1527800931.826843000	6.29957	180	0
1527800931.827176000	6.29991	106	1
1527800931.828343000	6.30107	1412	0
1527800931.829778000	6.30251	1357	0
1527800931.831185000	6.30391	103	1
1527800931.831212000	6.30394	1412	0
1527800931.832643000	6.30537	1412	0
1527800931.834073000	6.3068	1412	0
1527800931.834218000	6.30695	106	1
1527800931.835469000	6.3082	190	0
1527800931.836922000	6.30965	1224	0
1527800931.838232000	6.31096	103	1
1527800931.838406000	6.31114	1412	0
1527800931.839846000	6.31257	1412	0
1527800931.841179000	6.31391	103	1
1527800931.841266000	6.31399	1412	0
1527800931.842667000	6.3154	190	0
1527800931.844124000	6.31685	1412	0
1527800931.845168000	6.3179	106	1
1527800931.845530000	6.31826	729	0
1527800931.846977000	6.31971	1412	0
1527800931.848200000	6.32093	100	1
1527800931.848457000	6.32119	1412	0
1527800931.849894000	6.32262	1412	0
1527800931.851182000	6.32391	106	1
1527800931.851280000	6.32401	180	0
1527800931.852726000	6.32545	748	0
1527800931.854168000	6.3269	1412	0
1527800931.854206000	6.32694	103	1
1527800931.855596000	6.32833	1412	0
1527800931.857021000	6.32975	1412	0
1527800931.857180000	6.32991	103	1
1527800931.858489000	6.33122	1085	0
1527800931.859924000	6.33265	1412	0
1527800931.861351000	6.33408	1412	0
1527800931.862784000	6.33551	1412	0
1527800931.864177000	6.33691	188	0
1527800931.865633000	6.33836	1412	0
1527800931.865934000	6.33866	100	1
1527800931.867031000	6.33976	209	0
1527800931.868582000	6.34131	1412	0
1527800931.870017000	6.34275	1412	0
1527800931.871444000	6.34417	1412	0
1527800931.871551000	6.34428	127	1
1527800931.872883000	6.34561	1412	0
1527800931.874297000	6.34703	1412	0
1527800931.875180000	6.34791	103	1
1527800931.875726000	6.34845	1412	0
1527800931.877206000	6.34994	1412	0
1527800931.878168000	6.3509	103	1
1527800931.878675000	6.3514	983	0
1527800931.880123000	6.35285	1412	0
1527800931.881170000	6.3539	103	1
1527800931.881542000	6.35427	1250	0
1527800931.882960000	6.35569	743	0
1527800931.884180000	6.35691	103	1
1527800931.884399000	6.35713	1412	0
1527800931.885829000	6.35856	1328	0
1527800931.887171000	6.3599	103	1
1527800931.887302000	6.36003	1412	0
1527800931.888730000	6.36146	1412	0
1527800931.890132000	6.36286	328	0
1527800931.890206000	6.36294	103	1
1527800931.891547000	6.36428	92	0
1527800931.892978000	6.36571	216	0
1527800931.893477000	6.36621	120	1
1527800931.894424000	6.36715	959	0
1527800931.895834000	6.36856	376	0
1527800931.897295000	6.37002	80	0
1527800931.904371000	6.3771	103	1
1527800931.907293000	6.38002	100	1
1527800931.918427000	6.39116	87	0
1527800933.108158000	7.58089	430	1
1527800933.108231000	7.58096	145	1
1527800933.126213000	7.59894	87	0
1527800933.176665000	7.64939	1412	0
1527800933.178146000	7.65087	1412	0
1527800933.179271000	7.652	109	1
1527800933.179594000	7.65232	1412	0
1527800933.181002000	7.65373	647	0
1527800933.182249000	7.65498	103	1
1527800933.182415000	7.65514	254	0
1527800933.185274000	7.658	100	1
1527800934.323512000	8.79624	860	1
1527800934.323609000	8.79634	295	1
1527800934.326028000	8.79876	325	1
1527800934.326118000	8.79885	1412	1
1527800934.326157000	8.79889	1412	1
1527800934.326185000	8.79891	982	1
1527800934.341625000	8.81435	87	0
1527800934.344186000	8.81692	87	0
1527800934.347977000	8.82071	87	0
1527800934.453311000	8.92604	403	1
1527800934.472906000	8.94564	87	0
1527800934.474331000	8.94706	397	0
1527800934.477345000	8.95007	103	1
1527800934.481241000	8.95397	80	0
1527800934.484371000	8.9571	100	1
1527800934.506860000	8.97959	341	0
1527800934.508361000	8.98109	1400	0
1527800934.509776000	8.98251	513	0
1527800934.510128000	8.98286	103	1
1527800934.511224000	8.98395	592	0
1527800934.512656000	8.98538	635	0
1527800934.514076000	8.9868	467	0
1527800934.514955000	8.98768	106	1
1527800934.515503000	8.98823	697	0
1527800934.517579000	8.99031	484	0
1527800934.517803000	8.99053	103	1
1527800934.519039000	8.99177	835	0
1527800934.520464000	8.99319	649	0
1527800934.521323000	8.99405	106	1
1527800934.521884000	8.99461	519	0
1527800934.523310000	8.99604	439	0
1527800934.524322000	8.99705	103	1
1527800934.524739000	8.99747	701	0
1527800934.526166000	8.99889	616	0
1527800934.527431000	9.00016	103	1
1527800934.528576000	9.0013	558	0
1527800934.530016000	9.00274	654	0
1527800934.531444000	9.00417	583	0
1527800934.532869000	9.0056	699	0
1527800934.537252000	9.00998	103	1
1527800934.539473000	9.0122	92	0
1527800934.540970000	9.0137	149	0
1527800934.542637000	9.01537	103	1
1527800934.545471000	9.0182	103	1
1527800934.552093000	9.02482	285	0
1527800934.553513000	9.02624	103	0
1527800934.556908000	9.02964	258	0
1527800934.558338000	9.03107	106	1
1527800934.602858000	9.07559	1412	1
1527800934.602937000	9.07567	1412	1
1527800934.602958000	9.07569	459	1
1527800934.603031000	9.07576	845	1
1527800934.620863000	9.09359	87	0
1527800934.643160000	9.11589	694	0
1527800934.646355000	9.11908	103	1
1527800935.297941000	9.77067	1000	1
1527800935.298015000	9.77074	95	1
1527800935.315124000	9.78785	87	0
1527800935.397240000	9.86997	341	0
1527800935.398652000	9.87138	366	0
1527800935.400075000	9.8728	193	0
1527800935.400533000	9.87326	109	1
1527800936.134460000	10.6072	476	1
1527800936.134542000	10.6073	110	1
1527800936.146819000	10.6195	302	1
1527800936.149818000	10.6225	476	1
1527800936.149895000	10.6226	88	1
1527800936.153388000	10.6261	87	0
1527800936.163840000	10.6366	87	0
1527800936.169430000	10.6422	87	0
1527800936.256330000	10.7291	258	0
1527800936.257824000	10.7306	151	0
1527800936.259416000	10.7321	112	1
1527800936.273653000	10.7464	92	0
1527800936.275076000	10.7478	134	0
1527800936.278457000	10.7512	103	1
1527800936.344203000	10.8169	283	0
1527800936.345614000	10.8183	140	0
1527800936.347441000	10.8202	103	1
1527800936.348952000	10.8217	92	0
1527800936.350386000	10.8231	158	0
1527800936.351431000	10.8242	103	1
1527800936.352780000	10.8255	233	0
1527800936.354204000	10.8269	103	0
1527800936.355437000	10.8282	103	1
1527800936.358384000	10.8311	92	0
1527800936.359810000	10.8325	257	0
1527800936.361443000	10.8342	103	1
1527800936.824053000	11.2968	392	1
1527800936.824124000	11.2969	257	1
1527800936.842998000	11.3157	87	0
1527800937.184157000	11.6569	370	1
1527800937.184290000	11.657	1412	1
1527800937.184327000	11.6571	1412	1
1527800937.184355000	11.6571	1412	1
1527800937.184397000	11.6571	1412	1
1527800937.184432000	11.6572	1412	1
1527800937.184464000	11.6572	1412	1
1527800937.184505000	11.6572	1412	1
1527800937.184556000	11.6573	1412	1
1527800937.184592000	11.6573	1412	1
1527800937.184639000	11.6574	1412	1
1527800937.184675000	11.6574	1412	1
1527800937.184728000	11.6575	1412	1
1527800937.184751000	11.6575	1412	1
1527800937.184793000	11.6575	1412	1
1527800937.184827000	11.6576	1412	1
1527800937.184863000	11.6576	1412	1
1527800937.184899000	11.6576	1412	1
1527800937.186557000	11.6593	1412	1
1527800937.186595000	11.6593	1412	1
1527800937.186654000	11.6594	1412	1
1527800937.186690000	11.6594	1412	1
1527800937.186751000	11.6595	1412	1
1527800937.186781000	11.6595	1412	1
1527800937.186816000	11.6595	1412	1
1527800937.186849000	11.6596	1412	1
1527800937.186885000	11.6596	1412	1
1527800937.186920000	11.6596	1412	1
1527800937.186970000	11.6597	1412	1
1527800937.186994000	11.6597	1412	1
1527800937.187029000	11.6598	1412	1
1527800937.187057000	11.6598	1412	1
1527800937.187095000	11.6598	1412	1
1527800937.187131000	11.6599	1412	1
1527800937.188556000	11.6613	794	1
1527800937.203162000	11.6759	87	0
1527800937.204788000	11.6775	87	0
1527800937.207412000	11.6801	87	0
1527800937.209998000	11.6827	87	0
1527800937.307961000	11.7807	401	0
1527800937.310506000	11.7832	115	1
1527800937.315164000	11.7879	80	0
1527800937.317670000	11.7904	100	1
1527800937.714685000	12.1874	288	0
1527800937.716094000	12.1888	146	0
1527800937.717512000	12.1902	103	1
1527800937.719770000	12.1925	92	0
1527800937.721208000	12.1939	220	0
1527800937.722508000	12.1952	103	1
1527800937.773767000	12.2465	359	1
1527800937.774993000	12.2477	295	1
1527800937.790774000	12.2635	87	0
1527800937.833779000	12.3065	377	1
1527800937.851678000	12.3244	87	0
1527800937.868094000	12.3408	343	1
1527800937.868180000	12.3409	282	1
1527800937.886563000	12.3593	87	0
1527800937.928836000	12.4016	233	0
1527800937.930247000	12.403	118	0
1527800937.931530000	12.4043	106	1
1527800937.931696000	12.4044	233	0
1527800937.933142000	12.4059	280	0
1527800937.934520000	12.4072	103	1
1527800937.934543000	12.4073	92	0
1527800937.935975000	12.4087	212	0
1527800937.937451000	12.4102	92	0
1527800937.937675000	12.4104	103	1
1527800937.938885000	12.4116	261	0
1527800937.940532000	12.4133	103	1
1527800937.992928000	12.4657	340	0
1527800937.994366000	12.4671	146	0
1527800937.995548000	12.4683	103	1
1527800937.996535000	12.4693	92	0
1527800937.998028000	12.4708	108	0
1527800937.999516000	12.4722	103	1
1527800938.041428000	12.5142	565	0
1527800938.042853000	12.5156	800	0
1527800938.044251000	12.517	92	0
1527800938.044525000	12.5173	106	1
1527800938.045713000	12.5184	327	0
1527800938.048525000	12.5213	100	1
1527800938.099236000	12.572	391	1
1527800938.099323000	12.5721	262	1
1527800938.117565000	12.5903	87	0
1527800938.169536000	12.6423	1412	1
1527800938.169592000	12.6423	345	1
1527800938.188584000	12.6613	87	0
1527800938.267623000	12.7404	255	0
1527800938.269041000	12.7418	146	0
1527800938.270546000	12.7433	109	1
1527800938.271388000	12.7441	92	0
1527800938.272819000	12.7455	221	0
1527800938.273546000	12.7463	103	1
1527800938.343821000	12.8166	874	0
1527800938.346570000	12.8193	100	1
1527800938.357032000	12.8298	667	1
1527800938.376231000	12.849	87	0
1527800938.559301000	13.032	723	1
1527800938.559388000	13.0321	263	1
1527800938.583119000	13.0558	284	0
1527800938.585651000	13.0584	103	1
1527800938.587203000	13.0599	501	0
1527800938.589673000	13.0624	100	1
1527800938.589686000	13.0624	87	0
1527800938.743061000	13.2158	389	0
1527800938.744468000	13.2172	146	0
1527800938.745610000	13.2183	106	1
1527800938.747409000	13.2201	92	0
1527800938.748844000	13.2216	230	0
1527800938.749554000	13.2223	103	1
1527800938.903075000	13.3758	393	1
1527800938.903166000	13.3759	261	1
1527800938.921910000	13.3946	87	0
1527800939.065287000	13.538	235	0
1527800939.066703000	13.5394	146	0
1527800939.068445000	13.5412	92	0
1527800939.068632000	13.5414	109	1
1527800939.069900000	13.5426	187	0
1527800939.072592000	13.5453	100	1
1527800939.338114000	13.8108	392	1
1527800939.338193000	13.8109	269	1
1527800939.355833000	13.8286	87	0
1527800939.518009000	13.9907	262	0
1527800939.519420000	13.9921	146	0
1527800939.520623000	13.9934	106	1
1527800939.522508000	13.9952	92	0
1527800939.523939000	13.9967	200	0
1527800939.525614000	13.9983	103	1
1527800939.794572000	14.2673	392	1
1527800939.794622000	14.2674	270	1
1527800939.812886000	14.2856	87	0
1527800940.404159000	14.8769	282	0
1527800940.405570000	14.8783	146	0
1527800940.406674000	14.8794	106	1
1527800940.410636000	14.8834	92	0
1527800940.412063000	14.8848	340	0
1527800940.413788000	14.8865	103	1
1527800940.427508000	14.9002	394	1
1527800940.427584000	14.9003	276	1
1527800940.445383000	14.9181	87	0
1527800940.623592000	15.0963	233	0
1527800940.625024000	15.0978	146	0
1527800940.626440000	15.0992	92	0
1527800940.626808000	15.0995	109	1
1527800940.627929000	15.1007	226	0
1527800940.630699000	15.1034	100	1
1527800940.675532000	15.1483	392	1
1527800940.675594000	15.1483	262	1
1527800940.692928000	15.1657	87	0
1527800940.775691000	15.2484	235	0
1527800940.777156000	15.2499	148	0
1527800940.778736000	15.2515	106	1
1527800940.779948000	15.2527	92	0
1527800940.781379000	15.2541	281	0
1527800940.782676000	15.2554	103	1
1527800940.914962000	15.3877	392	1
1527800940.915091000	15.3878	264	1
1527800940.934016000	15.4067	87	0
1527800941.075442000	15.5482	330	0
1527800941.076845000	15.5496	148	0
1527800941.078724000	15.5515	106	1
1527800941.079047000	15.5518	92	0
1527800941.080485000	15.5532	319	0
1527800941.081703000	15.5544	103	1
1527800941.384719000	15.8574	392	1
1527800941.384795000	15.8575	272	1
1527800941.402064000	15.8748	87	0
1527800941.571866000	16.0446	255	0
1527800941.573263000	16.046	148	0
1527800941.574747000	16.0475	106	1
1527800941.576321000	16.049	92	0
1527800941.577813000	16.0505	160	0
1527800941.578781000	16.0515	103	1
1527800941.786272000	16.259	387	1
1527800941.786337000	16.2591	269	1
1527800941.804675000	16.2774	87	0
1527800941.942910000	16.4156	233	0
1527800941.944385000	16.4171	148	0
1527800941.945788000	16.4185	106	1
1527800941.947592000	16.4203	92	0
1527800941.949030000	16.4218	149	0
1527800941.949744000	16.4225	103	1
1527800942.269854000	16.7426	388	1
1527800942.269926000	16.7427	270	1
1527800942.287901000	16.7606	87	0
1527800942.452517000	16.9252	278	0
1527800942.453930000	16.9267	148	0
1527800942.455883000	16.9286	106	1
1527800942.456268000	16.929	92	0
1527800942.457767000	16.9305	289	0
1527800942.458780000	16.9315	103	1
1527800942.549298000	17.022	388	1
1527800942.549365000	17.0221	264	1
1527800942.566510000	17.0392	87	0
1527800942.727019000	17.1997	233	0
1527800942.728478000	17.2012	148	0
1527800942.729819000	17.2025	106	1
1527800942.731045000	17.2038	92	0
1527800942.732479000	17.2052	242	0
1527800942.733805000	17.2065	103	1
1527800942.760312000	17.233	996	1
1527800942.760385000	17.2331	267	1
1527800942.779298000	17.252	87	0
1527800942.971762000	17.4445	233	0
1527800942.973186000	17.4459	148	0
1527800942.974892000	17.4476	106	1
1527800942.975386000	17.4481	92	0
1527800942.976817000	17.4495	235	0
1527800942.977809000	17.4505	103	1
1527800944.891149000	19.3639	586	1
1527800944.891217000	19.3639	259	1
1527800944.908519000	19.3812	87	0
1527800945.046876000	19.5196	255	0
1527800945.048354000	19.5211	148	0
1527800945.049973000	19.5227	106	1
1527800945.051006000	19.5237	92	0
1527800945.052510000	19.5252	192	0
1527800945.053934000	19.5267	103	1
1527800945.108627000	19.5814	784	1
1527800945.108691000	19.5814	261	1
1527800945.125857000	19.5986	87	0
1527800945.267490000	19.7402	233	0
1527800945.268915000	19.7416	148	0
1527800945.269951000	19.7427	106	1
1527800945.271775000	19.7445	92	0
1527800945.274970000	19.7477	100	1
1527800945.303282000	19.776	339	0
1527800945.305963000	19.7787	100	1
1527800945.409467000	19.8822	391	1
1527800945.409556000	19.8823	258	1
1527800945.427337000	19.9001	87	0
1527800945.582912000	20.0556	259	0
1527800945.585974000	20.0587	103	1
1527800945.586944000	20.0597	148	0
1527800945.588425000	20.0612	92	0
1527800945.589861000	20.0626	235	0
1527800945.589995000	20.0627	106	1
1527800945.809372000	20.2821	394	1
1527800945.809461000	20.2822	261	1
1527800945.826723000	20.2995	87	0
1527800945.908601000	20.3813	379	0
1527800945.909962000	20.3827	148	0
1527800945.912049000	20.3848	106	1
1527800945.912373000	20.3851	92	0
1527800945.913885000	20.3866	327	0
1527800945.914985000	20.3877	103	1
1527800946.071487000	20.5442	389	1
1527800946.071566000	20.5443	259	1
1527800946.088936000	20.5617	87	0
1527800946.184745000	20.6575	235	0
1527800946.186169000	20.6589	148	0
1527800946.186991000	20.6597	106	1
1527800946.188402000	20.6611	92	0
1527800946.189838000	20.6626	218	0
1527800946.190998000	20.6637	103	1
1527800946.526460000	20.9992	389	1
1527800946.526530000	20.9993	264	1
1527800946.546153000	21.0189	87	0
1527800946.640786000	21.1135	263	0
1527800946.642132000	21.1149	148	0
1527800946.644130000	21.1169	106	1
1527800946.644147000	21.1169	92	0
1527800946.645587000	21.1183	258	0
1527800946.647051000	21.1198	103	1
1527800946.827296000	21.3	389	1
1527800946.827390000	21.3001	261	1
1527800946.844503000	21.3172	87	0
1527800947.010063000	21.4828	255	0
1527800947.011551000	21.4843	148	0
1527800947.012917000	21.4856	92	0
1527800947.013168000	21.4859	109	1
1527800947.014429000	21.4872	312	0
1527800947.017119000	21.4898	100	1
1527800947.294462000	21.7672	391	1
1527800947.294536000	21.7673	263	1
1527800947.311946000	21.7847	87	0
1527800947.461262000	21.934	256	0
1527800947.462680000	21.9354	148	0
1527800947.464165000	21.9369	106	1
1527800947.464998000	21.9377	92	0
1527800947.466467000	21.9392	312	0
1527800947.468145000	21.9409	103	1
1527800948.188750000	22.6615	392	1
1527800948.188817000	22.6615	257	1
1527800948.205889000	22.6786	87	0
1527800948.384498000	22.8572	235	0
1527800948.385913000	22.8586	148	0
1527800948.387232000	22.86	106	1
1527800948.388367000	22.8611	92	0
1527800948.389803000	22.8625	301	0
1527800948.391210000	22.8639	103	1
1527800948.548449000	23.0212	388	1
1527800948.548544000	23.0213	257	1
1527800948.565899000	23.0386	87	0
1527800948.719332000	23.1921	355	0
1527800948.720742000	23.1935	148	0
1527800948.722236000	23.195	106	1
1527800948.723932000	23.1967	92	0
1527800948.725429000	23.1982	291	0
1527800948.726139000	23.1989	103	1
1527800948.978547000	23.4513	388	1
1527800948.978629000	23.4514	258	1
1527800948.996218000	23.4689	87	0
1527800949.149860000	23.6226	233	0
1527800949.151217000	23.6239	158	0
1527800949.152696000	23.6254	154	0
1527800949.153192000	23.6259	109	1
1527800949.442933000	23.9157	996	1
1527800949.443023000	23.9158	262	1
1527800949.458922000	23.9317	87	0
1527800949.630306000	24.103	255	0
1527800949.631739000	24.1045	148	0
1527800949.633216000	24.1059	106	1
1527800949.634424000	24.1072	92	0
1527800949.635865000	24.1086	322	0
1527800949.637208000	24.1099	103	1
1527800949.823503000	24.2962	582	1
1527800949.823594000	24.2963	257	1
1527800949.842364000	24.3151	87	0
1527800949.937467000	24.4102	257	0
1527800949.938901000	24.4116	148	0
1527800949.940283000	24.413	106	1
1527800949.941694000	24.4144	92	0
1527800949.943131000	24.4159	326	0
1527800949.944208000	24.4169	103	1
1527800950.584082000	25.0568	790	1
1527800950.584167000	25.0569	259	1
1527800950.601283000	25.074	87	0
1527800950.681266000	25.154	256	0
1527800950.682687000	25.1554	148	0
1527800950.684341000	25.1571	106	1
1527800950.685299000	25.158	92	0
1527800950.686777000	25.1595	99	0
1527800950.688326000	25.1611	103	1
1527800950.795381000	25.2681	387	1
1527800950.795473000	25.2682	257	1
1527800950.813206000	25.2859	87	0
1527800950.908937000	25.3817	232	0
1527800950.910351000	25.3831	148	0
1527800950.912354000	25.3851	106	1
1527800950.913292000	25.386	92	0
1527800950.914726000	25.3875	307	0
1527800950.916342000	25.3891	103	1
1527800951.025477000	25.4982	387	1
1527800951.025572000	25.4983	257	1
1527800951.043250000	25.516	87	0
1527800951.051842000	25.5246	87	0
1527800951.186959000	25.6597	236	0
1527800951.188497000	25.6612	148	0
1527800951.190355000	25.6631	109	1
1527800951.190894000	25.6636	92	0
1527800951.192323000	25.6651	280	0
1527800951.193278000	25.666	103	1
1527800951.486672000	25.9594	389	1
1527800951.486765000	25.9595	257	1
1527800951.504247000	25.977	87	0
1527800951.594681000	26.0674	256	0
1527800951.596100000	26.0688	148	0
1527800951.597391000	26.0701	106	1
1527800951.597598000	26.0703	92	0
1527800951.599000000	26.0717	291	0
1527800951.600381000	26.0731	103	1
1527800951.960709000	26.4334	388	1
1527800951.960803000	26.4335	262	1
1527800951.978458000	26.4512	87	0
1527800952.123906000	26.5966	233	0
1527800952.125330000	26.5981	148	0
1527800952.126424000	26.5992	106	1
1527800952.127902000	26.6006	92	0
1527800952.129340000	26.6021	209	0
1527800952.130337000	26.6031	103	1
1527800953.170338000	27.6431	392	1
1527800953.170411000	27.6431	261	1
1527800953.188145000	27.6609	87	0
1527800953.296742000	27.7695	399	0
1527800953.298217000	27.7709	148	0
1527800953.299197000	27.7719	106	1
1527800953.300201000	27.7729	92	0
1527800953.301643000	27.7744	335	0
1527800953.303191000	27.7759	103	1
1527800953.369653000	27.8424	390	1
1527800953.369714000	27.8424	258	1
1527800953.387885000	27.8606	87	0
1527800953.543664000	28.0164	262	0
1527800953.545092000	28.0178	148	0
1527800953.546289000	28.019	106	1
1527800953.549100000	28.0218	92	0
1527800953.550600000	28.0233	187	0
1527800953.552284000	28.025	103	1
1527800953.788940000	28.2617	389	1
1527800953.789025000	28.2618	262	1
1527800953.806598000	28.2793	87	0
1527800953.828559000	28.3013	87	0
1527800953.928126000	28.4009	256	0
1527800953.929473000	28.4022	148	0
1527800953.931333000	28.4041	109	1
1527800953.932816000	28.4055	92	0
1527800953.934250000	28.407	162	0
1527800953.935290000	28.408	103	1
1527800954.202689000	28.6754	388	1
1527800954.202753000	28.6755	261	1
1527800954.219204000	28.6919	87	0
1527800954.310098000	28.7828	235	0
1527800954.311520000	28.7842	148	0
1527800954.313358000	28.7861	106	1
1527800954.314774000	28.7875	92	0
1527800954.316212000	28.7889	123	0
1527800954.317254000	28.79	103	1
1527800954.588619000	29.0613	393	1
1527800954.588679000	29.0614	257	1
1527800954.606352000	29.0791	87	0
1527800954.724229000	29.197	259	0
1527800954.725699000	29.1984	148	0
1527800954.727366000	29.2001	106	1
1527800954.728324000	29.2011	92	0
1527800954.729790000	29.2025	260	0
1527800954.731366000	29.2041	103	1
1527800955.025465000	29.4982	997	1
1527800955.025542000	29.4983	263	1
1527800955.043373000	29.5161	87	0
1527800955.171847000	29.6446	256	0
1527800955.173256000	29.646	148	0
1527800955.174392000	29.6471	106	1
1527800955.175343000	29.6481	92	0
1527800955.176829000	29.6496	270	0
1527800955.178379000	29.6511	103	1
1527800955.258505000	29.7312	583	1
1527800955.258589000	29.7313	258	1
1527800955.276374000	29.7491	87	0
1527800955.371608000	29.8443	309	0
1527800955.372962000	29.8457	148	0
1527800955.374421000	29.8471	106	1
1527800955.375731000	29.8485	92	0
1527800955.377223000	29.85	290	0
1527800955.378350000	29.8511	103	1
1527800955.498726000	29.9715	787	1
1527800955.498791000	29.9715	257	1
1527800955.516467000	29.9892	87	0
1527800955.659863000	30.1326	256	0
1527800955.661307000	30.134	148	0
1527800955.662353000	30.1351	106	1
1527800955.664302000	30.137	92	0
1527800955.665843000	30.1386	221	0
1527800955.667404000	30.1401	103	1
1527800956.002793000	30.4755	392	1
1527800956.002883000	30.4756	262	1
1527800956.020643000	30.4934	87	0
1527800956.098917000	30.5716	235	0
1527800956.100348000	30.5731	148	0
1527800956.101441000	30.5742	106	1
1527800956.101907000	30.5746	92	0
1527800956.103381000	30.5761	233	0
1527800956.104354000	30.5771	103	1
1527800956.458259000	30.931	392	1
1527800956.458346000	30.9311	259	1
1527800956.476086000	30.9488	87	0
1527800956.553425000	31.0262	280	0
1527800956.554832000	31.0276	148	0
1527800956.556469000	31.0292	106	1
1527800956.557378000	31.0301	92	0
1527800956.558818000	31.0315	220	0
1527800956.560455000	31.0332	103	1
1527800956.708794000	31.1815	389	1
1527800956.708869000	31.1816	262	1
1527800956.726004000	31.1987	87	0
1527800956.813131000	31.2859	233	0
1527800956.814511000	31.2872	148	0
1527800956.816500000	31.2892	106	1
1527800956.817701000	31.2904	92	0
1527800956.819196000	31.2919	303	0
1527800956.820403000	31.2931	103	1
1527800956.928542000	31.4013	388	1
1527800956.928617000	31.4013	257	1
1527800956.945691000	31.4184	87	0
1527800957.027456000	31.5002	235	0
1527800957.028914000	31.5016	148	0
1527800957.030488000	31.5032	106	1
1527800957.039600000	31.5123	92	0
1527800957.040995000	31.5137	243	0
1527800957.042485000	31.5152	103	1
1527800957.319751000	31.7925	391	1
1527800957.319840000	31.7926	260	1
1527800957.337011000	31.8097	87	0
1527800957.479935000	31.9527	255	0
1527800957.481357000	31.9541	148	0
1527800957.482429000	31.9552	106	1
1527800957.483122000	31.9559	92	0
1527800957.484555000	31.9573	141	0
1527800957.485422000	31.9582	103	1
1527800957.689910000	32.1626	390	1
1527800957.690001000	32.1627	265	1
1527800957.707118000	32.1798	87	0
1527800957.790241000	32.263	235	0
1527800957.791652000	32.2644	148	0
1527800957.793471000	32.2662	106	1
1527800957.793993000	32.2667	92	0
1527800957.795430000	32.2682	269	0
1527800957.796454000	32.2692	103	1
1527800957.998474000	32.4712	388	1
1527800957.998535000	32.4713	260	1
1527800958.016778000	32.4895	87	0
1527800958.094900000	32.5676	233	0
1527800958.096460000	32.5692	148	0
1527800958.097550000	32.5703	106	1
1527800958.098908000	32.5716	92	0
1527800958.100396000	32.5731	136	0
1527800958.101470000	32.5742	103	1
1527800958.226733000	32.6995	387	1
1527800958.226826000	32.6996	257	1
1527800958.255539000	32.7283	87	0
1527800958.393425000	32.8662	377	0
1527800958.394828000	32.8676	148	0
1527800958.396588000	32.8693	106	1
1527800958.398896000	32.8716	92	0
1527800958.400329000	32.8731	219	0
1527800958.401483000	32.8742	103	1
1527800958.702839000	33.1756	387	1
1527800958.702936000	33.1757	262	1
1527800958.720309000	33.193	87	0
1527800958.830514000	33.3032	260	0
1527800958.831915000	33.3046	148	0
1527800958.833598000	33.3063	106	1
1527800958.834384000	33.3071	92	0
1527800958.835821000	33.3085	226	0
1527800958.837505000	33.3102	103	1
1527800959.047012000	33.5197	991	1
1527800959.047095000	33.5198	259	1
1527800959.065911000	33.5386	87	0
1527800959.218631000	33.6914	255	0
1527800959.220173000	33.6929	148	0
1527800959.221622000	33.6944	106	1
1527800959.222496000	33.6952	92	0
1527800959.223912000	33.6966	235	0
1527800959.225625000	33.6984	103	1
1527800959.484746000	33.9575	586	1
1527800959.484841000	33.9576	257	1
1527800959.501597000	33.9743	87	0
1527800959.579924000	34.0527	256	0
1527800959.581346000	34.0541	148	0
1527800959.582640000	34.0554	106	1
1527800959.586249000	34.059	92	0
1527800959.587748000	34.0605	225	0
1527800959.588569000	34.0613	103	1
1527800960.227285000	34.7	785	1
1527800960.227370000	34.7001	260	1
1527800960.245713000	34.7184	87	0
1527800960.410248000	34.883	258	0
1527800960.411649000	34.8844	148	0
1527800960.412693000	34.8854	106	1
1527800960.414803000	34.8875	92	0
1527800960.416234000	34.889	185	0
1527800960.417679000	34.8904	103	1
1527800960.438633000	34.9114	388	1
1527800960.438715000	34.9114	257	1
1527800960.455815000	34.9285	87	0
1527800960.621446000	35.0942	256	0
1527800960.622869000	35.0956	148	0
1527800960.624713000	35.0974	106	1
1527800960.627890000	35.1006	92	0
1527800960.629535000	35.1023	149	0
1527800960.630615000	35.1033	103	1
1527800960.700050000	35.1728	388	1
1527800960.700133000	35.1729	257	1
1527800960.718279000	35.191	87	0
1527800960.823575000	35.2963	307	0
1527800960.824946000	35.2977	148	0
1527800960.826708000	35.2994	106	1
1527800960.827508000	35.3002	92	0
1527800960.828877000	35.3016	114	0
1527800960.830722000	35.3035	103	1
1527800961.135903000	35.6086	387	1
1527800961.135994000	35.6087	260	1
1527800961.153694000	35.6264	87	0
1527800961.236880000	35.7096	232	0
1527800961.238366000	35.7111	148	0
1527800961.239744000	35.7125	106	1
1527800961.240693000	35.7134	92	0
1527800961.242158000	35.7149	86	0
1527800961.243734000	35.7165	103	1
1527800961.476008000	35.9487	390	1
1527800961.476075000	35.9488	259	1
1527800961.492920000	35.9656	87	0
1527800961.596861000	36.0696	258	0
1527800961.598341000	36.0711	148	0
1527800961.599758000	36.0725	106	1
1527800961.600009000	36.0727	92	0
1527800961.601476000	36.0742	242	0
1527800961.602673000	36.0754	103	1
1527800961.906303000	36.379	388	1
1527800961.906391000	36.3791	259	1
1527800961.923732000	36.3965	87	0
1527800962.081722000	36.5545	258	0
1527800962.083143000	36.5559	148	0
1527800962.084718000	36.5574	92	0
1527800962.084811000	36.5575	106	1
1527800962.086167000	36.5589	279	0
1527800962.087789000	36.5605	103	1
1527800962.140891000	36.6136	392	1
1527800962.140950000	36.6137	258	1
1527800962.169233000	36.642	87	0
1527800962.258890000	36.7316	233	0
1527800962.260317000	36.733	148	0
1527800962.261839000	36.7346	106	1
1527800962.263149000	36.7359	92	0
1527800962.264651000	36.7374	224	0
1527800962.265732000	36.7385	103	1
1527800962.393139000	36.8659	388	1
1527800962.393229000	36.866	258	1
1527800962.410010000	36.8827	87	0
1527800962.503735000	36.9765	256	0
1527800962.505167000	36.9779	148	0
1527800962.506735000	36.9795	106	1
1527800962.508271000	36.981	92	0
1527800962.509705000	36.9824	145	0
1527800962.510727000	36.9835	103	1
1527800962.872073000	37.3448	392	1
1527800962.872139000	37.3449	261	1
1527800962.889520000	37.3622	87	0
1527800962.995811000	37.4685	233	0
1527800962.997333000	37.4701	148	0
1527800962.998851000	37.4716	106	1
1527800962.999806000	37.4725	92	0
1527800963.001311000	37.474	234	0
1527800963.002828000	37.4756	103	1
1527800963.142557000	37.6153	391	1
1527800963.142649000	37.6154	260	1
1527800963.163153000	37.6359	87	0
1527800963.270364000	37.7431	236	0
1527800963.271786000	37.7445	148	0
1527800963.272866000	37.7456	106	1
1527800963.274189000	37.7469	92	0
1527800963.275603000	37.7483	229	0
1527800963.276752000	37.7495	103	1
1527800963.522200000	37.9949	993	1
1527800963.522261000	37.995	260	1
1527800963.539828000	38.0126	87	0
1527800963.707307000	38.18	258	0
1527800963.708732000	38.1815	148	0
1527800963.709876000	38.1826	106	1
1527800963.710171000	38.1829	92	0
1527800963.711615000	38.1843	188	0
1527800963.712798000	38.1855	103	1
1527800965.724963000	40.1977	564	1
1527800965.725057000	40.1978	1412	1
1527800965.725081000	40.1978	1412	1
1527800965.725108000	40.1978	1412	1
1527800965.725140000	40.1979	1377	1
1527800965.742312000	40.215	87	0
1527800965.751017000	40.2237	100	0
1527800965.753731000	40.2265	103	1
1527800965.875191000	40.3479	528	0
1527800965.877818000	40.3505	100	1
1527800965.879994000	40.3527	80	0
1527800965.882728000	40.3555	100	1
1527800965.925974000	40.3987	786	1
1527800965.926066000	40.3988	260	1
1527800965.943357000	40.4161	87	0
1527800966.084717000	40.5574	290	0
1527800966.086095000	40.5588	148	0
1527800966.087806000	40.5605	106	1
1527800966.088775000	40.5615	92	0
1527800966.090233000	40.563	104	0
1527800966.091792000	40.5645	103	1
1527800966.544191000	41.0169	389	1
1527800966.544252000	41.017	260	1
1527800966.561253000	41.034	87	0
1527800966.657494000	41.1302	255	0
1527800966.658910000	41.1316	148	0
1527800966.660842000	41.1336	106	1
1527800966.663309000	41.136	92	0
1527800966.664745000	41.1375	273	0
1527800966.665756000	41.1385	103	1
1527800966.782217000	41.2549	391	1
1527800966.782285000	41.255	257	1
1527800966.799259000	41.272	87	0
1527800966.942461000	41.4152	233	0
1527800966.943825000	41.4166	148	0
1527800966.944871000	41.4176	106	1
1527800966.947253000	41.42	92	0
1527800966.948697000	41.4214	255	0
1527800966.949773000	41.4225	103	1
1527800968.351314000	42.824	388	1
1527800968.351408000	42.8241	257	1
1527800968.380830000	42.8536	87	0
1527800968.479929000	42.9527	353	0
1527800968.481397000	42.9541	148	0
1527800968.482675000	42.9554	106	1
1527800968.484155000	42.9569	92	0
1527800968.485587000	42.9583	168	0
1527800968.486650000	42.9594	103	1
1527800968.580980000	43.0537	388	1
1527800968.581078000	43.0538	260	1
1527800968.598342000	43.0711	87	0
1527800968.694267000	43.167	232	0
1527800968.695611000	43.1683	148	0
1527800968.696680000	43.1694	106	1
1527800968.697798000	43.1705	92	0
1527800968.699228000	43.172	322	0
1527800968.700678000	43.1734	103	1
1527800968.821031000	43.2938	387	1
1527800968.821095000	43.2938	258	1
1527800968.838711000	43.3114	87	0
1527800968.932175000	43.4049	232	0
1527800968.933604000	43.4063	148	0
1527800968.934780000	43.4075	106	1
1527800968.935904000	43.4086	92	0
1527800968.937416000	43.4101	118	0
1527800968.938675000	43.4114	103	1
1527800969.059867000	43.5326	387	1
1527800969.059937000	43.5327	260	1
1527800969.077071000	43.5498	87	0
1527800969.182734000	43.6555	236	0
1527800969.184234000	43.657	148	0
1527800969.185785000	43.6585	106	1
1527800969.186948000	43.6597	92	0
1527800969.188493000	43.6612	303	0
1527800969.189691000	43.6624	103	1
1527800969.699342000	44.1721	390	1
1527800969.699438000	44.1722	257	1
1527800969.717344000	44.1901	87	0
1527800969.802613000	44.2753	278	0
1527800969.803996000	44.2767	148	0
1527800969.805823000	44.2786	106	1
1527800969.806743000	44.2795	92	0
1527800969.808233000	44.281	213	0
1527800969.809799000	44.2825	103	1
1527800970.100972000	44.5737	388	1
1527800970.101063000	44.5738	257	1
1527800970.118464000	44.5912	87	0
1527800970.200890000	44.6736	233	0
1527800970.202370000	44.6751	148	0
1527800970.203826000	44.6766	106	1
1527800970.206409000	44.6791	92	0
1527800970.207911000	44.6806	198	0
1527800970.208745000	44.6815	103	1
1527800971.924799000	46.3975	392	1
1527800971.924888000	46.3976	261	1
1527800971.942023000	46.4148	87	0
1527800972.107585000	46.5803	258	0
1527800972.108944000	46.5817	148	0
1527800972.110790000	46.5835	92	0
1527800972.110922000	46.5837	106	1
1527800972.112254000	46.585	306	0
1527800972.113933000	46.5867	103	1
1527800972.192955000	46.6657	389	1
1527800972.193016000	46.6657	257	1
1527800972.210210000	46.6829	87	0
1527800972.372289000	46.845	236	0
1527800972.373701000	46.8464	148	0
1527800972.374953000	46.8477	106	1
1527800972.377686000	46.8504	92	0
1527800972.379120000	46.8518	101	0
1527800972.380949000	46.8537	103	1
1527800972.463341000	46.9361	997	1
1527800972.463430000	46.9362	260	1
1527800972.494973000	46.9677	997	1
1527800972.502301000	46.975	87	0
1527800972.519665000	46.9924	87	0
1527800972.589911000	47.0626	255	0
1527800972.591394000	47.0641	148	0
1527800972.592942000	47.0657	109	1
1527800972.593415000	47.0661	92	0
1527800972.594846000	47.0676	114	0
1527800972.595890000	47.0686	103	1
1527800972.885262000	47.358	586	1
1527800972.885347000	47.3581	267	1
1527800972.902791000	47.3755	87	0
1527800972.995070000	47.4678	306	0
1527800972.996493000	47.4692	148	0
1527800972.997902000	47.4706	106	1
1527800972.999186000	47.4719	92	0
1527800973.000620000	47.4733	165	0
1527800973.001900000	47.4746	103	1
1527800973.207395000	47.6801	790	1
1527800973.207459000	47.6802	258	1
1527800973.224503000	47.6972	87	0
1527800973.315357000	47.7881	232	0
1527800973.316778000	47.7895	148	0
1527800973.317969000	47.7907	106	1
1527800973.319953000	47.7927	92	0
1527800973.321446000	47.7942	228	0
1527800973.322943000	47.7957	103	1
1527800973.574382000	48.0471	390	1
1527800973.574443000	48.0472	271	1
1527800973.592772000	48.0655	87	0
1527800973.600764000	48.0735	87	0
1527800973.688082000	48.1608	302	0
1527800973.689499000	48.1622	148	0
1527800973.690977000	48.1637	109	1
1527800973.691325000	48.1641	92	0
1527800973.692757000	48.1655	133	0
1527800973.693945000	48.1667	103	1
1527800974.604762000	49.0775	391	1
1527800974.604837000	49.0776	259	1
1527800974.622645000	49.0954	87	0
1527800974.724540000	49.1973	310	0
1527800974.725914000	49.1986	148	0
1527800974.727113000	49.1998	106	1
1527800974.728958000	49.2017	92	0
1527800974.730443000	49.2032	171	0
1527800974.732053000	49.2048	103	1
1527800974.895382000	49.3681	387	1
1527800974.895474000	49.3682	260	1
1527800974.913005000	49.3857	87	0
1527800974.993680000	49.4664	233	0
1527800974.995034000	49.4678	148	0
1527800974.997051000	49.4698	106	1
1527800974.997948000	49.4707	92	0
1527800974.999385000	49.4721	273	0
1527800975.001135000	49.4739	103	1
1527800975.348328000	49.8211	387	1
1527800975.348420000	49.8211	258	1
1527800975.367553000	49.8403	87	0
1527800975.461626000	49.9344	258	0
1527800975.463032000	49.9358	148	0
1527800975.464082000	49.9368	106	1
1527800975.466147000	49.9389	92	0
1527800975.467656000	49.9404	224	0
1527800975.469056000	49.9418	103	1
1527800976.136714000	50.6094	389	1
1527800976.136811000	50.6095	259	1
1527800976.159456000	50.6322	87	0
1527800976.259536000	50.7323	330	0
1527800976.260918000	50.7336	148	0
1527800976.262183000	50.7349	106	1
1527800976.263344000	50.7361	92	0
1527800976.264776000	50.7375	300	0
1527800976.266190000	50.7389	103	1
1527800976.576726000	51.0495	388	1
1527800976.576787000	51.0495	261	1
1527800976.595382000	51.0681	87	0
1527800976.688889000	51.1616	258	0
1527800976.690309000	51.163	148	0
1527800976.691912000	51.1646	92	0
1527800976.692151000	51.1649	109	1
1527800976.693366000	51.1661	137	0
1527800976.696221000	51.169	100	1
1527800977.114651000	51.5874	388	1
1527800977.114741000	51.5875	258	1
1527800977.132720000	51.6054	87	0
1527800977.236214000	51.7089	233	0
1527800977.237760000	51.7105	148	0
1527800977.239238000	51.712	106	1
1527800977.240428000	51.7132	92	0
1527800977.241861000	51.7146	127	0
1527800977.243160000	51.7159	103	1
1527800977.337407000	51.8101	388	1
1527800977.337485000	51.8102	260	1
1527800977.365118000	51.8378	87	0
1527800977.452187000	51.9249	277	0
1527800977.453599000	51.9263	148	0
1527800977.455165000	51.9279	106	1
1527800977.456092000	51.9288	92	0
1527800977.457576000	51.9303	94	0
1527800977.459178000	51.9319	103	1
1527800977.616546000	52.0893	387	1
1527800977.616678000	52.0894	258	1
1527800977.635508000	52.1082	87	0
1527800977.768433000	52.2412	235	0
1527800977.769862000	52.2426	148	0
1527800977.771348000	52.2441	106	1
1527800977.777408000	52.2501	92	0
1527800977.778846000	52.2516	272	0
1527800977.780263000	52.253	103	1
1527800978.310778000	52.7835	992	1
1527800978.310871000	52.7836	258	1
1527800978.328587000	52.8013	87	0
1527800978.413897000	52.8866	256	0
1527800978.415263000	52.888	148	0
1527800978.416315000	52.889	106	1
1527800978.417505000	52.8902	92	0
1527800978.418911000	52.8916	110	0
1527800978.420311000	52.893	103	1
1527800980.281006000	54.7537	388	1
1527800980.281100000	54.7538	258	1
1527800980.298570000	54.7713	87	0
1527800980.397127000	54.8699	255	0
1527800980.398614000	54.8713	148	0
1527800980.400409000	54.8731	106	1
1527800980.400856000	54.8736	92	0
1527800980.402293000	54.875	241	0
1527800980.403336000	54.8761	103	1
1527800980.720583000	55.1933	586	1
1527800980.720670000	55.1934	257	1
1527800980.739002000	55.2117	87	0
1527800980.844081000	55.3168	255	0
1527800980.845508000	55.3182	148	0
1527800980.847431000	55.3202	106	1
1527800980.848199000	55.3209	92	0
1527800980.849638000	55.3224	137	0
1527800980.851428000	55.3242	103	1
1527800981.141810000	55.6145	788	1
1527800981.141886000	55.6146	260	1
1527800981.160855000	55.6336	87	0
1527800981.268180000	55.7409	305	0
1527800981.269620000	55.7423	148	0
1527800981.271392000	55.7441	106	1
1527800981.276018000	55.7487	92	0
1527800981.277566000	55.7503	198	0
1527800981.279390000	55.7521	103	1
1527800981.469942000	55.9427	388	1
1527800981.470039000	55.9428	257	1
1527800981.487215000	55.9599	87	0
1527800981.498207000	55.9709	87	0
1527800981.577871000	56.0506	255	0
1527800981.579362000	56.0521	148	0
1527800981.580484000	56.0532	109	1
1527800981.581758000	56.0545	92	0
1527800981.583194000	56.0559	165	0
1527800981.584400000	56.0571	103	1
1527800981.750649000	56.2234	390	1
1527800981.750705000	56.2234	258	1
1527800981.768245000	56.241	87	0
1527800981.778455000	56.2512	87	0
1527800981.912460000	56.3852	278	0
1527800981.913918000	56.3866	148	0
1527800981.915492000	56.3882	109	1
1527800981.917650000	56.3904	92	0
1527800981.919092000	56.3918	308	0
1527800981.920508000	56.3932	103	1
1527800982.130767000	56.6035	387	1
1527800982.130863000	56.6036	257	1
1527800982.148275000	56.621	87	0
1527800982.234473000	56.7072	288	0
1527800982.235918000	56.7086	148	0
1527800982.237523000	56.7103	106	1
1527800982.238282000	56.711	92	0
1527800982.239701000	56.7124	191	0
1527800982.241463000	56.7142	103	1
1527800982.419609000	56.8923	391	1
1527800982.419706000	56.8924	259	1
1527800982.437247000	56.91	87	0
1527800982.541880000	57.0146	256	0
1527800982.543304000	57.016	148	0
1527800982.544549000	57.0173	106	1
1527800982.545903000	57.0186	92	0
1527800982.547442000	57.0202	279	0
1527800982.548451000	57.0212	103	1
1527800982.659818000	57.1325	388	1
1527800982.659883000	57.1326	257	1
1527800982.677907000	57.1506	87	0
1527800982.769108000	57.2418	235	0
1527800982.770510000	57.2432	148	0
1527800982.772553000	57.2453	106	1
1527800982.773259000	57.246	92	0
1527800982.774700000	57.2474	257	0
1527800982.775482000	57.2482	103	1
1527800982.919525000	57.3923	388	1
1527800982.919577000	57.3923	257	1
1527800982.936836000	57.4096	87	0
1527800983.026071000	57.4988	330	0
1527800983.027526000	57.5003	148	0
1527800983.028579000	57.5013	106	1
1527800983.032525000	57.5053	92	0
1527800983.033927000	57.5067	240	0
1527800983.035477000	57.5082	103	1
1527800983.582075000	58.0548	388	1
1527800983.582139000	58.0549	260	1
1527800983.610293000	58.083	87	0
1527800983.691437000	58.1642	255	0
1527800983.692856000	58.1656	148	0
1527800983.694614000	58.1673	106	1
1527800983.695002000	58.1677	92	0
1527800983.696472000	58.1692	284	0
1527800983.697546000	58.1703	103	1
1527800984.149910000	58.6226	387	1
1527800984.149976000	58.6227	257	1
1527800984.166578000	58.6393	87	0
1527800984.267540000	58.7403	233	0
1527800984.268917000	58.7416	148	0
1527800984.270629000	58.7434	106	1
1527800984.271467000	58.7442	92	0
1527800984.272897000	58.7456	194	0
1527800984.274559000	58.7473	103	1
1527800984.560784000	59.0335	992	1
1527800984.560856000	59.0336	257	1
1527800984.579165000	59.0519	87	0
1527800984.661566000	59.1343	278	0
1527800984.662916000	59.1356	148	0
1527800984.664478000	59.1372	92	0
1527800984.664711000	59.1374	109	1
1527800984.665916000	59.1386	172	0
1527800984.668635000	59.1414	100	1
1527800984.779771000	59.2525	388	1
1527800984.779838000	59.2526	258	1
1527800984.799285000	59.272	87	0
1527800984.909013000	59.3817	233	0
1527800984.910480000	59.3832	148	0
1527800984.911671000	59.3844	106	1
1527800984.917846000	59.3906	92	0
1527800984.919283000	59.392	293	0
1527800984.920661000	59.3934	103	1
1527800985.149992000	59.6227	388	1
1527800985.150058000	59.6228	259	1
1527800985.168926000	59.6417	87	0
1527800985.275251000	59.748	233	0
1527800985.276654000	59.7494	148	0
1527800985.277707000	59.7504	106	1
1527800985.278718000	59.7514	92	0
1527800985.280190000	59.7529	138	0
1527800985.281687000	59.7544	103	1
1527800985.520220000	59.9929	587	1
1527800985.520283000	59.993	262	1
1527800985.538669000	60.0114	87	0
1527800985.685689000	60.1584	258	0
1527800985.687235000	60.16	148	0
1527800985.688719000	60.1614	106	1
1527800985.689995000	60.1627	92	0
1527800985.691486000	60.1642	316	0
1527800985.692631000	60.1654	103	1
1527800985.961203000	60.4339	791	1
1527800985.961287000	60.434	264	1
1527800985.979347000	60.4521	87	0
1527800986.119932000	60.5927	235	0
1527800986.121352000	60.5941	148	0
1527800986.122743000	60.5955	106	1
1527800986.123967000	60.5967	92	0
1527800986.125454000	60.5982	113	0
1527800986.126657000	60.5994	103	1
1527800986.372144000	60.8449	392	1
1527800986.372202000	60.8449	265	1
1527800986.390551000	60.8633	87	0
1527800986.499730000	60.9725	256	0
1527800986.501182000	60.9739	148	0
1527800986.502763000	60.9755	92	0
1527800986.502779000	60.9755	106	1
1527800986.504275000	60.977	283	0
1527800986.505750000	60.9785	103	1
1527800987.240382000	61.7131	390	1
1527800987.240450000	61.7132	260	1
1527800987.258672000	61.7314	87	0
1527800987.430584000	61.9033	328	0
1527800987.431937000	61.9047	148	0
1527800987.433827000	61.9066	106	1
1527800987.434153000	61.9069	92	0
1527800987.435591000	61.9083	266	0
1527800987.436744000	61.9095	103	1
1527800987.611242000	62.084	389	1
1527800987.611313000	62.084	260	1
1527800987.629383000	62.1021	87	0
1527800987.785799000	62.2585	232	0
1527800987.787313000	62.26	148	0
1527800987.788831000	62.2616	106	1
1527800987.789189000	62.2619	92	0
1527800987.790674000	62.2634	156	0
1527800987.791751000	62.2645	103	1
1527800988.281452000	62.7542	387	1
1527800988.281549000	62.7543	262	1
1527800988.299155000	62.7719	87	0
1527800988.454889000	62.9276	302	0
1527800988.456359000	62.9291	148	0
1527800988.457879000	62.9306	106	1
1527800988.458914000	62.9316	92	0
1527800988.460406000	62.9331	261	0
1527800988.461795000	62.9345	103	1
1527800988.490839000	62.9636	391	1
1527800988.490930000	62.9637	259	1
1527800988.507819000	62.9805	87	0
1527800988.671454000	63.1442	288	0
1527800988.672849000	63.1456	148	0
1527800988.673890000	63.1466	106	1
1527800988.674264000	63.147	92	0
1527800988.675750000	63.1485	101	0
1527800988.676861000	63.1496	103	1
1527800988.903916000	63.3766	387	1
1527800988.904013000	63.3767	260	1
1527800988.921123000	63.3939	87	0
1527800989.010705000	63.4834	232	0
1527800989.012137000	63.4849	148	0
1527800989.013899000	63.4866	106	1
1527800989.015480000	63.4882	92	0
1527800989.016871000	63.4896	191	0
1527800989.017819000	63.4905	103	1
1527800989.942834000	64.4156	387	1
1527800989.942953000	64.4157	264	1
1527800989.962070000	64.4348	87	0
1527800990.126710000	64.5994	256	0
1527800990.128188000	64.6009	148	0
1527800990.129952000	64.6027	92	0
1527800990.129970000	64.6027	106	1
1527800990.131468000	64.6042	314	0
1527800990.132945000	64.6057	103	1
1527800990.182015000	64.6547	992	1
1527800990.182082000	64.6548	260	1
1527800990.201082000	64.6738	87	0
1527800990.295916000	64.7686	329	0
1527800990.297438000	64.7702	148	0
1527800990.298950000	64.7717	106	1
1527800990.300966000	64.7737	92	0
1527800990.302459000	64.7752	297	0
1527800990.303939000	64.7767	103	1
1527800990.642152000	65.1149	387	1
1527800990.642246000	65.115	259	1
1527800990.661558000	65.1343	87	0
1527800990.769476000	65.2422	256	0
1527800990.770888000	65.2436	148	0
1527800990.771934000	65.2447	106	1
1527800990.772351000	65.2451	92	0
1527800990.773828000	65.2466	105	0
1527800990.774922000	65.2477	103	1
1527800990.921293000	65.394	388	1
1527800990.921358000	65.3941	262	1
1527800990.939349000	65.4121	87	0
1527800991.033161000	65.5059	236	0
1527800991.034585000	65.5073	148	0
1527800991.035964000	65.5087	106	1
1527800991.038965000	65.5117	92	0
1527800991.040460000	65.5132	287	0
1527800991.041959000	65.5147	103	1
1527800991.372341000	65.8451	584	1
1527800991.372430000	65.8452	259	1
1527800991.390096000	65.8628	87	0
1527800991.482957000	65.9557	278	0
1527800991.484420000	65.9571	148	0
1527800991.485994000	65.9587	106	1
1527800991.487423000	65.9602	92	0
1527800991.488863000	65.9616	322	0
1527800991.489962000	65.9627	103	1
1527800991.711318000	66.184	789	1
1527800991.711393000	66.1841	261	1
1527800991.729914000	66.2026	87	0
1527800991.822031000	66.2948	233	0
1527800991.823505000	66.2962	148	0
1527800991.825023000	66.2978	106	1
1527800991.826180000	66.2989	92	0
1527800991.827674000	66.3004	270	0
1527800991.829016000	66.3017	103	1
1527800992.051566000	66.5243	392	1
1527800992.051662000	66.5244	262	1
1527800992.070341000	66.5431	87	0
1527800992.178900000	66.6516	235	0
1527800992.180323000	66.6531	148	0
1527800992.182051000	66.6548	106	1
1527800992.184388000	66.6571	92	0
1527800992.185826000	66.6586	154	0
1527800992.187006000	66.6597	103	1
1527800992.731667000	67.2044	392	1
1527800992.731729000	67.2045	260	1
1527800992.751458000	67.2242	87	0
1527800992.846822000	67.3196	256	0
1527800992.848310000	67.321	148	0
1527800992.849839000	67.3226	92	0
1527800992.850075000	67.3228	109	1
1527800992.851301000	67.324	211	0
1527800992.854115000	67.3268	100	1
1527800993.224127000	67.6969	392	1
1527800993.224297000	67.697	263	1
1527800993.241466000	67.7142	87	0
1527800993.399024000	67.8718	235	0
1527800993.400475000	67.8732	148	0
1527800993.402162000	67.8749	106	1
1527800993.402231000	67.875	92	0
1527800993.403745000	67.8765	240	0
1527800993.405150000	67.8779	103	1
1527800993.517206000	67.9899	389	1
1527800993.517273000	67.99	260	1
1527800993.549172000	68.0219	389	1
1527800993.553542000	68.0263	87	0
1527800993.577549000	68.0503	87	0
1527800993.660027000	68.1328	256	0
1527800993.661431000	68.1342	148	0
1527800993.663173000	68.1359	109	1
1527800993.663908000	68.1366	92	0
1527800993.665387000	68.1381	103	0
1527800993.666077000	68.1388	103	1
1527800994.002506000	68.4752	391	1
1527800994.002597000	68.4753	259	1
1527800994.021523000	68.4943	87	0
1527800994.122917000	68.5956	303	0
1527800994.124339000	68.5971	148	0
1527800994.126200000	68.5989	106	1
1527800994.126673000	68.5994	92	0
1527800994.128162000	68.6009	304	0
1527800994.129116000	68.6018	103	1
1527800994.372633000	68.8454	388	1
1527800994.372729000	68.8455	259	1
1527800994.390786000	68.8635	87	0
1527800994.542651000	69.0154	254	0
1527800994.544078000	69.0168	148	0
1527800994.545240000	69.018	106	1
1527800994.547471000	69.0202	92	0
1527800994.548907000	69.0216	128	0
1527800994.550141000	69.0229	103	1
1527800995.282619000	69.7553	386	1
1527800995.282683000	69.7554	259	1
1527800995.300581000	69.7733	87	0
1527800995.458221000	69.9309	301	0
1527800995.459638000	69.9324	148	0
1527800995.461278000	69.934	106	1
1527800995.463666000	69.9364	92	0
1527800995.465102000	69.9378	178	0
1527800995.466181000	69.9389	103	1
1527800995.505698000	69.9784	991	1
1527800995.505789000	69.9785	261	1
1527800995.524119000	69.9968	87	0
1527800995.670686000	70.1434	291	0
1527800995.672176000	70.1449	148	0
1527800995.673301000	70.146	106	1
1527800995.674761000	70.1475	92	0
1527800995.676248000	70.149	184	0
1527800995.677261000	70.15	103	1
1527800995.973399000	70.4461	390	1
1527800995.973482000	70.4462	259	1
1527800995.990400000	70.4631	87	0
1527800996.089329000	70.5621	235	0
1527800996.090811000	70.5635	148	0
1527800996.092304000	70.565	106	1
1527800996.094273000	70.567	92	0
1527800996.095727000	70.5685	121	0
1527800996.097313000	70.57	103	1
1527800996.354635000	70.8274	389	1
1527800996.354726000	70.8275	262	1
1527800996.372553000	70.8453	87	0
1527800996.478936000	70.9517	255	0
1527800996.480348000	70.9531	148	0
1527800996.481262000	70.954	106	1
1527800996.482545000	70.9553	92	0
1527800996.483961000	70.9567	216	0
1527800996.485263000	70.958	103	1
1527800996.674558000	71.1473	582	1
1527800996.674633000	71.1474	261	1
1527800996.692309000	71.165	87	0
1527800996.775525000	71.2483	328	0
1527800996.776961000	71.2497	148	0
1527800996.778370000	71.2511	106	1
1527800996.780295000	71.253	92	0
1527800996.783337000	71.2561	100	1
1527800996.783722000	71.2565	162	0
1527800996.786336000	71.2591	100	1
1527800997.025581000	71.4983	784	1
1527800997.025644000	71.4984	259	1
1527800997.043068000	71.5158	87	0
1527800997.133793000	71.6065	232	0
1527800997.135217000	71.6079	148	0
1527800997.136363000	71.6091	106	1
1527800997.140643000	71.6134	92	0
1527800997.142081000	71.6148	109	0
1527800997.143373000	71.6161	103	1
1527800997.173977000	71.6467	92	0
1527800997.176367000	71.6491	100	1
1527800997.177012000	71.6497	369	1
1527800997.177094000	71.6498	1412	1
1527800997.177132000	71.6499	1412	1
1527800997.177160000	71.6499	1412	1
1527800997.177203000	71.6499	1412	1
1527800997.177228000	71.65	1412	1
1527800997.177301000	71.65	1412	1
1527800997.177346000	71.6501	1412	1
1527800997.177379000	71.6501	1412	1
1527800997.177414000	71.6501	1412	1
1527800997.177436000	71.6502	1412	1
1527800997.177480000	71.6502	1412	1
1527800997.177528000	71.6503	1412	1
1527800997.177551000	71.6503	1412	1
1527800997.177572000	71.6503	641	1
1527800997.197744000	71.6705	87	0
1527800997.200143000	71.6729	87	0
1527800997.281923000	71.7547	389	0
1527800997.284379000	71.7571	106	1
1527800997.289959000	71.7627	80	0
1527800997.292371000	71.7651	100	1
1527800997.735343000	72.2081	391	1
1527800997.735416000	72.2081	261	1
1527800997.752098000	72.2248	87	0
1527800997.905934000	72.3787	280	0
1527800997.907415000	72.3801	148	0
1527800997.908420000	72.3811	106	1
1527800997.909186000	72.3819	92	0
1527800997.910624000	72.3834	275	0
1527800997.912409000	72.3851	103	1
1527800998.258456000	72.7312	393	1
1527800998.258546000	72.7313	262	1
1527800998.275867000	72.7486	87	0
1527800998.358899000	72.8316	231	0
1527800998.360269000	72.833	148	0
1527800998.361450000	72.8342	106	1
1527800998.362898000	72.8356	92	0
1527800998.364470000	72.8372	296	0
1527800998.365340000	72.8381	103	1
1527800998.595010000	73.0677	386	1
1527800998.595107000	73.0678	262	1
1527800998.612819000	73.0855	87	0
1527800998.711753000	73.1845	256	0
1527800998.713167000	73.1859	148	0
1527800998.714478000	73.1872	106	1
1527800998.715320000	73.188	92	0
1527800998.716749000	73.1895	92	0
1527800998.718523000	73.1913	103	1
1527800999.045438000	73.5182	392	1
1527800999.045525000	73.5183	266	1
1527800999.064328000	73.5371	87	0
1527800999.168878000	73.6416	235	0
1527800999.170307000	73.643	148	0
1527800999.171482000	73.6442	106	1
1527800999.174819000	73.6475	92	0
1527800999.176255000	73.649	166	0
1527800999.177410000	73.6501	103	1
1527800999.675021000	74.1477	389	1
1527800999.675119000	74.1478	261	1
1527800999.691778000	74.1645	87	0
1527800999.857535000	74.3303	255	0
1527800999.859004000	74.3317	148	0
1527800999.860471000	74.3332	106	1
1527800999.861915000	74.3346	92	0
1527800999.863375000	74.3361	161	0
1527800999.864450000	74.3372	103	1
1527801000.047088000	74.5198	390	1
1527801000.047184000	74.5199	260	1
1527801000.075463000	74.5482	87	0
1527801000.217346000	74.6901	303	0
1527801000.218766000	74.6915	148	0
1527801000.220536000	74.6933	92	0
1527801000.220622000	74.6934	106	1
1527801000.223536000	74.6963	100	1
1527801000.252655000	74.7254	252	0
1527801000.255562000	74.7283	100	1
1527801000.474929000	74.9477	992	1
1527801000.474992000	74.9477	261	1
1527801000.493832000	74.9666	87	0
1527801000.579037000	75.0518	259	0
1527801000.580491000	75.0532	148	0
1527801000.581568000	75.0543	106	1
1527801000.583325000	75.0561	92	0
1527801000.586549000	75.0593	100	1
1527801000.587519000	75.0602	271	0
1527801000.590492000	75.0632	100	1
1527801000.854951000	75.3277	389	1
1527801000.854998000	75.3277	262	1
1527801000.868918000	75.3416	100	0
1527801000.871367000	75.3441	87	0
1527801000.871596000	75.3443	103	1
1527801000.957477000	75.4302	279	0
1527801000.958900000	75.4316	148	0
1527801000.960595000	75.4333	103	1
1527801000.962642000	75.4354	92	0
1527801000.964134000	75.4369	114	0
1527801000.965598000	75.4383	103	1
1527801004.910655000	79.3834	388	1
1527801004.910745000	79.3835	262	1
1527801004.927938000	79.4007	87	0
1527801005.014950000	79.4877	309	0
1527801005.016363000	79.4891	148	0
1527801005.017912000	79.4906	106	1
1527801005.018998000	79.4917	92	0
1527801005.020434000	79.4932	243	0
1527801005.021745000	79.4945	103	1
1527801005.176482000	79.6492	585	1
1527801005.176580000	79.6493	265	1
1527801005.193936000	79.6667	87	0
1527801005.235711000	79.7084	700	1
1527801005.235805000	79.7085	1412	1
1527801005.235831000	79.7086	1412	1
1527801005.235881000	79.7086	1412	1
1527801005.235910000	79.7086	1059	1
1527801005.264875000	79.7376	87	0
1527801005.297473000	79.7702	233	0
1527801005.298843000	79.7716	148	0
1527801005.300842000	79.7736	109	1
1527801005.301222000	79.774	92	0
1527801005.302656000	79.7754	161	0
1527801005.303757000	79.7765	103	1
1527801005.325292000	79.798	384	0
1527801005.327831000	79.8006	100	1
1527801005.330999000	79.8037	80	0
1527801005.333838000	79.8066	100	1
1527801005.614917000	80.0876	392	1
1527801005.615012000	80.0877	263	1
1527801005.633362000	80.1061	87	0
1527801005.760563000	80.2333	353	0
1527801005.761925000	80.2347	148	0
1527801005.763878000	80.2366	106	1
1527801005.764801000	80.2375	92	0
1527801005.766233000	80.239	278	0
1527801005.767779000	80.2405	103	1
1527801006.345469000	80.8182	388	1
1527801006.345568000	80.8183	260	1
1527801006.364869000	80.8376	87	0
1527801006.508306000	80.981	256	0
1527801006.509723000	80.9825	148	0
1527801006.510940000	80.9837	106	1
1527801006.512704000	80.9854	92	0
1527801006.514140000	80.9869	239	0
1527801006.515907000	80.9886	103	1
1527801006.570355000	81.0431	388	1
1527801006.570451000	81.0432	263	1
1527801006.588426000	81.0612	87	0
1527801006.669400000	81.1421	257	0
1527801006.670819000	81.1435	148	0
1527801006.671924000	81.1447	106	1
1527801006.674411000	81.1471	92	0
1527801006.675877000	81.1486	203	0
1527801006.676874000	81.1496	103	1
1527801006.938096000	81.4108	389	1
1527801006.938187000	81.4109	263	1
1527801006.955233000	81.428	87	0
1527801007.057633000	81.5304	233	0
1527801007.059014000	81.5317	148	0
1527801007.060952000	81.5337	106	1
1527801007.061653000	81.5344	92	0
1527801007.063088000	81.5358	231	0
1527801007.063860000	81.5366	103	1
1527801007.209668000	81.6824	388	1
1527801007.209762000	81.6825	260	1
1527801007.226884000	81.6996	87	0
1527801007.327728000	81.8005	233	0
1527801007.329151000	81.8019	148	0
1527801007.330967000	81.8037	106	1
1527801007.332821000	81.8055	92	0
1527801007.334247000	81.807	105	0
1527801007.335945000	81.8087	103	1
1527801008.337542000	82.8103	388	1
1527801008.337613000	82.8103	263	1
1527801008.357217000	82.8299	87	0
1527801008.436523000	82.9093	256	0
1527801008.437932000	82.9107	148	0
1527801008.438978000	82.9117	106	1
1527801008.441282000	82.914	92	0
1527801008.442718000	82.9154	264	0
1527801008.443941000	82.9167	103	1
1527801008.620063000	83.0928	392	1
1527801008.620131000	83.0929	261	1
1527801008.637741000	83.1105	87	0
1527801008.729740000	83.2025	235	0
1527801008.731098000	83.2038	148	0
1527801008.732960000	83.2057	106	1
1527801008.733689000	83.2064	92	0
1527801008.735123000	83.2079	327	0
1527801008.735954000	83.2087	103	1
1527801008.940803000	83.4135	393	1
1527801008.940891000	83.4136	264	1
1527801008.958574000	83.4313	87	0
1527801009.052759000	83.5255	233	0
1527801009.054187000	83.5269	148	0
1527801009.055961000	83.5287	92	0
1527801009.056017000	83.5287	106	1
1527801009.057486000	83.5302	116	0
1527801009.058991000	83.5317	103	1
1527801009.341067000	83.8138	992	1
1527801009.341164000	83.8139	261	1
1527801009.357924000	83.8307	87	0
1527801009.440552000	83.9133	328	0
1527801009.441921000	83.9146	148	0
1527801009.443025000	83.9158	106	1
1527801009.443402000	83.9161	92	0
1527801009.444902000	83.9176	131	0
1527801009.445996000	83.9187	103	1
1527801009.608238000	84.081	391	1
1527801009.608335000	84.0811	260	1
1527801009.636909000	84.1096	87	0
1527801009.735431000	84.2082	232	0
1527801009.736849000	84.2096	148	0
1527801009.738049000	84.2108	106	1
1527801009.739368000	84.2121	92	0
1527801009.740808000	84.2135	282	0
1527801009.742011000	84.2147	103	1
1527801010.038272000	84.511	391	1
1527801010.038365000	84.5111	262	1
1527801010.055251000	84.528	87	0
1527801010.059911000	84.5326	87	0
1527801010.216094000	84.6888	279	0
1527801010.217617000	84.6903	148	0
1527801010.219131000	84.6919	109	1
1527801010.219753000	84.6925	92	0
1527801010.221190000	84.6939	166	0
1527801010.222032000	84.6948	103	1
1527801010.340090000	84.8128	583	1
1527801010.340181000	84.8129	263	1
1527801010.359415000	84.8321	87	0
1527801010.463280000	84.936	311	0
1527801010.464708000	84.9374	148	0
1527801010.466097000	84.9388	106	1
1527801010.467589000	84.9403	92	0
1527801010.468971000	84.9417	231	0
1527801010.470050000	84.9428	103	1
1527801010.720456000	85.1932	786	1
1527801010.720546000	85.1933	262	1
1527801010.738620000	85.2113	87	0
1527801010.889275000	85.362	233	0
1527801010.890700000	85.3634	148	0
1527801010.892169000	85.3649	106	1
1527801010.893200000	85.3659	92	0
1527801010.894631000	85.3674	225	0
1527801010.896182000	85.3689	103	1
1527801010.954302000	85.427	392	1
1527801010.954370000	85.4271	265	1
1527801010.971930000	85.4447	87	0
1527801011.051261000	85.524	235	0
1527801011.052603000	85.5253	148	0
1527801011.054172000	85.5269	106	1
1527801011.054810000	85.5275	92	0
1527801011.056247000	85.529	222	0
1527801011.057077000	85.5298	103	1
1527801011.191304000	85.664	389	1
1527801011.191394000	85.6641	262	1
1527801011.210917000	85.6836	87	0
1527801011.300974000	85.7737	233	0
1527801011.302420000	85.7751	148	0
1527801011.304209000	85.7769	106	1
1527801011.305535000	85.7783	92	0
1527801011.306968000	85.7797	136	0
1527801011.308100000	85.7808	103	1
1527801011.441321000	85.914	388	1
1527801011.441418000	85.9141	260	1
1527801011.459083000	85.9318	87	0
1527801011.543634000	86.0164	353	0
1527801011.545045000	86.0178	148	0
1527801011.546113000	86.0188	106	1
1527801011.547610000	86.0203	92	0
1527801011.549046000	86.0218	114	0
1527801011.550119000	86.0228	103	1
1527801011.662275000	86.135	392	1
1527801011.662372000	86.1351	263	1
1527801011.687546000	86.1603	87	0
1527801011.782827000	86.2556	235	0
1527801011.784182000	86.2569	148	0
1527801011.785914000	86.2586	92	0
1527801011.786161000	86.2589	109	1
1527801011.787438000	86.2602	331	0
1527801011.790198000	86.2629	100	1
1527801012.038570000	86.5113	389	1
1527801012.038637000	86.5114	261	1
1527801012.057332000	86.5301	87	0
1527801012.142918000	86.6156	258	0
1527801012.144335000	86.6171	148	0
1527801012.146247000	86.619	106	1
1527801012.147093000	86.6198	92	0
1527801012.148657000	86.6214	278	0
1527801012.150222000	86.623	103	1
1527801012.388499000	86.8612	390	1
1527801012.388566000	86.8613	262	1
1527801012.407017000	86.8797	87	0
1527801012.496089000	86.9688	256	0
1527801012.497561000	86.9703	148	0
1527801012.499313000	86.972	106	1
1527801012.499911000	86.9726	92	0
1527801012.501400000	86.9741	194	0
1527801012.502164000	86.9749	103	1
1527801012.827748000	87.3005	392	1
1527801012.827840000	87.3006	261	1
1527801012.845281000	87.318	87	0
1527801013.002208000	87.4749	233	0
1527801013.003627000	87.4764	148	0
1527801013.005285000	87.478	106	1
1527801013.007634000	87.4804	92	0
1527801013.009124000	87.4819	146	0
1527801013.010243000	87.483	103	1
1527801013.139515000	87.6122	992	1
1527801013.139574000	87.6123	263	1
1527801013.157501000	87.6302	87	0
1527801013.235249000	87.708	236	0
1527801013.236662000	87.7094	148	0
1527801013.238304000	87.711	106	1
1527801013.239531000	87.7123	92	0
1527801013.240915000	87.7136	194	0
1527801013.242286000	87.715	103	1
1527801013.388649000	87.8614	389	1
1527801013.388745000	87.8615	261	1
1527801013.405897000	87.8786	87	0
1527801013.508286000	87.981	256	0
1527801013.509604000	87.9823	148	0
1527801013.511309000	87.984	106	1
1527801013.512724000	87.9855	92	0
1527801013.514159000	87.9869	279	0
1527801013.515229000	87.988	103	1
1527801013.658682000	88.1314	388	1
1527801013.658790000	88.1315	265	1
1527801013.677697000	88.1504	87	0
1527801013.784480000	88.2572	232	0
1527801013.785892000	88.2586	148	0
1527801013.787245000	88.26	106	1
1527801013.789743000	88.2625	92	0
1527801013.791230000	88.264	299	0
1527801013.792251000	88.265	103	1
1527801013.990897000	88.4636	387	1
1527801013.990992000	88.4637	261	1
1527801014.008600000	88.4813	87	0
1527801014.085861000	88.5586	302	0
1527801014.087302000	88.56	148	0
1527801014.088329000	88.5611	106	1
1527801014.089724000	88.5625	92	0
1527801014.091157000	88.5639	298	0
1527801014.092257000	88.565	103	1
1527801014.451702000	88.9244	585	1
1527801014.451763000	88.9245	260	1
1527801014.472086000	88.9448	87	0
1527801014.627652000	89.1004	255	0
1527801014.629135000	89.1019	148	0
1527801014.630375000	89.1031	106	1
1527801014.631335000	89.1041	92	0
1527801014.632884000	89.1056	199	0
1527801014.634361000	89.1071	103	1
1527801014.739479000	89.2122	788	1
1527801014.739577000	89.2123	259	1
1527801014.759342000	89.2321	87	0
1527801014.861907000	89.3346	278	0
1527801014.863329000	89.3361	148	0
1527801014.864384000	89.3371	106	1
1527801014.865020000	89.3377	92	0
1527801014.866487000	89.3392	112	0
1527801014.867304000	89.34	103	1
1527801015.311687000	89.7844	391	1
1527801015.311779000	89.7845	265	1
1527801015.338675000	89.8114	87	0
1527801015.430528000	89.9033	313	0
1527801015.431922000	89.9047	148	0
1527801015.433399000	89.9061	106	1
1527801015.435691000	89.9084	92	0
1527801015.437124000	89.9099	121	0
1527801015.438418000	89.9111	103	1
1527801015.740613000	90.2133	389	1
1527801015.740703000	90.2134	263	1
1527801015.757957000	90.2307	87	0
1527801015.859134000	90.3319	233	0
1527801015.860553000	90.3333	148	0
1527801015.862447000	90.3352	106	1
1527801015.864843000	90.3376	92	0
1527801015.866277000	90.339	147	0
1527801015.867366000	90.3401	103	1
1527801016.112880000	90.5856	392	1
1527801016.112978000	90.5857	264	1
1527801016.130025000	90.6028	87	0
1527801016.233656000	90.7064	233	0
1527801016.235077000	90.7078	148	0
1527801016.236465000	90.7092	106	1
1527801016.237955000	90.7107	92	0
1527801016.239425000	90.7122	217	0
1527801016.240379000	90.7131	103	1
1527801016.470637000	90.9434	388	1
1527801016.470713000	90.9434	264	1
1527801016.487868000	90.9606	87	0
1527801016.571458000	91.0442	258	0
1527801016.572924000	91.0457	148	0
1527801016.574479000	91.0472	106	1
1527801016.576713000	91.0494	92	0
1527801016.578214000	91.0509	218	0
1527801016.579402000	91.0521	103	1
1527801016.790010000	91.2627	392	1
1527801016.790069000	91.2628	262	1
1527801016.808463000	91.2812	87	0
1527801016.887542000	91.3603	330	0
1527801016.888947000	91.3617	148	0
1527801016.890415000	91.3631	106	1
1527801016.891037000	91.3638	92	0
1527801016.892477000	91.3652	302	0
1527801016.893436000	91.3662	103	1
1527801017.089885000	91.5626	392	1
1527801017.089950000	91.5627	263	1
1527801017.107615000	91.5803	87	0
1527801017.211720000	91.6844	235	0
1527801017.213127000	91.6859	148	0
1527801017.214467000	91.6872	106	1
1527801017.215460000	91.6882	92	0
1527801017.216885000	91.6896	244	0
1527801017.218551000	91.6913	103	1
1527801017.300922000	91.7737	997	1
1527801017.300982000	91.7737	261	1
1527801017.318722000	91.7915	87	0
1527801017.420922000	91.8937	280	0
1527801017.422373000	91.8951	148	0
1527801017.423525000	91.8963	106	1
1527801017.424649000	91.8974	92	0
1527801017.426050000	91.8988	323	0
1527801017.427541000	91.9003	103	1
1527801017.769758000	92.2425	389	1
1527801017.769847000	92.2426	262	1
1527801017.788210000	92.2609	87	0
1527801017.869510000	92.3422	235	0
1527801017.870918000	92.3436	148	0
1527801017.872562000	92.3453	106	1
1527801017.874324000	92.3471	92	0
1527801017.875692000	92.3484	293	0
1527801017.877549000	92.3503	103	1
1527801018.650156000	93.1229	389	1
1527801018.650243000	93.123	263	1
1527801018.677875000	93.1506	87	0
1527801018.763037000	93.2358	255	0
1527801018.764485000	93.2372	148	0
1527801018.765622000	93.2384	106	1
1527801018.767563000	93.2403	92	0
1527801018.768942000	93.2417	221	0
1527801018.770618000	93.2433	103	1
1527801018.880134000	93.3529	585	1
1527801018.880197000	93.3529	260	1
1527801018.899507000	93.3722	87	0
1527801018.985995000	93.4587	231	0
1527801018.987521000	93.4602	148	0
1527801018.988628000	93.4614	106	1
1527801018.990404000	93.4631	92	0
1527801018.991832000	93.4646	85	0
1527801018.993630000	93.4664	103	1
1527801019.109956000	93.5827	398	1
1527801019.110033000	93.5828	260	1
1527801019.127272000	93.6	87	0
1527801019.208550000	93.6813	233	0
1527801019.209912000	93.6826	148	0
1527801019.211657000	93.6844	106	1
1527801019.213006000	93.6857	92	0
1527801019.214482000	93.6872	284	0
1527801019.215556000	93.6883	103	1
1527801019.330476000	93.8032	774	1
1527801019.330554000	93.8033	263	1
1527801019.348380000	93.8211	87	0
1527801019.428629000	93.9014	258	0
1527801019.430040000	93.9028	148	0
1527801019.431571000	93.9043	106	1
1527801019.432328000	93.9051	92	0
1527801019.433755000	93.9065	138	0
1527801019.434550000	93.9073	103	1
1527801019.656687000	94.1294	389	1
1527801019.656774000	94.1295	260	1
1527801019.675322000	94.1481	87	0
1527801019.833540000	94.3063	303	0
1527801019.834950000	94.3077	148	0
1527801019.836631000	94.3094	106	1
1527801019.837428000	94.3102	92	0
1527801019.838887000	94.3116	288	0
1527801019.840610000	94.3133	103	1
1527801020.455481000	94.9282	388	1
1527801020.455542000	94.9283	261	1
1527801020.473223000	94.946	87	0
1527801020.568243000	95.041	256	0
1527801020.569675000	95.0424	148	0
1527801020.570730000	95.0435	106	1
1527801020.572507000	95.0452	92	0
1527801020.573916000	95.0466	93	0
1527801020.575719000	95.0484	103	1
1527801020.786290000	95.259	392	1
1527801020.786375000	95.2591	267	1
1527801020.804991000	95.2777	87	0
1527801020.912779000	95.3855	281	0
1527801020.914189000	95.3869	148	0
1527801020.915651000	95.3884	106	1
1527801020.916187000	95.3889	92	0
1527801020.917682000	95.3904	271	0
1527801020.918638000	95.3914	103	1
1527801021.117401000	95.5901	389	1
1527801021.117475000	95.5902	260	1
1527801021.135914000	95.6086	87	0
1527801021.236725000	95.7095	288	0
1527801021.238229000	95.711	148	0
1527801021.239751000	95.7125	106	1
1527801021.240298000	95.713	92	0
1527801021.241681000	95.7144	210	0
1527801021.242703000	95.7154	103	1
1527801021.529721000	96.0024	391	1
1527801021.529809000	96.0025	269	1
1527801021.547725000	96.0205	87	0
1527801021.642347000	96.1151	256	0
1527801021.643739000	96.1165	148	0
1527801021.645174000	96.1179	92	0
1527801021.645793000	96.1185	109	1
1527801021.646641000	96.1194	290	0
1527801021.649761000	96.1225	100	1
1527801022.126361000	96.5991	392	1
1527801022.126444000	96.5992	263	1
1527801022.144897000	96.6176	87	0
1527801022.240334000	96.7131	235	0
1527801022.241728000	96.7145	148	0
1527801022.242781000	96.7155	106	1
1527801022.244656000	96.7174	92	0
1527801022.246088000	96.7188	270	0
1527801022.247739000	96.7205	103	1
1527801022.367208000	96.8399	993	1
1527801022.367272000	96.84	260	1
1527801022.385434000	96.8582	87	0
1527801022.468554000	96.9413	256	0
1527801022.469919000	96.9426	148	0
1527801022.471826000	96.9446	106	1
1527801022.473021000	96.9457	92	0
1527801022.474496000	96.9472	172	0
1527801022.475787000	96.9485	103	1
1527801022.587291000	97.06	392	1
1527801022.587352000	97.0601	261	1
1527801022.605954000	97.0787	87	0
1527801022.694777000	97.1675	332	0
1527801022.696189000	97.1689	148	0
1527801022.697896000	97.1706	106	1
1527801022.698467000	97.1712	92	0
1527801022.699845000	97.1726	89	0
1527801022.700749000	97.1735	103	1
1527801022.871692000	97.3444	392	1
1527801022.871771000	97.3445	265	1
1527801022.889484000	97.3622	87	0
1527801022.978268000	97.451	233	0
1527801022.979695000	97.4524	148	0
1527801022.980841000	97.4536	106	1
1527801022.981856000	97.4546	92	0
1527801022.983358000	97.4561	339	0
1527801022.984785000	97.4575	103	1
1527801023.208293000	97.681	585	1
1527801023.208354000	97.6811	260	1
1527801023.226910000	97.6996	87	0
1527801023.312815000	97.7855	255	0
1527801023.314235000	97.787	148	0
1527801023.315874000	97.7886	106	1
1527801023.316158000	97.7889	92	0
1527801023.317653000	97.7904	292	0
1527801023.318801000	97.7915	103	1
1527801023.449273000	97.922	790	1
1527801023.449364000	97.9221	262	1
1527801023.479473000	97.9522	87	0
1527801023.560862000	98.0336	256	0
1527801023.562287000	98.035	148	0
1527801023.563889000	98.0366	106	1
1527801023.564845000	98.0376	92	0
1527801023.566275000	98.039	261	0
1527801023.567876000	98.0406	103	1
1527801023.718242000	98.191	388	1
1527801023.718339000	98.1911	261	1
1527801023.735891000	98.2086	87	0
1527801023.841535000	98.3143	233	0
1527801023.842887000	98.3156	148	0
1527801023.844863000	98.3176	92	0
1527801023.844935000	98.3177	106	1
1527801023.846335000	98.3191	87	0
1527801023.847891000	98.3206	103	1
1527801024.130985000	98.6037	388	1
1527801024.131053000	98.6038	261	1
1527801024.148673000	98.6214	87	0
1527801024.260150000	98.7329	232	0
1527801024.261577000	98.7343	148	0
1527801024.262918000	98.7356	106	1
1527801024.264675000	98.7374	92	0
1527801024.266076000	98.7388	311	0
1527801024.267914000	98.7406	103	1
1527801024.508255000	98.981	387	1
1527801024.508351000	98.9811	261	1
1527801024.525628000	98.9984	87	0
1527801024.672758000	99.1455	259	0
1527801024.674113000	99.1468	148	0
1527801024.675534000	99.1483	92	0
1527801024.675920000	99.1486	109	1
1527801024.676994000	99.1497	304	0
1527801024.679905000	99.1526	100	1
1527801025.038283000	99.511	389	1
1527801025.038349000	99.5111	262	1
1527801025.056352000	99.5291	87	0
1527801025.076964000	99.5497	87	0
1527801025.172480000	99.6452	233	0
1527801025.173900000	99.6466	148	0
1527801025.174959000	99.6477	109	1
1527801025.175337000	99.6481	92	0
1527801025.176776000	99.6495	294	0
1527801025.177904000	99.6506	103	1
1527801025.248274000	99.721	388	1
1527801025.248337000	99.7211	263	1
1527801025.270381000	99.7431	87	0
1527801025.357274000	99.83	302	0
1527801025.358691000	99.8314	148	0
1527801025.359976000	99.8327	106	1
1527801025.361374000	99.8341	92	0
1527801025.362808000	99.8355	154	0
1527801025.363905000	99.8366	103	1
1527801025.473197000	99.9459	387	1
1527801025.473276000	99.946	261	1
1527801025.491657000	99.9644	87	0
1527801025.597604000	100.07	255	0
1527801025.598978000	100.072	148	0
1527801025.600961000	100.074	106	1
1527801025.601611000	100.074	92	0
1527801025.603112000	100.076	305	0
1527801025.603913000	100.077	103	1
1527801025.829407000	100.302	387	1
1527801025.829472000	100.302	260	1
1527801025.855002000	100.328	87	0
1527801025.957506000	100.43	282	0
1527801025.958928000	100.432	148	0
1527801025.959972000	100.433	106	1
1527801025.962468000	100.435	92	0
1527801025.963941000	100.437	245	0
1527801025.964938000	100.438	103	1
1527801026.059134000	100.532	996	1
1527801026.059225000	100.532	259	1
1527801026.078308000	100.551	87	0
1527801026.186346000	100.659	290	0
1527801026.187823000	100.661	148	0
1527801026.188984000	100.662	106	1
1527801026.189725000	100.662	92	0
1527801026.191157000	100.664	85	0
1527801026.191946000	100.665	103	1
1527801026.288063000	100.761	388	1
1527801026.288129000	100.761	259	1
1527801026.306706000	100.779	87	0
1527801026.408095000	100.881	256	0
1527801026.409459000	100.882	148	0
1527801026.410993000	100.884	106	1
1527801026.412883000	100.886	92	0
1527801026.414316000	100.887	176	0
1527801026.415983000	100.889	103	1
1527801026.668851000	101.142	391	1
1527801026.668950000	101.142	264	1
1527801026.686747000	101.159	87	0
1527801026.767610000	101.24	232	0
1527801026.768986000	101.242	148	0
1527801026.770007000	101.243	106	1
1527801026.772334000	101.245	92	0
1527801026.773794000	101.247	230	0
1527801026.774990000	101.248	103	1
1527801027.002561000	101.475	586	1
1527801027.002704000	101.475	261	1
1527801027.019802000	101.493	87	0
1527801027.118804000	101.592	233	0
1527801027.120213000	101.593	148	0
1527801027.122056000	101.595	106	1
1527801027.123754000	101.596	92	0
1527801027.125194000	101.598	234	0
1527801027.126059000	101.599	103	1
1527801027.291326000	101.764	789	1
1527801027.291416000	101.764	260	1
1527801027.308918000	101.782	87	0
1527801027.390936000	101.864	332	0
1527801027.392401000	101.865	148	0
1527801027.394057000	101.867	106	1
1527801027.396133000	101.869	92	0
1527801027.397625000	101.87	283	0
1527801027.399055000	101.872	103	1
1527801027.560726000	102.033	389	1
1527801027.560791000	102.034	264	1
1527801027.578344000	102.051	87	0
1527801027.695500000	102.168	256	0
1527801027.696921000	102.17	148	0
1527801027.698129000	102.171	106	1
1527801027.706917000	102.18	92	0
1527801027.708442000	102.181	238	0
1527801027.710045000	102.183	103	1
1527801028.003778000	102.477	388	1
1527801028.003874000	102.477	264	1
1527801028.030988000	102.504	87	0
1527801028.122888000	102.596	255	0
1527801028.124285000	102.597	148	0
1527801028.126080000	102.599	106	1
1527801028.127375000	102.6	92	0
1527801028.128809000	102.602	189	0
1527801028.130071000	102.603	103	1
1527801028.451501000	102.924	388	1
1527801028.451566000	102.924	261	1
1527801028.468606000	102.941	87	0
1527801028.566553000	103.039	259	0
1527801028.567979000	103.041	148	0
1527801028.569169000	103.042	106	1
1527801028.570718000	103.043	92	0
1527801028.572132000	103.045	100	0
1527801028.573083000	103.046	103	1
1527801028.860299000	103.333	390	1
1527801028.860366000	103.333	259	1
1527801028.878970000	103.352	87	0
1527801029.018655000	103.491	236	0
1527801029.020077000	103.493	148	0
1527801029.021198000	103.494	106	1
1527801029.022718000	103.495	92	0
1527801029.024154000	103.497	339	0
1527801029.025110000	103.498	103	1
1527801029.541097000	104.014	393	1
1527801029.541183000	104.014	266	1
1527801029.561753000	104.034	87	0
1527801029.648125000	104.121	258	0
1527801029.649537000	104.122	148	0
1527801029.651235000	104.124	106	1
1527801029.651489000	104.124	92	0
1527801029.652922000	104.126	126	0
1527801029.654150000	104.127	103	1
1527801029.790587000	104.263	388	1
1527801029.790653000	104.263	261	1
1527801029.807552000	104.28	87	0
1527801029.895669000	104.368	235	0
1527801029.897082000	104.37	148	0
1527801029.898254000	104.371	106	1
1527801029.904813000	104.378	92	0
1527801029.906208000	104.379	192	0
1527801029.907182000	104.38	103	1
1527801030.050572000	104.523	393	1
1527801030.050668000	104.523	263	1
1527801030.068918000	104.542	87	0
1527801030.166591000	104.639	233	0
1527801030.168022000	104.641	148	0
1527801030.169265000	104.642	106	1
1527801030.169953000	104.643	92	0
1527801030.171447000	104.644	310	0
1527801030.172177000	104.645	103	1
1527801030.300670000	104.773	992	1
1527801030.300762000	104.773	263	1
1527801030.329484000	104.802	87	0
1527801030.428070000	104.901	328	0
1527801030.429460000	104.902	148	0
1527801030.431224000	104.904	106	1
1527801030.432276000	104.905	92	0
1527801030.433748000	104.906	308	0
1527801030.435212000	104.908	103	1
1527801030.621010000	105.094	388	1
1527801030.621086000	105.094	264	1
1527801030.639639000	105.112	87	0
1527801030.750937000	105.224	233	0
1527801030.752418000	105.225	148	0
1527801030.754288000	105.227	106	1
1527801030.755637000	105.228	92	0
1527801030.757075000	105.23	302	0
1527801030.758215000	105.231	103	1
1527801031.050362000	105.523	390	1
1527801031.050420000	105.523	259	1
1527801031.067943000	105.541	87	0
1527801031.236987000	105.71	281	0
1527801031.238514000	105.711	148	0
1527801031.240325000	105.713	106	1
1527801031.241633000	105.714	92	0
1527801031.243298000	105.716	298	0
1527801031.244242000	105.717	103	1
1527801031.852187000	106.325	588	1
1527801031.852286000	106.325	265	1
1527801031.878695000	106.351	87	0
1527801031.960722000	106.433	311	0
1527801031.962136000	106.435	148	0
1527801031.963368000	106.436	106	1
1527801031.963582000	106.436	92	0
1527801031.964964000	106.438	282	0
1527801031.966357000	106.439	103	1
1527801032.090741000	106.563	786	1
1527801032.090804000	106.564	263	1
1527801032.110186000	106.583	87	0
1527801032.207150000	106.68	233	0
1527801032.208553000	106.681	148	0
1527801032.210382000	106.683	106	1
1527801032.210615000	106.683	92	0
1527801032.212010000	106.685	152	0
1527801032.213365000	106.686	103	1
1527801032.306494000	106.779	388	1
1527801032.306580000	106.779	259	1
1527801032.324786000	106.798	87	0
1527801032.418363000	106.891	258	0
1527801032.419803000	106.893	148	0
1527801032.421396000	106.894	106	1
1527801032.422519000	106.895	92	0
1527801032.423919000	106.897	135	0
1527801032.425391000	106.898	103	1
1527801032.580826000	107.054	392	1
1527801032.580917000	107.054	262	1
1527801032.598285000	107.071	87	0
1527801032.679559000	107.152	233	0
1527801032.680922000	107.154	148	0
1527801032.682417000	107.155	106	1
1527801032.683054000	107.156	92	0
1527801032.684559000	107.157	249	0
1527801032.685323000	107.158	103	1
1527801032.841223000	107.314	392	1
1527801032.841322000	107.314	261	1
1527801032.859808000	107.333	87	0
1527801032.961805000	107.435	332	0
1527801032.963235000	107.436	148	0
1527801032.964421000	107.437	106	1
1527801032.964684000	107.437	92	0
1527801032.966121000	107.439	260	0
1527801032.967345000	107.44	103	1
1527801033.191263000	107.664	392	1
1527801033.191379000	107.664	267	1
1527801033.208315000	107.681	87	0
1527801033.336938000	107.81	233	0
1527801033.338554000	107.811	148	0
1527801033.339459000	107.812	106	1
1527801033.341405000	107.814	92	0
1527801033.342806000	107.816	316	0
1527801033.344455000	107.817	103	1
1527801033.481778000	107.955	392	1
1527801033.481840000	107.955	266	1
1527801033.500586000	107.973	87	0
1527801033.596932000	108.07	278	0
1527801033.598402000	108.071	148	0
1527801033.599480000	108.072	106	1
1527801033.600966000	108.074	92	0
1527801033.602421000	108.075	275	0
1527801033.603375000	108.076	103	1
1527801033.701636000	108.174	391	1
1527801033.701729000	108.174	260	1
1527801033.719429000	108.192	87	0
1527801033.802381000	108.275	232	0
1527801033.803808000	108.277	148	0
1527801033.805382000	108.278	106	1
1527801033.806105000	108.279	92	0
1527801033.807598000	108.28	252	0
1527801033.808421000	108.281	103	1
1527801034.014136000	108.487	995	1
1527801034.014229000	108.487	263	1
1527801034.032204000	108.505	87	0
1527801034.125825000	108.599	233	0
1527801034.127362000	108.6	148	0
1527801034.128518000	108.601	106	1
1527801034.130514000	108.603	92	0
1527801034.131935000	108.605	252	0
1527801034.133503000	108.606	103	1
1527801034.293635000	108.766	388	1
1527801034.293699000	108.766	259	1
1527801034.310854000	108.784	87	0
1527801034.406372000	108.879	256	0
1527801034.407864000	108.881	148	0
1527801034.409525000	108.882	106	1
1527801034.410481000	108.883	92	0
1527801034.411935000	108.885	105	0
1527801034.413514000	108.886	103	1
1527801034.543954000	109.017	388	1
1527801034.544042000	109.017	266	1
1527801034.561157000	109.034	87	0
1527801034.647498000	109.12	232	0
1527801034.648924000	109.122	148	0
1527801034.650548000	109.123	106	1
1527801034.652322000	109.125	92	0
1527801034.653748000	109.126	155	0
1527801034.655514000	109.128	103	1
1527801034.810943000	109.284	387	1
1527801034.811036000	109.284	261	1
1527801034.828178000	109.301	87	0
1527801034.932358000	109.405	235	0
1527801034.933779000	109.407	148	0
1527801034.935541000	109.408	106	1
1527801034.936107000	109.409	92	0
1527801034.937564000	109.41	245	0
1527801034.938451000	109.411	103	1
1527801035.156759000	109.629	587	1
1527801035.156836000	109.63	259	1
1527801035.185145000	109.658	87	0
1527801035.302473000	109.775	305	0
1527801035.303879000	109.777	148	0
1527801035.305470000	109.778	92	0
1527801035.305538000	109.778	106	1
1527801035.306932000	109.78	144	0
1527801035.308505000	109.781	103	1
1527801035.446164000	109.919	791	1
1527801035.446245000	109.919	264	1
1527801035.463484000	109.936	87	0
1527801035.550000000	110.023	256	0
1527801035.551410000	110.024	148	0
1527801035.552493000	110.025	106	1
1527801035.553566000	110.026	92	0
1527801035.554997000	110.028	268	0
1527801035.556490000	110.029	103	1
1527801035.757938000	110.231	388	1
1527801035.758026000	110.231	261	1
1527801035.775159000	110.248	87	0
1527801035.855516000	110.328	281	0
1527801035.856931000	110.33	148	0
1527801035.858541000	110.331	106	1
1527801035.859122000	110.332	92	0
1527801035.860553000	110.333	133	0
1527801035.861492000	110.334	103	1
1527801036.165920000	110.639	389	1
1527801036.166013000	110.639	260	1
1527801036.183342000	110.656	87	0
1527801036.287973000	110.761	286	0
1527801036.289448000	110.762	148	0
1527801036.290621000	110.763	106	1
1527801036.292400000	110.765	92	0
1527801036.293838000	110.767	294	0
1527801036.295608000	110.768	103	1
1527801036.326162000	110.799	92	0
1527801036.328571000	110.801	100	1
1527801036.525994000	110.999	386	1
1527801036.526084000	110.999	264	1
1527801036.546920000	111.02	87	0
1527801036.628605000	111.101	256	0
1527801036.630004000	111.103	148	0
1527801036.631643000	111.104	106	1
1527801036.632451000	111.105	92	0
1527801036.633884000	111.107	162	0
1527801036.635626000	111.108	103	1
1527801037.507071000	111.98	388	1
1527801037.507138000	111.98	264	1
1527801037.526514000	111.999	87	0
1527801037.624637000	112.097	258	0
1527801037.626020000	112.099	148	0
1527801037.627692000	112.1	106	1
1527801037.628920000	112.102	92	0
1527801037.630403000	112.103	246	0
1527801037.631609000	112.104	103	1
1527801038.068110000	112.541	393	1
1527801038.068172000	112.541	265	1
1527801038.085250000	112.558	87	0
1527801038.191415000	112.664	233	0
1527801038.192829000	112.666	148	0
1527801038.194654000	112.667	106	1
1527801038.195185000	112.668	92	0
1527801038.196617000	112.669	259	0
1527801038.197635000	112.67	103	1
1527801038.356907000	112.83	387	1
1527801038.356983000	112.83	264	1
1527801038.374490000	112.847	87	0
1527801038.477678000	112.95	355	0
1527801038.479102000	112.952	148	0
1527801038.480744000	112.953	106	1
1527801038.481385000	112.954	92	0
1527801038.482816000	112.956	178	0
1527801038.483653000	112.956	103	1
1527801038.800354000	113.273	997	1
1527801038.800419000	113.273	263	1
1527801038.818859000	113.292	87	0
1527801038.914572000	113.387	235	0
1527801038.916006000	113.389	148	0
1527801038.917776000	113.391	106	1
1527801038.917860000	113.391	92	0
1527801038.919351000	113.392	96	0
1527801038.920761000	113.393	103	1
1527801039.028945000	113.502	392	1
1527801039.029012000	113.502	260	1
1527801039.046378000	113.519	87	0
1527801039.128004000	113.601	259	0
1527801039.129413000	113.602	148	0
1527801039.130694000	113.603	106	1
1527801039.132103000	113.605	92	0
1527801039.133560000	113.606	213	0
1527801039.134719000	113.607	103	1
1527801039.259204000	113.732	395	1
1527801039.259280000	113.732	262	1
1527801039.276787000	113.75	87	0
1527801039.364439000	113.837	233	0
1527801039.365808000	113.839	148	0
1527801039.367387000	113.84	92	0
1527801039.367788000	113.841	109	1
1527801039.368815000	113.842	291	0
1527801039.371775000	113.845	100	1
1527801039.982687000	114.455	391	1
1527801039.982762000	114.455	261	1
1527801040.002183000	114.475	87	0
1527801040.104722000	114.577	259	0
1527801040.106131000	114.579	148	0
1527801040.107839000	114.581	106	1
1527801040.107935000	114.581	92	0
1527801040.109364000	114.582	104	0
1527801040.110846000	114.584	103	1
1527801040.189923000	114.663	584	1
1527801040.189984000	114.663	261	1
1527801040.207555000	114.68	87	0
1527801040.317451000	114.79	233	0
1527801040.318804000	114.792	148	0
1527801040.320435000	114.793	92	0
1527801040.320809000	114.794	109	1
1527801040.321827000	114.795	152	0
1527801040.324851000	114.798	100	1
1527801040.498921000	114.972	789	1
1527801040.499009000	114.972	259	1
1527801040.516509000	114.989	87	0
1527801040.608794000	115.082	254	0
1527801040.610215000	115.083	148	0
1527801040.611850000	115.085	106	1
1527801040.612897000	115.086	92	0
1527801040.614389000	115.087	220	0
1527801040.615772000	115.089	103	1
1527801040.989388000	115.462	390	1
1527801040.989458000	115.462	266	1
1527801041.007168000	115.48	87	0
1527801041.095041000	115.568	232	0
1527801041.096454000	115.569	148	0
1527801041.097915000	115.571	106	1
1527801041.099375000	115.572	92	0
1527801041.100803000	115.574	240	0
1527801041.101896000	115.575	103	1
1527801041.289511000	115.762	387	1
1527801041.289572000	115.762	263	1
1527801041.306377000	115.779	87	0
1527801041.385732000	115.858	301	0
1527801041.387157000	115.86	148	0
1527801041.388898000	115.862	92	0
1527801041.388955000	115.862	106	1
1527801041.390424000	115.863	224	0
1527801041.391921000	115.865	103	1
1527801041.803545000	116.276	386	1
1527801041.803608000	116.276	260	1
1527801041.820857000	116.294	87	0
1527801041.904542000	116.377	256	0
1527801041.905898000	116.379	148	0
1527801041.907446000	116.38	92	0
1527801041.907939000	116.381	109	1
1527801041.908895000	116.382	167	0
1527801041.911930000	116.385	100	1
1527801042.084214000	116.557	388	1
1527801042.084307000	116.557	259	1
1527801042.102894000	116.576	87	0
1527801042.198546000	116.671	282	0
