1527853149.448858000	0	301	1
1527853149.448892000	3.40939e-05	112	1
1527853149.462312000	0.013454	74	0
1527853149.462397000	0.0135391	74	0
1527853149.462493000	0.0136349	112	0
1527853149.662275000	0.213417	74	1
1527853149.885079000	0.436221	282	0
1527853149.885255000	0.436397	1294	0
1527853149.885286000	0.436428	74	1
1527853149.885709000	0.436851	1294	0
1527853149.885910000	0.437052	1294	0
1527853149.885922000	0.437064	74	1
1527853149.886038000	0.43718	770	0
1527853149.886380000	0.437522	1294	0
1527853149.886394000	0.437536	74	1
1527853149.886743000	0.437885	1294	0
1527853149.886922000	0.438064	1294	0
1527853149.886935000	0.438077	74	1
1527853149.887056000	0.438198	769	0
1527853149.888912000	0.440054	1294	0
1527853149.888968000	0.44011	74	1
1527853149.889156000	0.440298	1294	0
1527853149.889454000	0.440596	1294	0
1527853149.889465000	0.440607	74	1
1527853149.889545000	0.440687	527	0
1527853149.891494000	0.442636	1294	0
1527853149.891524000	0.442666	74	1
1527853149.891945000	0.443087	1294	0
1527853149.892064000	0.443206	1294	0
1527853149.892076000	0.443218	74	1
1527853149.892268000	0.44341	723	0
1527853149.892616000	0.443758	74	1
1527853149.893823000	0.444965	163	0
1527853149.920564000	0.471706	1294	0
1527853149.920624000	0.471766	74	1
1527853149.921102000	0.472244	1294	0
1527853149.921361000	0.472503	1294	0
1527853149.921373000	0.472515	74	1
1527853149.921714000	0.472856	1294	0
1527853149.921798000	0.47294	833	0
1527853149.921810000	0.472952	74	1
1527853149.922231000	0.473373	1294	0
1527853149.922326000	0.473468	1294	0
1527853149.922338000	0.47348	74	1
1527853149.922446000	0.473588	1294	0
1527853149.922690000	0.473832	1294	0
1527853149.922707000	0.473849	74	1
1527853149.922810000	0.473952	1294	0
1527853149.923050000	0.474192	1294	0
1527853149.923064000	0.474206	74	1
1527853149.923390000	0.474532	1294	0
1527853149.923459000	0.474601	194	0
1527853149.923471000	0.474613	74	1
1527853149.923632000	0.474774	1294	0
1527853149.923923000	0.475065	1294	0
1527853149.923938000	0.47508	74	1
1527853149.924022000	0.475164	639	0
1527853149.925580000	0.476722	1294	0
1527853149.925606000	0.476748	74	1
1527853149.925665000	0.476807	417	0
1527853149.927578000	0.47872	1294	0
1527853149.927609000	0.478751	74	1
1527853149.927940000	0.479082	1294	0
1527853149.928111000	0.479253	1294	0
1527853149.928132000	0.479274	74	1
1527853149.928232000	0.479374	660	0
1527853149.929039000	0.480181	1294	0
1527853149.929060000	0.480202	74	1
1527853149.929127000	0.480269	454	0
1527853149.930665000	0.481807	1294	0
1527853149.930691000	0.481833	74	1
1527853149.931015000	0.482157	1294	0
1527853149.931202000	0.482344	1294	0
1527853149.931217000	0.482359	74	1
1527853149.931546000	0.482688	1294	0
1527853149.931612000	0.482754	386	0
1527853149.931624000	0.482766	74	1
1527853149.934023000	0.485165	1294	0
1527853149.934201000	0.485343	1294	0
1527853149.934219000	0.485361	74	1
1527853149.934603000	0.485745	1294	0
1527853149.934793000	0.485935	1294	0
1527853149.934807000	0.485949	74	1
1527853149.934867000	0.486009	331	0
1527853149.935353000	0.486495	180	0
1527853149.935366000	0.486508	74	1
1527853149.935466000	0.486608	158	0
1527853149.935545000	0.486687	112	0
1527853149.935556000	0.486698	74	1
1527853149.936182000	0.487324	112	1
1527853149.988474000	0.539616	74	0
1527853150.362655000	0.913797	376	1
1527853150.362740000	0.913882	1434	1
1527853150.362745000	0.913887	896	1
1527853150.368227000	0.919369	223	1
1527853150.376778000	0.92792	74	0
1527853150.376869000	0.928011	74	0
1527853150.381184000	0.932326	74	0
1527853150.473774000	1.02492	280	0
1527853150.473894000	1.02504	1294	0
1527853150.473911000	1.02505	74	1
1527853150.473994000	1.02514	1294	0
1527853150.474085000	1.02523	1294	0
1527853150.474098000	1.02524	74	1
1527853150.474160000	1.0253	643	0
1527853150.474279000	1.02542	1294	0
1527853150.474290000	1.02543	74	1
1527853150.474372000	1.02551	1294	0
1527853150.474467000	1.02561	1294	0
1527853150.474480000	1.02562	74	1
1527853150.474539000	1.02568	184	0
1527853150.475468000	1.02661	250	0
1527853150.475485000	1.02663	74	1
1527853150.475562000	1.0267	258	0
1527853150.475664000	1.02681	112	0
1527853150.475676000	1.02682	74	1
1527853150.476607000	1.02775	112	1
1527853150.489817000	1.04096	74	0
1527853150.618616000	1.16976	222	1
1527853150.631550000	1.18269	74	0
1527853150.703564000	1.25471	424	0
1527853150.704681000	1.25582	104	0
1527853150.704706000	1.25585	74	1
1527853150.704775000	1.25592	112	0
1527853150.705451000	1.25659	112	1
1527853150.718135000	1.26928	74	0
1527853150.764325000	1.31547	427	0
1527853150.764439000	1.31558	1162	0
1527853150.764461000	1.3156	74	1
1527853150.768235000	1.31938	240	0
1527853150.768336000	1.31948	238	0
1527853150.768354000	1.3195	74	1
1527853150.768421000	1.31956	112	0
1527853150.768956000	1.3201	112	1
1527853150.781535000	1.33268	74	0
1527853152.310142000	2.86128	238	1
1527853152.322909000	2.87405	74	0
1527853152.410606000	2.96175	278	0
1527853152.410796000	2.96194	1294	0
1527853152.410821000	2.96196	74	1
1527853152.411233000	2.96237	1229	0
1527853152.412362000	2.9635	224	0
1527853152.412396000	2.96354	74	1
1527853152.412466000	2.96361	263	0
1527853152.412547000	2.96369	112	0
1527853152.412559000	2.9637	74	1
1527853152.421470000	2.97261	112	1
1527853152.434846000	2.98599	74	0
1527853153.362619000	3.91376	298	1
1527853153.362730000	3.91387	1434	1
1527853153.362735000	3.91388	1434	1
1527853153.362739000	3.91388	236	1
1527853153.362806000	3.91395	1434	1
1527853153.362820000	3.91396	1434	1
1527853153.362824000	3.91397	236	1
1527853153.362872000	3.91401	1434	1
1527853153.362878000	3.91402	1434	1
1527853153.362886000	3.91403	236	1
1527853153.362947000	3.91409	1434	1
1527853153.362951000	3.91409	1434	1
1527853153.362954000	3.9141	236	1
1527853153.375187000	3.92633	74	0
1527853153.375333000	3.92648	1434	1
1527853153.375340000	3.92648	1434	1
1527853153.375343000	3.92649	1434	1
1527853153.375347000	3.92649	1434	1
1527853153.375352000	3.92649	384	1
1527853153.376784000	3.92793	74	0
1527853153.376883000	3.92803	74	0
1527853153.378090000	3.92923	74	0
1527853153.378184000	3.92933	74	0
1527853153.378853000	3.93	74	0
1527853153.378935000	3.93008	74	0
1527853153.389642000	3.94078	74	0
1527853153.390330000	3.94147	74	0
1527853153.390411000	3.94155	74	0
1527853153.394505000	3.94565	74	0
1527853153.484411000	4.03555	420	0
1527853153.486793000	4.03794	104	0
1527853153.486818000	4.03796	74	1
1527853153.486896000	4.03804	112	0
1527853153.487348000	4.03849	112	1
1527853153.499970000	4.05111	74	0
1527853155.413369000	5.96451	331	1
1527853155.413466000	5.96461	1434	1
1527853155.413472000	5.96461	969	1
1527853155.416967000	5.96811	171	1
1527853155.427501000	5.97864	74	0
1527853155.427592000	5.97873	74	0
1527853155.427675000	5.97882	74	0
1527853155.431546000	5.98269	74	0
1527853155.582084000	6.13323	420	0
1527853155.583138000	6.13428	104	0
1527853155.583168000	6.13431	74	1
1527853155.583260000	6.1344	112	0
1527853155.583815000	6.13496	112	1
1527853155.596436000	6.14758	74	0
1527853155.843268000	6.39441	507	0
1527853155.843413000	6.39456	619	0
1527853155.843416000	6.39456	112	0
1527853155.843443000	6.39458	74	1
1527853155.844651000	6.39579	112	1
1527853155.847877000	6.39902	256	1
1527853155.861215000	6.41236	74	0
1527853155.861328000	6.41247	74	0
1527853156.330005000	6.88115	683	0
1527853156.330121000	6.88126	1294	0
1527853156.330143000	6.88128	74	1
1527853156.330568000	6.88171	1294	0
1527853156.330699000	6.88184	1294	0
1527853156.330713000	6.88186	74	1
1527853156.330851000	6.88199	848	0
1527853156.331207000	6.88235	1294	0
1527853156.331220000	6.88236	74	1
1527853156.331563000	6.8827	1294	0
1527853156.331631000	6.88277	444	0
1527853156.331643000	6.88279	74	1
1527853156.331763000	6.88291	1294	0
1527853156.332083000	6.88322	1294	0
1527853156.332095000	6.88324	74	1
1527853156.332497000	6.88364	1294	0
1527853156.332587000	6.88373	842	0
1527853156.332600000	6.88374	74	1
1527853156.333574000	6.88472	1294	0
1527853156.333662000	6.8848	221	0
1527853156.333678000	6.88482	74	1
1527853156.365296000	6.91644	1294	0
1527853156.365464000	6.91661	1294	0
1527853156.365485000	6.91663	74	1
1527853156.365878000	6.91702	1294	0
1527853156.365978000	6.91712	1294	0
1527853156.365993000	6.91714	74	1
1527853156.366092000	6.91723	1294	0
1527853156.366158000	6.9173	595	0
1527853156.366174000	6.91732	74	1
1527853156.366287000	6.91743	1294	0
1527853156.366611000	6.91775	1294	0
1527853156.366625000	6.91777	74	1
1527853156.366807000	6.91795	1294	0
1527853156.366893000	6.91804	762	0
1527853156.366904000	6.91805	74	1
1527853156.367219000	6.91836	1294	0
1527853156.367323000	6.91846	1294	0
1527853156.367335000	6.91848	74	1
1527853156.367430000	6.91857	1294	0
1527853156.367505000	6.91865	622	0
1527853156.367515000	6.91866	74	1
1527853156.367842000	6.91898	1294	0
1527853156.367925000	6.91907	662	0
1527853156.367935000	6.91908	74	1
1527853156.371607000	6.92275	1294	0
1527853156.371978000	6.92312	1294	0
1527853156.372007000	6.92315	74	1
1527853156.372508000	6.92365	1294	0
1527853156.372592000	6.92373	616	0
1527853156.372603000	6.92374	74	1
1527853156.373517000	6.92466	1294	0
1527853156.373598000	6.92474	414	0
1527853156.373611000	6.92475	74	1
1527853156.376369000	6.92751	1294	0
1527853156.376503000	6.92764	1294	0
1527853156.376522000	6.92766	74	1
1527853156.376857000	6.928	1294	0
1527853156.377074000	6.92822	1294	0
1527853156.377086000	6.92823	74	1
1527853156.377230000	6.92837	852	0
1527853156.377969000	6.92911	1294	0
1527853156.377985000	6.92913	74	1
1527853156.378311000	6.92945	1294	0
1527853156.378519000	6.92966	1294	0
1527853156.378532000	6.92967	74	1
1527853156.378862000	6.93	1294	0
1527853156.378931000	6.93007	631	0
1527853156.378942000	6.93008	74	1
1527853156.379664000	6.93081	1294	0
1527853156.379924000	6.93107	1294	0
1527853156.379939000	6.93108	74	1
1527853156.380000000	6.93114	330	0
1527853156.381036000	6.93218	953	0
1527853156.381057000	6.9322	74	1
1527853156.388635000	6.93978	74	1
1527853156.400604000	6.95175	1294	0
1527853156.401021000	6.95216	1294	0
1527853156.401044000	6.95219	74	1
1527853156.401829000	6.95297	369	0
1527853156.402179000	6.95332	1294	0
1527853156.402193000	6.95334	74	1
1527853156.403115000	6.95426	1294	0
1527853156.403240000	6.95438	862	0
1527853156.403253000	6.9544	74	1
1527853156.403337000	6.95448	422	0
1527853156.408624000	6.95977	112	1
1527853156.421251000	6.97239	74	0
1527853158.741854000	9.293	528	1
1527853158.741936000	9.29308	311	1
1527853158.747168000	9.29831	1276	1
1527853158.747265000	9.29841	1434	1
1527853158.747270000	9.29841	1434	1
1527853158.747274000	9.29842	236	1
1527853158.747321000	9.29846	800	1
1527853158.755149000	9.30629	74	0
1527853158.755241000	9.30638	74	0
1527853158.761616000	9.31276	74	0
1527853158.761746000	9.31289	74	0
1527853158.762546000	9.31369	74	0
1527853158.762632000	9.31377	74	0
1527853158.762738000	9.31388	74	0
1527853158.829405000	9.38055	387	1
1527853158.842077000	9.39322	74	0
1527853159.106615000	9.65776	423	0
1527853159.124101000	9.67524	104	0
1527853159.124130000	9.67527	74	1
1527853159.124485000	9.67563	112	0
1527853159.124648000	9.67579	112	1
1527853159.137181000	9.68832	74	0
1527853159.138876000	9.69002	280	0
1527853159.139193000	9.69034	1294	0
1527853159.139207000	9.69035	74	1
1527853159.139265000	9.69041	321	0
1527853159.140297000	9.69144	786	0
1527853159.140315000	9.69146	74	1
1527853159.142600000	9.69374	844	0
1527853159.143941000	9.69508	761	0
1527853159.143957000	9.6951	74	1
1527853159.145747000	9.69689	556	0
1527853159.147592000	9.69873	924	0
1527853159.147607000	9.69875	74	1
1527853159.149571000	9.70071	639	0
1527853159.151432000	9.70257	980	0
1527853159.151457000	9.7026	74	1
1527853159.154150000	9.70529	855	0
1527853159.155365000	9.70651	746	0
1527853159.155379000	9.70652	74	1
1527853159.157199000	9.70834	483	0
1527853159.159305000	9.71045	917	0
1527853159.159320000	9.71046	74	1
1527853159.160715000	9.71186	641	0
1527853159.162525000	9.71367	633	0
1527853159.162539000	9.71368	74	1
1527853159.164806000	9.71595	725	0
1527853159.165510000	9.71665	845	0
1527853159.165524000	9.71667	74	1
1527853159.166508000	9.71765	730	0
1527853159.175702000	9.72684	265	0
1527853159.175719000	9.72686	74	1
1527853159.176126000	9.72727	257	0
1527853159.176190000	9.72733	112	0
1527853159.176201000	9.72734	74	1
1527853159.176567000	9.72771	112	1
1527853159.181484000	9.73263	283	0
1527853159.181583000	9.73272	255	0
1527853159.181596000	9.73274	74	1
1527853159.187815000	9.73896	356	0
1527853159.228634000	9.77978	74	0
1527853159.386720000	9.93786	74	1
1527853159.697490000	10.2486	425	1
1527853159.697566000	10.2487	126	1
1527853159.699515000	10.2507	308	1
1527853159.701914000	10.2531	481	1
1527853159.710425000	10.2616	74	0
1527853159.710519000	10.2617	74	0
1527853159.712751000	10.2639	74	0
1527853159.715107000	10.2662	74	0
1527853160.058957000	10.6101	281	0
1527853160.059064000	10.6102	204	0
1527853160.059083000	10.6102	74	1
1527853160.065433000	10.6166	349	0
1527853160.065519000	10.6167	340	0
1527853160.065537000	10.6167	74	1
1527853160.065633000	10.6168	112	0
1527853160.065952000	10.6171	112	1
1527853160.078760000	10.6299	74	0
1527853160.097385000	10.6485	281	0
1527853160.097648000	10.6488	265	0
1527853160.097669000	10.6488	74	1
1527853160.103186000	10.6543	292	0
1527853160.103292000	10.6544	186	0
1527853160.103312000	10.6545	74	1
1527853160.103446000	10.6546	112	0
1527853160.103959000	10.6551	112	1
1527853160.156440000	10.7076	281	0
1527853160.156549000	10.7077	386	0
1527853160.156568000	10.7077	74	1
1527853160.161443000	10.7126	115	0
1527853160.161545000	10.7127	193	0
1527853160.161564000	10.7127	74	1
1527853160.162099000	10.7132	112	0
1527853160.162254000	10.7134	112	1
1527853160.214677000	10.7658	74	0
1527853161.020231000	11.5714	397	1
1527853161.020278000	11.5714	279	1
1527853161.022505000	11.5736	440	1
1527853161.022582000	11.5737	111	1
1527853161.033552000	11.5847	74	0
1527853161.033658000	11.5848	74	0
1527853161.035453000	11.5866	74	0
1527853161.035548000	11.5867	74	0
1527853161.488528000	12.0397	284	0
1527853161.488635000	12.0398	462	0
1527853161.488654000	12.0398	74	1
1527853161.502295000	12.0534	349	0
1527853161.502391000	12.0535	112	0
1527853161.502410000	12.0536	74	1
1527853161.503541000	12.0547	112	1
1527853161.516473000	12.0676	74	0
1527853161.691877000	12.243	411	1
1527853161.691976000	12.2431	1434	1
1527853161.691982000	12.2431	1434	1
1527853161.691985000	12.2431	236	1
1527853161.692041000	12.2432	1434	1
1527853161.692048000	12.2432	1434	1
1527853161.692053000	12.2432	236	1
1527853161.692120000	12.2433	1434	1
1527853161.692125000	12.2433	1434	1
1527853161.692128000	12.2433	236	1
1527853161.692192000	12.2433	1434	1
1527853161.692197000	12.2433	1434	1
1527853161.692200000	12.2433	236	1
1527853161.704494000	12.2556	74	0
1527853161.704698000	12.2558	1434	1
1527853161.704704000	12.2558	1434	1
1527853161.704708000	12.2559	1434	1
1527853161.704711000	12.2559	1434	1
1527853161.704715000	12.2559	1434	1
1527853161.704719000	12.2559	1434	1
1527853161.704723000	12.2559	1434	1
1527853161.704727000	12.2559	1434	1
1527853161.704731000	12.2559	1434	1
1527853161.704741000	12.2559	1434	1
1527853161.704746000	12.2559	1000	1
1527853161.706866000	12.258	74	0
1527853161.706872000	12.258	74	0
1527853161.707031000	12.2582	1434	1
1527853161.707037000	12.2582	1434	1
1527853161.707042000	12.2582	236	1
1527853161.708168000	12.2593	74	0
1527853161.708253000	12.2594	74	0
1527853161.708331000	12.2595	74	0
1527853161.708417000	12.2596	74	0
1527853161.708459000	12.2596	1434	1
1527853161.708463000	12.2596	1434	1
1527853161.708466000	12.2596	1434	1
1527853161.708470000	12.2596	1434	1
1527853161.708474000	12.2596	1434	1
1527853161.708478000	12.2596	1434	1
1527853161.708481000	12.2596	1434	1
1527853161.708484000	12.2596	1434	1
1527853161.708491000	12.2596	1434	1
1527853161.708495000	12.2596	74	0
1527853161.708494000	12.2596	1434	1
1527853161.708518000	12.2597	1000	1
1527853161.708566000	12.2597	74	0
1527853161.708628000	12.2598	1434	1
1527853161.708632000	12.2598	105	1
1527853161.718837000	12.27	74	0
1527853161.718984000	12.2701	74	0
1527853161.719153000	12.2703	74	0
1527853161.719233000	12.2704	74	0
1527853161.720027000	12.2712	74	0
1527853161.720125000	12.2713	74	0
1527853161.720205000	12.2713	74	0
1527853161.720417000	12.2716	74	0
1527853161.724208000	12.2754	74	0
1527853161.724651000	12.2758	74	0
1527853161.725027000	12.2762	74	0
1527853161.725126000	12.2763	74	0
1527853161.725470000	12.2766	74	0
1527853161.725893000	12.277	74	0
1527853161.725971000	12.2771	74	0
1527853161.726066000	12.2772	74	0
1527853162.086502000	12.6376	283	0
1527853162.086612000	12.6378	216	0
1527853162.086630000	12.6378	74	1
1527853162.092156000	12.6433	256	0
1527853162.092234000	12.6434	291	0
1527853162.092248000	12.6434	74	1
1527853162.092356000	12.6435	112	0
1527853162.092648000	12.6438	112	1
1527853162.105585000	12.6567	74	0
1527853162.144224000	12.6954	421	0
1527853162.173889000	12.725	104	0
1527853162.173949000	12.7251	74	1
1527853162.174064000	12.7252	112	0
1527853162.174664000	12.7258	112	1
1527853162.221919000	12.7731	365	1
1527853162.223848000	12.775	300	1
1527853162.232520000	12.7837	74	0
1527853162.234711000	12.7859	74	0
1527853162.236781000	12.7879	74	0
1527853162.288227000	12.8394	382	1
1527853162.289807000	12.8409	329	1
1527853162.289881000	12.841	285	1
1527853162.301647000	12.8528	74	0
1527853162.302819000	12.854	74	0
1527853162.302911000	12.8541	74	0
1527853162.473098000	13.0242	584	0
1527853162.473206000	13.0243	911	0
1527853162.473226000	13.0244	74	1
1527853162.474821000	13.026	149	0
1527853162.474900000	13.026	247	0
1527853162.474914000	13.0261	74	1
1527853162.475027000	13.0262	112	0
1527853162.475966000	13.0271	112	1
1527853162.490657000	13.0418	74	0
1527853162.589052000	13.1402	283	0
1527853162.589170000	13.1403	257	0
1527853162.589198000	13.1403	74	1
1527853162.593719000	13.1449	281	0
1527853162.593839000	13.145	430	0
1527853162.593861000	13.145	74	1
1527853162.595490000	13.1466	279	0
1527853162.595919000	13.1471	270	0
1527853162.595941000	13.1471	74	1
1527853162.596010000	13.1472	112	0
1527853162.596450000	13.1476	112	1
1527853162.598955000	13.1501	321	0
1527853162.599048000	13.1502	221	0
1527853162.599060000	13.1502	74	1
1527853162.611917000	13.1631	74	0
1527853162.672231000	13.2234	283	0
1527853162.672381000	13.2235	181	0
1527853162.672411000	13.2236	74	1
1527853162.678525000	13.2297	233	0
1527853162.678614000	13.2298	269	0
1527853162.678632000	13.2298	74	1
1527853162.678697000	13.2298	112	0
1527853162.679100000	13.2302	112	1
1527853162.702362000	13.2535	74	0
1527853162.706762000	13.2579	397	1
1527853162.706838000	13.258	280	1
1527853162.719390000	13.2705	74	0
1527853162.719708000	13.2708	74	0
1527853163.070987000	13.6221	283	0
1527853163.071100000	13.6222	277	0
1527853163.071124000	13.6223	74	1
1527853163.076033000	13.6272	211	0
1527853163.076115000	13.6273	151	0
1527853163.076137000	13.6273	74	1
1527853163.076222000	13.6274	112	0
1527853163.076600000	13.6277	112	1
1527853163.093862000	13.645	74	0
1527853163.323010000	13.8742	397	1
1527853163.323095000	13.8742	273	1
1527853163.337030000	13.8882	74	0
1527853163.337099000	13.8882	74	0
1527853163.692171000	14.2433	283	0
1527853163.692292000	14.2434	420	0
1527853163.692315000	14.2435	74	1
1527853163.697512000	14.2487	203	0
1527853163.697587000	14.2487	262	0
1527853163.697600000	14.2487	74	1
1527853163.697706000	14.2488	112	0
1527853163.697981000	14.2491	112	1
1527853163.710990000	14.2621	74	0
1527853163.744645000	14.2958	398	1
1527853163.744724000	14.2959	282	1
1527853163.757860000	14.309	74	0
1527853163.757863000	14.309	74	0
1527853164.123728000	14.6749	280	0
1527853164.123732000	14.6749	278	0
1527853164.123803000	14.6749	74	1
1527853164.129551000	14.6807	232	0
1527853164.129649000	14.6808	337	0
1527853164.129651000	14.6808	112	0
1527853164.129672000	14.6808	74	1
1527853164.130144000	14.6813	112	1
1527853164.144261000	14.6954	74	0
1527853164.302473000	14.8536	547	1
1527853164.302551000	14.8537	276	1
1527853164.315242000	14.8664	74	0
1527853164.315438000	14.8666	74	0
1527853164.675489000	15.2266	280	0
1527853164.675611000	15.2268	241	0
1527853164.675625000	15.2268	74	1
1527853164.682492000	15.2336	215	0
1527853164.682905000	15.234	291	0
1527853164.682925000	15.2341	74	1
1527853164.683002000	15.2341	112	0
1527853164.683436000	15.2346	112	1
1527853164.696535000	15.2477	74	0
1527853164.852474000	15.4036	1364	1
1527853164.852525000	15.4037	271	1
1527853164.865926000	15.4171	74	0
1527853164.866082000	15.4172	74	0
1527853165.250487000	15.8016	283	0
1527853165.250593000	15.8017	320	0
1527853165.250607000	15.8017	74	1
1527853165.257136000	15.8083	341	0
1527853165.257208000	15.8084	305	0
1527853165.257229000	15.8084	74	1
1527853165.257322000	15.8085	112	0
1527853165.257667000	15.8088	112	1
1527853165.270585000	15.8217	74	0
1527853165.512552000	16.0637	416	1
1527853165.512638000	16.0638	271	1
1527853165.525438000	16.0766	74	0
1527853165.525520000	16.0767	74	0
1527853165.901840000	16.453	283	0
1527853165.902073000	16.4532	189	0
1527853165.902088000	16.4532	74	1
1527853165.907566000	16.4587	363	0
1527853165.907655000	16.4588	299	0
1527853165.907672000	16.4588	74	1
1527853165.907741000	16.4589	112	0
1527853165.908134000	16.4593	112	1
1527853165.913277000	16.4644	397	1
1527853165.913319000	16.4645	269	1
1527853165.921082000	16.4722	74	0
1527853165.926015000	16.4772	74	0
1527853165.926596000	16.4777	74	0
1527853166.312801000	16.8639	281	0
1527853166.312916000	16.8641	346	0
1527853166.312942000	16.8641	74	1
1527853166.324541000	16.8757	334	0
1527853166.324631000	16.8758	207	0
1527853166.324648000	16.8758	74	1
1527853166.324711000	16.8759	112	0
1527853166.325128000	16.8763	112	1
1527853166.337812000	16.889	74	0
1527853166.532557000	17.0837	413	1
1527853166.532629000	17.0838	274	1
1527853166.545634000	17.0968	74	0
1527853166.545786000	17.0969	74	0
1527853166.914938000	17.4661	284	0
1527853166.915056000	17.4662	349	0
1527853166.915076000	17.4662	74	1
1527853166.921184000	17.4723	281	0
1527853166.921273000	17.4724	337	0
1527853166.921289000	17.4724	74	1
1527853166.921357000	17.4725	112	0
1527853166.921744000	17.4729	112	1
1527853166.934079000	17.4852	74	0
1527853167.039048000	17.5902	430	1
1527853167.039159000	17.5903	273	1
1527853167.052150000	17.6033	74	0
1527853167.052259000	17.6034	74	0
1527853167.418710000	17.9699	280	0
1527853167.418826000	17.97	278	0
1527853167.418848000	17.97	74	1
1527853167.424603000	17.9757	194	0
1527853167.424953000	17.9761	279	0
1527853167.424976000	17.9761	74	1
1527853167.425053000	17.9762	112	0
1527853167.425494000	17.9766	112	1
1527853167.438498000	17.9896	74	0
1527853167.553499000	18.1046	392	1
1527853167.553586000	18.1047	274	1
1527853167.566241000	18.1174	74	0
1527853167.566547000	18.1177	74	0
1527853167.931725000	18.4829	283	0
1527853167.931860000	18.483	335	0
1527853167.931889000	18.483	74	1
1527853167.937498000	18.4886	197	0
1527853167.937869000	18.489	234	0
1527853167.937891000	18.489	74	1
1527853167.937960000	18.4891	112	0
1527853167.938389000	18.4895	112	1
1527853167.951354000	18.5025	74	0
1527853167.980570000	18.5317	396	1
1527853167.980624000	18.5318	275	1
1527853167.994077000	18.5452	74	0
1527853167.994231000	18.5454	74	0
1527853168.171033000	18.7222	283	0
1527853168.171170000	18.7223	426	0
1527853168.171202000	18.7223	74	1
1527853168.176930000	18.7281	209	0
1527853168.177215000	18.7284	201	0
1527853168.177237000	18.7284	74	1
1527853168.177324000	18.7285	112	0
1527853168.177660000	18.7288	112	1
1527853168.190246000	18.7414	74	0
1527853168.231316000	18.7825	393	1
1527853168.231393000	18.7825	274	1
1527853168.244638000	18.7958	74	0
1527853168.244730000	18.7959	74	0
1527853168.624191000	19.1753	280	0
1527853168.624311000	19.1755	302	0
1527853168.624340000	19.1755	74	1
1527853168.630584000	19.1817	304	0
1527853168.630586000	19.1817	117	0
1527853168.630621000	19.1818	74	1
1527853168.630694000	19.1818	112	0
1527853168.631160000	19.1823	112	1
1527853168.645406000	19.1965	74	0
1527853168.774992000	19.3261	392	1
1527853168.775070000	19.3262	276	1
1527853168.788395000	19.3395	74	0
1527853168.793324000	19.3445	74	0
1527853169.147063000	19.6982	281	0
1527853169.147177000	19.6983	197	0
1527853169.147196000	19.6983	74	1
1527853169.152502000	19.7036	218	0
1527853169.152579000	19.7037	297	0
1527853169.152596000	19.7037	74	1
1527853169.152699000	19.7038	112	0
1527853169.152973000	19.7041	112	1
1527853169.165390000	19.7165	74	0
1527853169.306943000	19.8581	392	1
1527853169.307029000	19.8582	275	1
1527853169.322456000	19.8736	74	0
1527853169.322609000	19.8738	74	0
1527853169.484714000	20.0359	283	0
1527853169.484833000	20.036	307	0
1527853169.484857000	20.036	74	1
1527853169.490504000	20.0416	114	0
1527853169.490599000	20.0417	321	0
1527853169.490614000	20.0418	74	1
1527853169.490682000	20.0418	112	0
1527853169.491094000	20.0422	112	1
1527853169.504245000	20.0554	74	0
1527853169.755901000	20.307	397	1
1527853169.755978000	20.3071	273	1
1527853169.769774000	20.3209	74	0
1527853169.769872000	20.321	74	0
1527853170.130278000	20.6814	280	0
1527853170.130394000	20.6815	330	0
1527853170.130417000	20.6816	74	1
1527853170.136948000	20.6881	130	0
1527853170.137052000	20.6882	249	0
1527853170.137067000	20.6882	74	1
1527853170.137132000	20.6883	112	0
1527853170.137504000	20.6886	112	1
1527853170.167871000	20.719	74	0
1527853170.226893000	20.778	545	1
1527853170.226952000	20.7781	275	1
1527853170.240344000	20.7915	74	0
1527853170.240486000	20.7916	74	0
1527853170.597596000	21.1487	281	0
1527853170.597705000	21.1488	377	0
1527853170.597719000	21.1489	74	1
1527853170.604181000	21.1553	312	0
1527853170.604255000	21.1554	211	0
1527853170.604270000	21.1554	74	1
1527853170.604336000	21.1555	112	0
1527853170.605533000	21.1567	112	1
1527853170.620204000	21.1713	74	0
1527853170.658537000	21.2097	1360	1
1527853170.658611000	21.2098	274	1
1527853170.673655000	21.2248	74	0
1527853170.678045000	21.2292	74	0
1527853171.030740000	21.5819	283	0
1527853171.030847000	21.582	412	0
1527853171.030872000	21.582	74	1
1527853171.038853000	21.59	316	0
1527853171.038941000	21.5901	246	0
1527853171.038958000	21.5901	74	1
1527853171.039035000	21.5902	112	0
1527853171.039383000	21.5905	112	1
1527853171.063440000	21.6146	74	0
1527853171.229961000	21.7811	416	1
1527853171.230017000	21.7812	275	1
1527853171.243811000	21.795	74	0
1527853171.244585000	21.7957	74	0
1527853171.612671000	22.1638	284	0
1527853171.612774000	22.1639	284	0
1527853171.612796000	22.1639	74	1
1527853171.619439000	22.1706	124	0
1527853171.619531000	22.1707	247	0
1527853171.619546000	22.1707	74	1
1527853171.619627000	22.1708	112	0
1527853171.619964000	22.1711	112	1
1527853171.634076000	22.1852	74	0
1527853175.930830000	26.482	398	1
1527853175.930885000	26.482	271	1
1527853175.943934000	26.4951	74	0
1527853175.944089000	26.4952	74	0
1527853176.326377000	26.8775	284	0
1527853176.326507000	26.8776	264	0
1527853176.326525000	26.8777	74	1
1527853176.332229000	26.8834	214	0
1527853176.332326000	26.8835	293	0
1527853176.332342000	26.8835	74	1
1527853176.332418000	26.8836	112	0
1527853176.332756000	26.8839	112	1
1527853176.345821000	26.897	74	0
1527853176.709843000	27.261	394	1
1527853176.709899000	27.261	273	1
1527853176.723045000	27.2742	74	0
1527853176.723138000	27.2743	74	0
1527853177.080503000	27.6316	283	0
1527853177.080610000	27.6318	191	0
1527853177.080630000	27.6318	74	1
1527853177.088810000	27.64	130	0
1527853177.089263000	27.6404	291	0
1527853177.089286000	27.6404	74	1
1527853177.089360000	27.6405	112	0
1527853177.089782000	27.6409	112	1
1527853177.102572000	27.6537	74	0
1527853177.156337000	27.7075	414	1
1527853177.156392000	27.7075	272	1
1527853177.169778000	27.7209	74	0
1527853177.169875000	27.721	74	0
1527853177.538933000	28.0901	284	0
1527853177.539036000	28.0902	238	0
1527853177.539051000	28.0902	74	1
1527853177.544810000	28.096	321	0
1527853177.544902000	28.096	327	0
1527853177.544919000	28.0961	74	1
1527853177.544985000	28.0961	112	0
1527853177.545458000	28.0966	112	1
1527853177.558411000	28.1096	74	0
1527853177.757086000	28.3082	433	1
1527853177.757143000	28.3083	274	1
1527853177.770013000	28.3212	74	0
1527853177.770131000	28.3213	74	0
1527853178.141799000	28.6929	281	0
1527853178.141986000	28.6931	309	0
1527853178.142006000	28.6931	74	1
1527853178.147562000	28.6987	185	0
1527853178.147659000	28.6988	178	0
1527853178.147678000	28.6988	74	1
1527853178.147746000	28.6989	112	0
1527853178.148308000	28.6995	112	1
1527853178.160919000	28.7121	74	0
1527853178.338765000	28.8899	397	1
1527853178.338821000	28.89	278	1
1527853178.352285000	28.9034	74	0
1527853178.352441000	28.9036	74	0
1527853178.725472000	29.2766	281	0
1527853178.725583000	29.2767	303	0
1527853178.725612000	29.2768	74	1
1527853178.729417000	29.2806	313	0
1527853178.729509000	29.2807	340	0
1527853178.729528000	29.2807	74	1
1527853178.729594000	29.2807	112	0
1527853178.729993000	29.2811	112	1
1527853178.743254000	29.2944	74	0
1527853178.793397000	29.3445	396	1
1527853178.793475000	29.3446	280	1
1527853178.806644000	29.3578	74	0
1527853178.806802000	29.3579	74	0
1527853179.185506000	29.7366	280	0
1527853179.185625000	29.7368	407	0
1527853179.185653000	29.7368	74	1
1527853179.192035000	29.7432	248	0
1527853179.192270000	29.7434	196	0
1527853179.192290000	29.7434	74	1
1527853179.192398000	29.7435	112	0
1527853179.192749000	29.7439	112	1
1527853179.206793000	29.7579	74	0
1527853179.303625000	29.8548	394	1
1527853179.303667000	29.8548	275	1
1527853179.317176000	29.8683	74	0
1527853179.317284000	29.8684	74	0
1527853179.455099000	30.0062	283	0
1527853179.455205000	30.0063	246	0
1527853179.455222000	30.0064	74	1
1527853179.460893000	30.012	250	0
1527853179.460978000	30.0121	226	0
1527853179.460992000	30.0121	74	1
1527853179.461081000	30.0122	112	0
1527853179.461457000	30.0126	112	1
1527853179.474310000	30.0255	74	0
1527853180.668229000	31.2194	393	1
1527853180.668276000	31.2194	275	1
1527853180.681661000	31.2328	74	0
1527853180.681759000	31.2329	74	0
1527853181.029606000	31.5807	283	0
1527853181.029719000	31.5809	420	0
1527853181.029748000	31.5809	74	1
1527853181.035235000	31.5864	149	0
1527853181.035323000	31.5865	229	0
1527853181.035340000	31.5865	74	1
1527853181.035681000	31.5868	112	0
1527853181.035807000	31.5869	112	1
1527853181.048215000	31.5994	74	0
1527853181.147107000	31.6982	396	1
1527853181.147164000	31.6983	276	1
1527853181.160694000	31.7118	74	0
1527853181.160859000	31.712	74	0
1527853181.533464000	32.0846	280	0
1527853181.533574000	32.0847	408	0
1527853181.533592000	32.0847	74	1
1527853181.540087000	32.0912	184	0
1527853181.540187000	32.0913	115	0
1527853181.540190000	32.0913	112	0
1527853181.540208000	32.0914	74	1
1527853181.540638000	32.0918	112	1
1527853181.553760000	32.1049	74	0
1527853181.594040000	32.1452	549	1
1527853181.594119000	32.1453	273	1
1527853181.606980000	32.1581	74	0
1527853181.607396000	32.1585	74	0
1527853181.986214000	32.5374	283	0
1527853181.986417000	32.5376	255	0
1527853181.986436000	32.5376	74	1
1527853181.993716000	32.5449	307	0
1527853181.994058000	32.5452	190	0
1527853181.994076000	32.5452	74	1
1527853181.994184000	32.5453	112	0
1527853181.994509000	32.5457	112	1
1527853182.010847000	32.562	74	0
1527853182.033946000	32.5851	1361	1
1527853182.033996000	32.5851	272	1
1527853182.047652000	32.5988	74	0
1527853182.047814000	32.599	74	0
1527853182.435933000	32.9871	283	0
1527853182.436048000	32.9872	231	0
1527853182.436075000	32.9872	74	1
1527853182.442094000	32.9932	363	0
1527853182.442244000	32.9934	350	0
1527853182.442261000	32.9934	74	1
1527853182.442358000	32.9935	112	0
1527853182.442677000	32.9938	112	1
1527853182.456805000	33.0079	74	0
1527853182.928367000	33.4795	416	1
1527853182.928452000	33.4796	274	1
1527853182.941699000	33.4928	74	0
1527853182.941858000	33.493	74	0
1527853183.090510000	33.6417	280	0
1527853183.090628000	33.6418	346	0
1527853183.090651000	33.6418	74	1
1527853183.095907000	33.647	122	0
1527853183.096003000	33.6471	328	0
1527853183.096020000	33.6472	74	1
1527853183.096089000	33.6472	112	0
1527853183.096565000	33.6477	112	1
1527853183.109294000	33.6604	74	0
1527853183.237183000	33.7883	392	1
1527853183.237240000	33.7884	273	1
1527853183.250914000	33.8021	74	0
1527853183.251035000	33.8022	74	0
1527853183.619005000	34.1701	283	0
1527853183.619119000	34.1703	231	0
1527853183.619136000	34.1703	74	1
1527853183.637085000	34.1882	316	0
1527853183.637176000	34.1883	260	0
1527853183.637200000	34.1883	74	1
1527853183.637276000	34.1884	112	0
1527853183.637684000	34.1888	112	1
1527853183.651772000	34.2029	74	0
1527853183.690318000	34.2415	393	1
1527853183.690374000	34.2415	273	1
1527853183.702935000	34.2541	74	0
1527853183.704089000	34.2552	74	0
1527853184.069307000	34.6204	283	0
1527853184.069414000	34.6206	265	0
1527853184.069429000	34.6206	74	1
1527853184.074833000	34.626	352	0
1527853184.074916000	34.6261	315	0
1527853184.074936000	34.6261	74	1
1527853184.075088000	34.6262	112	0
1527853184.075467000	34.6266	112	1
1527853184.090658000	34.6418	74	0
1527853184.150213000	34.7014	410	1
1527853184.150286000	34.7014	275	1
1527853184.163020000	34.7142	74	0
1527853184.163306000	34.7144	74	0
1527853184.526158000	35.0773	281	0
1527853184.526270000	35.0774	358	0
1527853184.526289000	35.0774	74	1
1527853184.532477000	35.0836	266	0
1527853184.532580000	35.0837	314	0
1527853184.532637000	35.0838	74	1
1527853184.532721000	35.0839	112	0
1527853184.533368000	35.0845	112	1
1527853184.546751000	35.0979	74	0
1527853184.569399000	35.1205	433	1
1527853184.569473000	35.1206	279	1
1527853184.582346000	35.1335	74	0
1527853184.582433000	35.1336	74	0
1527853184.931017000	35.4822	283	0
1527853184.931139000	35.4823	208	0
1527853184.931164000	35.4823	74	1
1527853184.938893000	35.49	149	0
1527853184.938927000	35.4901	321	0
1527853184.938945000	35.4901	74	1
1527853184.939029000	35.4902	112	0
1527853184.939433000	35.4906	112	1
1527853184.953021000	35.5042	74	0
1527853185.191509000	35.7427	398	1
1527853185.191595000	35.7427	278	1
1527853185.204162000	35.7553	74	0
1527853185.205126000	35.7563	74	0
1527853185.588637000	36.1398	283	0
1527853185.588748000	36.1399	190	0
1527853185.588766000	36.1399	74	1
1527853185.594287000	36.1454	144	0
1527853185.594377000	36.1455	143	0
1527853185.594399000	36.1455	74	1
1527853185.594737000	36.1459	112	0
1527853185.594874000	36.146	112	1
1527853185.608465000	36.1596	74	0
1527853185.823561000	36.3747	394	1
1527853185.823637000	36.3748	273	1
1527853185.836654000	36.3878	74	0
1527853185.836820000	36.388	74	0
1527853186.224726000	36.7759	284	0
1527853186.224729000	36.7759	253	0
1527853186.224800000	36.7759	74	1
1527853186.231251000	36.7824	360	0
1527853186.231344000	36.7825	184	0
1527853186.231360000	36.7825	74	1
1527853186.231430000	36.7826	112	0
1527853186.231782000	36.7829	112	1
1527853186.244088000	36.7952	74	0
1527853186.414439000	36.9656	398	1
1527853186.414483000	36.9656	277	1
1527853186.429276000	36.9804	74	0
1527853186.429428000	36.9806	74	0
1527853186.891712000	37.4429	284	0
1527853186.891828000	37.443	316	0
1527853186.891858000	37.443	74	1
1527853186.898271000	37.4494	264	0
1527853186.898669000	37.4498	178	0
1527853186.898699000	37.4498	74	1
1527853186.898771000	37.4499	112	0
1527853186.899358000	37.4505	112	1
1527853186.912005000	37.4631	74	0
1527853187.515553000	38.0667	397	1
1527853187.515640000	38.0668	274	1
1527853187.528295000	38.0794	74	0
1527853187.528610000	38.0798	74	0
1527853187.911538000	38.4627	283	0
1527853187.911665000	38.4628	325	0
1527853187.911693000	38.4628	74	1
1527853187.918851000	38.47	221	0
1527853187.918941000	38.4701	353	0
1527853187.918956000	38.4701	74	1
1527853187.919054000	38.4702	112	0
1527853187.919433000	38.4706	112	1
1527853187.931902000	38.483	74	0
1527853187.948562000	38.4997	393	1
1527853187.948631000	38.4998	274	1
1527853187.961828000	38.513	74	0
1527853187.961994000	38.5131	74	0
1527853188.328172000	38.8793	283	0
1527853188.328275000	38.8794	363	0
1527853188.328298000	38.8794	74	1
1527853188.333595000	38.8847	133	0
1527853188.333667000	38.8848	236	0
1527853188.333683000	38.8848	74	1
1527853188.334029000	38.8852	112	0
1527853188.334161000	38.8853	112	1
1527853188.358752000	38.9099	74	0
1527853188.410393000	38.9615	550	1
1527853188.410449000	38.9616	275	1
1527853188.425428000	38.9766	74	0
1527853188.425582000	38.9767	74	0
1527853188.561782000	39.1129	284	0
1527853188.562036000	39.1132	351	0
1527853188.562056000	39.1132	74	1
1527853188.568658000	39.1198	284	0
1527853188.568760000	39.1199	236	0
1527853188.568762000	39.1199	112	0
1527853188.568783000	39.1199	74	1
1527853188.569198000	39.1203	112	1
1527853188.581523000	39.1327	74	0
1527853189.077302000	39.6284	1365	1
1527853189.077386000	39.6285	276	1
1527853189.101936000	39.6531	74	0
1527853189.102023000	39.6532	74	0
1527853189.460631000	40.0118	281	0
1527853189.460744000	40.0119	376	0
1527853189.460774000	40.0119	74	1
1527853189.466717000	40.0179	204	0
1527853189.466993000	40.0181	150	0
1527853189.467011000	40.0182	74	1
1527853189.467081000	40.0182	112	0
1527853189.467412000	40.0186	112	1
1527853189.480954000	40.0321	74	0
1527853189.601348000	40.1525	415	1
1527853189.601436000	40.1526	277	1
1527853189.614258000	40.1654	74	0
1527853189.625500000	40.1766	74	0
1527853189.768043000	40.3192	280	0
1527853189.768165000	40.3193	317	0
1527853189.768193000	40.3193	74	1
1527853189.773891000	40.325	355	0
1527853189.773979000	40.3251	350	0
1527853189.773999000	40.3251	74	1
1527853189.774075000	40.3252	112	0
1527853189.774447000	40.3256	112	1
1527853189.786872000	40.338	74	0
1527853190.043814000	40.595	392	1
1527853190.043871000	40.595	274	1
1527853190.056431000	40.6076	74	0
1527853190.056514000	40.6077	74	0
1527853190.201457000	40.7526	283	0
1527853190.201565000	40.7527	361	0
1527853190.201589000	40.7527	74	1
1527853190.206630000	40.7578	202	0
1527853190.206718000	40.7579	148	0
1527853190.206738000	40.7579	74	1
1527853190.206807000	40.7579	112	0
1527853190.207183000	40.7583	112	1
1527853190.221258000	40.7724	74	0
1527853190.466977000	41.0181	393	1
1527853190.467056000	41.0182	278	1
1527853190.479922000	41.0311	74	0
1527853190.492093000	41.0432	74	0
1527853190.842954000	41.3941	283	0
1527853190.843062000	41.3942	406	0
1527853190.843085000	41.3942	74	1
1527853190.848718000	41.3999	116	0
1527853190.849152000	41.4003	185	0
1527853190.849176000	41.4003	74	1
1527853190.849240000	41.4004	112	0
1527853190.849596000	41.4007	112	1
1527853190.863618000	41.4148	74	0
1527853190.971951000	41.5231	415	1
1527853190.972031000	41.5232	273	1
1527853190.986550000	41.5377	74	0
1527853190.986644000	41.5378	74	0
1527853191.350151000	41.9013	280	0
1527853191.350284000	41.9014	358	0
1527853191.350317000	41.9015	74	1
1527853191.356962000	41.9081	181	0
1527853191.357062000	41.9082	329	0
1527853191.357064000	41.9082	112	0
1527853191.357087000	41.9082	74	1
1527853191.357568000	41.9087	112	1
1527853191.369940000	41.9211	74	0
1527853191.389601000	41.9407	427	1
1527853191.389685000	41.9408	273	1
1527853191.402494000	41.9536	74	0
1527853191.403202000	41.9543	74	0
1527853191.543613000	42.0948	283	0
1527853191.543709000	42.0949	253	0
1527853191.543728000	42.0949	74	1
1527853191.550507000	42.1016	159	0
1527853191.550609000	42.1018	131	0
1527853191.550623000	42.1018	74	1
1527853191.550688000	42.1018	112	0
1527853191.551125000	42.1023	112	1
1527853191.564977000	42.1161	74	0
1527853191.798768000	42.3499	394	1
1527853191.798856000	42.35	275	1
1527853191.812299000	42.3634	74	0
1527853191.812462000	42.3636	74	0
1527853192.198640000	42.7498	281	0
1527853192.198756000	42.7499	280	0
1527853192.198781000	42.7499	74	1
1527853192.203251000	42.7544	117	0
1527853192.203343000	42.7545	350	0
1527853192.203366000	42.7545	74	1
1527853192.203431000	42.7546	112	0
1527853192.203747000	42.7549	112	1
1527853192.217625000	42.7688	74	0
1527853197.279679000	47.8308	392	1
1527853197.279763000	47.8309	273	1
1527853197.292580000	47.8437	74	0
1527853197.292677000	47.8438	74	0
1527853197.673789000	48.2249	281	0
1527853197.673900000	48.225	290	0
1527853197.673920000	48.2251	74	1
1527853197.679907000	48.231	163	0
1527853197.680011000	48.2312	207	0
1527853197.680030000	48.2312	74	1
1527853197.680118000	48.2313	112	0
1527853197.681053000	48.2322	112	1
1527853197.693529000	48.2447	74	0
1527853197.704159000	48.2553	397	1
1527853197.704205000	48.2553	282	1
1527853197.717004000	48.2681	74	0
1527853197.717285000	48.2684	74	0
1527853197.838949000	48.3901	281	0
1527853197.839053000	48.3902	235	0
1527853197.839072000	48.3902	74	1
1527853197.845658000	48.3968	333	0
1527853197.845759000	48.3969	295	0
1527853197.845779000	48.3969	74	1
1527853197.845847000	48.397	112	0
1527853197.846329000	48.3975	112	1
1527853197.859188000	48.4103	74	0
1527853197.942721000	48.4939	393	1
1527853197.942785000	48.4939	282	1
1527853197.955864000	48.507	74	0
1527853197.955959000	48.5071	74	0
1527853198.108959000	48.6601	280	0
1527853198.109086000	48.6602	422	0
1527853198.109109000	48.6603	74	1
1527853198.114727000	48.6659	156	0
1527853198.114832000	48.666	238	0
1527853198.114856000	48.666	74	1
1527853198.114922000	48.6661	112	0
1527853198.115416000	48.6666	112	1
1527853198.130297000	48.6814	74	0
1527853198.164560000	48.7157	392	1
1527853198.164618000	48.7158	276	1
1527853198.177154000	48.7283	74	0
1527853198.534448000	49.0856	280	0
1527853198.534761000	49.0859	370	0
1527853198.534791000	49.0859	74	1
1527853198.540673000	49.0918	295	0
1527853198.540770000	49.0919	125	0
1527853198.540788000	49.0919	74	1
1527853198.541106000	49.0922	112	0
1527853198.541302000	49.0924	112	1
1527853198.554836000	49.106	74	0
1527853198.647566000	49.1987	548	1
1527853198.647647000	49.1988	284	1
1527853198.661130000	49.2123	74	0
1527853198.661230000	49.2124	74	0
1527853198.785631000	49.3368	283	0
1527853198.785734000	49.3369	342	0
1527853198.785752000	49.3369	74	1
1527853198.790591000	49.3417	194	0
1527853198.790770000	49.3419	284	0
1527853198.790789000	49.3419	74	1
1527853198.790913000	49.3421	112	0
1527853198.791166000	49.3423	112	1
1527853198.803685000	49.3548	74	0
1527853198.904168000	49.4553	1366	1
1527853198.904216000	49.4554	279	1
1527853198.917819000	49.469	74	0
1527853198.917984000	49.4691	74	0
1527853199.070215000	49.6214	281	0
1527853199.070332000	49.6215	230	0
1527853199.070356000	49.6215	74	1
1527853199.075631000	49.6268	182	0
1527853199.076033000	49.6272	323	0
1527853199.076060000	49.6272	74	1
1527853199.076131000	49.6273	112	0
1527853199.076581000	49.6277	112	1
1527853199.088877000	49.64	74	0
1527853199.151365000	49.7025	420	1
1527853199.151408000	49.7025	272	1
1527853199.164575000	49.7157	74	0
1527853199.523956000	50.0751	283	0
1527853199.524236000	50.0754	367	0
1527853199.524274000	50.0754	74	1
1527853199.529705000	50.0808	284	0
1527853199.529808000	50.081	133	0
1527853199.529810000	50.081	112	0
1527853199.529832000	50.081	74	1
1527853199.530234000	50.0814	112	1
1527853199.543451000	50.0946	74	0
1527853199.636819000	50.188	394	1
1527853199.636899000	50.188	282	1
1527853199.650620000	50.2018	74	0
1527853199.650778000	50.2019	74	0
1527853199.780486000	50.3316	280	0
1527853199.780595000	50.3317	285	0
1527853199.780614000	50.3318	74	1
1527853199.787863000	50.339	155	0
1527853199.787965000	50.3391	343	0
1527853199.787983000	50.3391	74	1
1527853199.788073000	50.3392	112	0
1527853199.788526000	50.3397	112	1
1527853199.801348000	50.3525	74	0
1527853199.872584000	50.4237	392	1
1527853199.872657000	50.4238	279	1
1527853199.886251000	50.4374	74	0
1527853199.886367000	50.4375	74	0
1527853200.259764000	50.8109	283	0
1527853200.259879000	50.811	281	0
1527853200.259895000	50.811	74	1
1527853200.266294000	50.8174	248	0
1527853200.266575000	50.8177	234	0
1527853200.266588000	50.8177	74	1
1527853200.266658000	50.8178	112	0
1527853200.266992000	50.8181	112	1
1527853200.280704000	50.8318	74	0
1527853200.302260000	50.8534	411	1
1527853200.302334000	50.8535	279	1
1527853200.315462000	50.8666	74	0
1527853200.315551000	50.8667	74	0
1527853200.663832000	51.215	281	0
1527853200.663949000	51.2151	385	0
1527853200.663972000	51.2151	74	1
1527853200.669255000	51.2204	252	0
1527853200.669342000	51.2205	311	0
1527853200.669363000	51.2205	74	1
1527853200.669727000	51.2209	112	0
1527853200.669843000	51.221	112	1
1527853200.684339000	51.2355	74	0
1527853203.808952000	54.3601	411	1
1527853203.809049000	54.3602	1434	1
1527853203.809054000	54.3602	1434	1
1527853203.809057000	54.3602	236	1
1527853203.809102000	54.3602	1396	1
1527853203.823465000	54.3746	74	0
1527853203.823560000	54.3747	74	0
1527853203.823637000	54.3748	74	0
1527853203.823743000	54.3749	74	0
1527853204.008956000	54.5601	329	1
1527853204.009012000	54.5602	274	1
1527853204.022080000	54.5732	74	0
1527853204.023937000	54.5751	74	0
1527853204.157660000	54.7088	421	0
1527853204.173058000	54.7242	104	0
1527853204.173092000	54.7242	74	1
1527853204.173168000	54.7243	112	0
1527853204.173661000	54.7248	112	1
1527853204.191072000	54.7422	74	0
1527853204.389266000	54.9404	283	0
1527853204.389383000	54.9405	235	0
1527853204.389406000	54.9405	74	1
1527853204.394670000	54.9458	125	0
1527853204.395028000	54.9462	200	0
1527853204.395052000	54.9462	74	1
1527853204.395119000	54.9463	112	0
1527853204.395545000	54.9467	112	1
1527853204.410039000	54.9612	74	0
1527853204.473196000	55.0243	397	1
1527853204.473271000	55.0244	278	1
1527853204.486507000	55.0376	74	0
1527853204.487215000	55.0384	74	0
1527853204.863904000	55.415	280	0
1527853204.864014000	55.4152	371	0
1527853204.864033000	55.4152	74	1
1527853204.869447000	55.4206	355	0
1527853204.869565000	55.4207	129	0
1527853204.869567000	55.4207	112	0
1527853204.869589000	55.4207	74	1
1527853204.870113000	55.4213	112	1
1527853204.884086000	55.4352	74	0
1527853205.114229000	55.6654	396	1
1527853205.114280000	55.6654	292	1
1527853205.127494000	55.6786	74	0
1527853205.127594000	55.6787	74	0
1527853205.492742000	56.0439	281	0
1527853205.492851000	56.044	279	0
1527853205.492872000	56.044	74	1
1527853205.497713000	56.0489	289	0
1527853205.497811000	56.049	257	0
1527853205.497829000	56.049	74	1
1527853205.498164000	56.0493	112	0
1527853205.498410000	56.0496	112	1
1527853205.511670000	56.0628	74	0
1527853205.532094000	56.0832	396	1
1527853205.532181000	56.0833	283	1
1527853205.544748000	56.0959	74	0
1527853205.549587000	56.1007	74	0
1527853205.923162000	56.4743	283	0
1527853205.923266000	56.4744	299	0
1527853205.923286000	56.4744	74	1
1527853205.929732000	56.4809	132	0
1527853205.929841000	56.481	218	0
1527853205.929859000	56.481	74	1
1527853205.929922000	56.4811	112	0
1527853205.930461000	56.4816	112	1
1527853205.943542000	56.4947	74	0
1527853206.057217000	56.6084	398	1
1527853206.057263000	56.6084	273	1
1527853206.070725000	56.6219	74	0
1527853206.070808000	56.6219	74	0
1527853206.218962000	56.7701	283	0
1527853206.219071000	56.7702	352	0
1527853206.219089000	56.7702	74	1
1527853206.230933000	56.7821	247	0
1527853206.231034000	56.7822	351	0
1527853206.231043000	56.7822	74	1
1527853206.231144000	56.7823	112	0
1527853206.231480000	56.7826	112	1
1527853206.243838000	56.795	74	0
1527853206.478524000	57.0297	550	1
1527853206.478605000	57.0297	275	1
1527853206.492000000	57.0431	74	0
1527853206.492035000	57.0432	74	0
1527853206.871244000	57.4224	281	0
1527853206.871349000	57.4225	339	0
1527853206.871375000	57.4225	74	1
1527853206.876839000	57.428	295	0
1527853206.876927000	57.4281	351	0
1527853206.876944000	57.4281	74	1
1527853206.877012000	57.4282	112	0
1527853206.877389000	57.4285	112	1
1527853206.889960000	57.4411	74	0
1527853206.908055000	57.4592	1363	1
1527853206.908129000	57.4593	276	1
1527853206.921499000	57.4726	74	0
1527853206.921684000	57.4728	74	0
1527853207.065726000	57.6169	283	0
1527853207.065851000	57.617	368	0
1527853207.065876000	57.617	74	1
1527853207.071521000	57.6227	205	0
1527853207.071614000	57.6228	332	0
1527853207.071638000	57.6228	74	1
1527853207.071711000	57.6229	112	0
1527853207.072102000	57.6232	112	1
1527853207.085563000	57.6367	74	0
1527853207.185132000	57.7363	417	1
1527853207.185209000	57.7364	273	1
1527853207.198015000	57.7492	74	0
1527853207.198666000	57.7498	74	0
1527853207.576316000	58.1275	280	0
1527853207.576429000	58.1276	359	0
1527853207.576451000	58.1276	74	1
1527853207.583929000	58.1351	272	0
1527853207.584024000	58.1352	286	0
1527853207.584043000	58.1352	74	1
1527853207.584449000	58.1356	112	0
1527853207.584586000	58.1357	112	1
1527853207.598420000	58.1496	74	0
1527853207.656104000	58.2072	392	1
1527853207.656170000	58.2073	276	1
1527853207.668621000	58.2198	74	0
1527853207.668914000	58.2201	74	0
1527853207.946242000	58.4974	283	0
1527853207.946374000	58.4975	304	0
1527853207.946397000	58.4975	74	1
1527853207.951560000	58.5027	353	0
1527853207.951642000	58.5028	334	0
1527853207.951662000	58.5028	74	1
1527853207.951763000	58.5029	112	0
1527853207.952140000	58.5033	112	1
1527853207.965091000	58.5162	74	0
1527853208.069481000	58.6206	394	1
1527853208.069523000	58.6207	278	1
1527853208.082196000	58.6333	74	0
1527853208.082931000	58.6341	74	0
1527853208.436410000	58.9876	283	0
1527853208.436522000	58.9877	391	0
1527853208.436539000	58.9877	74	1
1527853208.443854000	58.995	115	0
1527853208.443961000	58.9951	257	0
1527853208.443979000	58.9951	74	1
1527853208.444411000	58.9956	112	0
1527853208.444704000	58.9958	112	1
1527853208.457864000	59.009	74	0
1527853208.503309000	59.0545	414	1
1527853208.503366000	59.0545	281	1
1527853208.516841000	59.068	74	0
1527853208.517004000	59.0681	74	0
1527853208.667503000	59.2186	283	0
1527853208.667669000	59.2188	183	0
1527853208.667692000	59.2188	74	1
1527853208.673680000	59.2248	265	0
1527853208.673772000	59.2249	333	0
1527853208.673790000	59.2249	74	1
1527853208.673862000	59.225	112	0
1527853208.674300000	59.2254	112	1
1527853208.687256000	59.2384	74	0
1527853208.752449000	59.3036	434	1
1527853208.752551000	59.3037	277	1
1527853208.765646000	59.3168	74	0
1527853208.765808000	59.317	74	0
1527853209.117758000	59.6689	284	0
1527853209.117873000	59.669	174	0
1527853209.117892000	59.669	74	1
1527853209.124000000	59.6751	139	0
1527853209.124095000	59.6752	173	0
1527853209.124111000	59.6753	74	1
1527853209.124201000	59.6753	112	0
1527853209.124750000	59.6759	112	1
1527853209.138818000	59.69	74	0
1527853209.182306000	59.7334	398	1
1527853209.182362000	59.7335	278	1
1527853209.195011000	59.7462	74	0
1527853209.195715000	59.7469	74	0
1527853209.329308000	59.8805	283	0
1527853209.329310000	59.8805	350	0
1527853209.329356000	59.8805	74	1
1527853209.336358000	59.8875	340	0
1527853209.336443000	59.8876	301	0
1527853209.336458000	59.8876	74	1
1527853209.336587000	59.8877	112	0
1527853209.337010000	59.8882	112	1
1527853209.349710000	59.9009	74	0
1527853212.319575000	62.8707	394	1
1527853212.319628000	62.8708	275	1
1527853212.333837000	62.885	74	0
1527853212.333989000	62.8851	74	0
1527853212.684077000	63.2352	281	0
1527853212.684193000	63.2353	332	0
1527853212.684222000	63.2354	74	1
1527853212.689139000	63.2403	220	0
1527853212.689225000	63.2404	358	0
1527853212.689245000	63.2404	74	1
1527853212.689310000	63.2405	112	0
1527853212.689816000	63.241	112	1
1527853212.703130000	63.2543	74	0
1527853214.118543000	64.6697	393	1
1527853214.118618000	64.6698	276	1
1527853214.131792000	64.6829	74	0
1527853214.131950000	64.6831	74	0
1527853214.490771000	65.0419	281	0
1527853214.490877000	65.042	425	0
1527853214.490896000	65.042	74	1
1527853214.496593000	65.0477	210	0
1527853214.496711000	65.0479	112	0
1527853214.496736000	65.0479	74	1
1527853214.496846000	65.048	112	0
1527853214.497306000	65.0484	112	1
1527853214.510109000	65.0613	74	0
1527853214.607619000	65.1588	392	1
1527853214.607665000	65.1588	277	1
1527853214.621283000	65.1724	74	0
1527853214.621444000	65.1726	74	0
1527853214.971105000	65.5222	283	0
1527853214.971211000	65.5224	215	0
1527853214.971228000	65.5224	74	1
1527853214.978189000	65.5293	336	0
1527853214.978289000	65.5294	122	0
1527853214.978291000	65.5294	112	0
1527853214.978310000	65.5295	74	1
1527853214.978883000	65.53	112	1
1527853214.992852000	65.544	74	0
1527853215.058923000	65.6101	398	1
1527853215.059004000	65.6101	279	1
1527853215.071880000	65.623	74	0
1527853215.072001000	65.6231	74	0
1527853215.432866000	65.984	281	0
1527853215.432977000	65.9841	364	0
1527853215.432995000	65.9841	74	1
1527853215.438636000	65.9898	249	0
1527853215.438718000	65.9899	277	0
1527853215.438732000	65.9899	74	1
1527853215.438821000	65.99	112	0
1527853215.439212000	65.9904	112	1
1527853215.453277000	66.0044	74	0
1527853215.517921000	66.0691	550	1
1527853215.517963000	66.0691	273	1
1527853215.531189000	66.0823	74	0
1527853215.531278000	66.0824	74	0
1527853215.899714000	66.4509	283	0
1527853215.900000000	66.4511	378	0
1527853215.900012000	66.4512	74	1
1527853215.905083000	66.4562	267	0
1527853215.905172000	66.4563	135	0
1527853215.905188000	66.4563	74	1
1527853215.905256000	66.4564	112	0
1527853215.905597000	66.4567	112	1
1527853215.917049000	66.4682	1364	1
1527853215.917128000	66.4683	276	1
1527853215.918403000	66.4695	74	0
1527853215.930560000	66.4817	74	0
1527853215.930680000	66.4818	74	0
1527853216.300538000	66.8517	281	0
1527853216.300660000	66.8518	406	0
1527853216.300684000	66.8518	74	1
1527853216.305964000	66.8571	231	0
1527853216.306051000	66.8572	142	0
1527853216.306074000	66.8572	74	1
1527853216.306171000	66.8573	112	0
1527853216.306515000	66.8577	112	1
1527853216.319555000	66.8707	74	0
1527853216.521354000	67.0725	420	1
1527853216.521398000	67.0725	283	1
1527853216.534935000	67.0861	74	0
1527853216.535028000	67.0862	74	0
1527853216.896698000	67.4478	281	0
1527853216.896818000	67.448	373	0
1527853216.896842000	67.448	74	1
1527853216.902986000	67.4541	199	0
1527853216.903414000	67.4546	213	0
1527853216.903436000	67.4546	74	1
1527853216.903504000	67.4546	112	0
1527853216.903951000	67.4551	112	1
1527853216.916599000	67.4677	74	0
1527853217.042583000	67.5937	393	1
1527853217.042639000	67.5938	279	1
1527853217.056066000	67.6072	74	0
1527853217.056168000	67.6073	74	0
1527853217.418372000	67.9695	283	0
1527853217.418481000	67.9696	399	0
1527853217.418500000	67.9696	74	1
1527853217.432297000	67.9834	341	0
1527853217.432401000	67.9835	281	0
1527853217.432420000	67.9836	74	1
1527853217.432527000	67.9837	112	0
1527853217.433056000	67.9842	112	1
1527853217.446504000	67.9976	74	0
1527853217.542628000	68.0938	393	1
1527853217.542683000	68.0938	278	1
1527853217.556024000	68.1072	74	0
1527853217.556111000	68.1073	74	0
1527853217.692928000	68.2441	281	0
1527853217.693052000	68.2442	343	0
1527853217.693077000	68.2442	74	1
1527853217.698089000	68.2492	122	0
1527853217.698182000	68.2493	262	0
1527853217.698200000	68.2493	74	1
1527853217.698275000	68.2494	112	0
1527853217.698633000	68.2498	112	1
1527853217.715451000	68.2666	74	0
1527853218.125608000	68.6767	413	1
1527853218.125695000	68.6768	272	1
1527853218.138577000	68.6897	74	0
1527853218.138732000	68.6899	74	0
1527853218.264519000	68.8157	283	0
1527853218.264640000	68.8158	302	0
1527853218.264664000	68.8158	74	1
1527853218.269896000	68.821	174	0
1527853218.269993000	68.8211	171	0
1527853218.270009000	68.8212	74	1
1527853218.270089000	68.8212	112	0
1527853218.270452000	68.8216	112	1
1527853218.283689000	68.8348	74	0
1527853218.406711000	68.9579	433	1
1527853218.406786000	68.9579	275	1
1527853218.419636000	68.9708	74	0
1527853218.419737000	68.9709	74	0
1527853218.565072000	69.1162	283	0
1527853218.565196000	69.1163	203	0
1527853218.565227000	69.1164	74	1
1527853218.570259000	69.1214	172	0
1527853218.570350000	69.1215	141	0
1527853218.570367000	69.1215	74	1
1527853218.570436000	69.1216	112	0
1527853218.570810000	69.122	112	1
1527853218.584820000	69.136	74	0
1527853218.684330000	69.2355	376	1
1527853218.684422000	69.2356	1434	1
1527853218.684427000	69.2356	1434	1
1527853218.684431000	69.2356	236	1
1527853218.684464000	69.2356	966	1
1527853218.698511000	69.2497	74	0
1527853218.699207000	69.2503	74	0
1527853218.813603000	69.3647	421	0
1527853218.817049000	69.3682	398	1
1527853218.817125000	69.3683	277	1
1527853218.824237000	69.3754	104	0
1527853218.824330000	69.3755	112	0
1527853218.824344000	69.3755	74	1
1527853218.824864000	69.376	112	1
1527853218.829465000	69.3806	74	0
1527853218.830301000	69.3814	74	0
1527853218.838673000	69.3898	74	0
1527853219.196363000	69.7475	281	0
1527853219.196723000	69.7479	390	0
1527853219.196742000	69.7479	74	1
1527853219.203977000	69.7551	301	0
1527853219.204152000	69.7553	192	0
1527853219.204179000	69.7553	74	1
1527853219.204246000	69.7554	112	0
1527853219.204739000	69.7559	112	1
1527853219.217477000	69.7686	74	0
1527853219.689075000	70.2402	397	1
1527853219.689159000	70.2403	278	1
1527853219.702027000	70.2532	74	0
1527853219.702127000	70.2533	74	0
1527853219.839057000	70.3902	283	0
1527853219.839176000	70.3903	340	0
1527853219.839206000	70.3903	74	1
1527853219.844806000	70.3959	217	0
1527853219.845117000	70.3963	198	0
1527853219.845143000	70.3963	74	1
1527853219.845232000	70.3964	112	0
1527853219.845832000	70.397	112	1
1527853219.858463000	70.4096	74	0
1527853219.906433000	70.4576	396	1
1527853219.906479000	70.4576	274	1
1527853219.920007000	70.4711	74	0
1527853219.920157000	70.4713	74	0
1527853220.293762000	70.8449	280	0
1527853220.294040000	70.8452	279	0
1527853220.294068000	70.8452	74	1
1527853220.297541000	70.8487	361	0
1527853220.297629000	70.8488	314	0
1527853220.297646000	70.8488	74	1
1527853220.297713000	70.8489	112	0
1527853220.298148000	70.8493	112	1
1527853220.312639000	70.8638	74	0
1527853220.345536000	70.8967	545	1
1527853220.345614000	70.8968	276	1
1527853220.358522000	70.9097	74	0
1527853220.358682000	70.9098	74	0
1527853220.492310000	71.0435	283	0
1527853220.492419000	71.0436	313	0
1527853220.492434000	71.0436	74	1
1527853220.498742000	71.0499	149	0
1527853220.498835000	71.05	200	0
1527853220.498851000	71.05	74	1
1527853220.498919000	71.0501	112	0
1527853220.499462000	71.0506	112	1
1527853220.511670000	71.0628	74	0
1527853220.792725000	71.3439	1366	1
1527853220.792802000	71.3439	273	1
1527853220.806700000	71.3578	74	0
1527853220.806800000	71.3579	74	0
1527853220.991344000	71.5425	284	0
1527853220.991470000	71.5426	403	0
1527853220.991492000	71.5426	74	1
1527853221.000741000	71.5519	220	0
1527853221.000823000	71.552	169	0
1527853221.000841000	71.552	74	1
1527853221.001251000	71.5524	112	0
1527853221.001439000	71.5526	112	1
1527853221.014653000	71.5658	74	0
1527853221.204013000	71.7552	417	1
1527853221.204082000	71.7552	277	1
1527853221.217297000	71.7684	74	0
1527853221.217460000	71.7686	74	0
1527853221.349132000	71.9003	281	0
1527853221.349257000	71.9004	201	0
1527853221.349279000	71.9004	74	1
1527853221.355269000	71.9064	183	0
1527853221.355358000	71.9065	107	0
1527853221.355375000	71.9065	74	1
1527853221.355479000	71.9066	112	0
1527853221.355810000	71.907	112	1
1527853221.368790000	71.9199	74	0
1527853221.467414000	72.0186	393	1
1527853221.467501000	72.0186	273	1
1527853221.479949000	72.0311	74	0
1527853221.480666000	72.0318	74	0
1527853221.614831000	72.166	281	0
1527853221.614914000	72.1661	392	0
1527853221.614940000	72.1661	74	1
1527853221.621347000	72.1725	338	0
1527853221.621652000	72.1728	213	0
1527853221.621676000	72.1728	74	1
1527853221.621749000	72.1729	112	0
1527853221.622260000	72.1734	112	1
1527853221.635466000	72.1866	74	0
1527853221.689293000	72.2404	376	1
1527853221.689396000	72.2405	1434	1
1527853221.689401000	72.2405	1434	1
1527853221.689406000	72.2405	236	1
1527853221.689474000	72.2406	1434	1
1527853221.689478000	72.2406	1434	1
1527853221.689483000	72.2406	236	1
1527853221.689532000	72.2407	1434	1
1527853221.689536000	72.2407	1434	1
1527853221.689540000	72.2407	236	1
1527853221.689600000	72.2407	1434	1
1527853221.689604000	72.2407	1434	1
1527853221.689607000	72.2407	236	1
1527853221.689658000	72.2408	1434	1
1527853221.689663000	72.2408	1434	1
1527853221.689666000	72.2408	236	1
1527853221.689718000	72.2409	1434	1
1527853221.689723000	72.2409	868	1
1527853221.689759000	72.2409	974	1
1527853221.703575000	72.2547	74	0
1527853221.704250000	72.2554	74	0
1527853221.704696000	72.2558	74	0
1527853221.704796000	72.2559	74	0
1527853221.704937000	72.2561	74	0
1527853221.705929000	72.2571	74	0
1527853221.706028000	72.2572	74	0
1527853221.706167000	72.2573	74	0
1527853221.816657000	72.3678	346	1
1527853221.816710000	72.3679	276	1
1527853221.826256000	72.3774	420	0
1527853221.829446000	72.3806	74	0
1527853221.834543000	72.3857	104	0
1527853221.834572000	72.3857	74	1
1527853221.834936000	72.3861	112	0
1527853221.835144000	72.3863	112	1
1527853221.886743000	72.4379	74	0
1527853221.960491000	72.5116	283	0
1527853221.960593000	72.5117	260	0
1527853221.960611000	72.5118	74	1
1527853221.967596000	72.5187	324	0
1527853221.967703000	72.5188	338	0
1527853221.967727000	72.5189	74	1
1527853221.967797000	72.5189	112	0
1527853221.968404000	72.5195	112	1
1527853221.981155000	72.5323	74	0
1527853222.160552000	72.7117	397	1
1527853222.160636000	72.7118	272	1
1527853222.173974000	72.7251	74	0
1527853222.542672000	73.0938	283	0
1527853222.542779000	73.0939	214	0
1527853222.542798000	73.0939	74	1
1527853222.548998000	73.1001	201	0
1527853222.549070000	73.1002	336	0
1527853222.549094000	73.1002	74	1
1527853222.549172000	73.1003	112	0
1527853222.549550000	73.1007	112	1
1527853222.561919000	73.1131	74	0
1527853222.663592000	73.2147	429	1
1527853222.663679000	73.2148	278	1
1527853222.677256000	73.2284	74	0
1527853222.677415000	73.2286	74	0
1527853222.800873000	73.352	281	0
1527853222.801017000	73.3522	352	0
1527853222.801045000	73.3522	74	1
1527853222.806744000	73.3579	290	0
1527853222.806847000	73.358	252	0
1527853222.806866000	73.358	74	1
1527853222.806934000	73.3581	112	0
1527853222.807404000	73.3585	112	1
1527853222.820108000	73.3712	74	0
1527853222.988804000	73.5399	392	1
1527853222.988859000	73.54	276	1
1527853223.002282000	73.5534	74	0
1527853223.002396000	73.5535	74	0
1527853223.130030000	73.6812	283	0
1527853223.130146000	73.6813	198	0
1527853223.130169000	73.6813	74	1
1527853223.139432000	73.6906	146	0
1527853223.139513000	73.6907	232	0
1527853223.139525000	73.6907	74	1
1527853223.139918000	73.6911	112	0
1527853223.140057000	73.6912	112	1
1527853223.153090000	73.7042	74	0
1527853223.417954000	73.9691	398	1
1527853223.418032000	73.9692	281	1
1527853223.430512000	73.9817	74	0
1527853223.430787000	73.9819	74	0
1527853223.563545000	74.1147	281	0
1527853223.564168000	74.1153	223	0
1527853223.564198000	74.1153	74	1
1527853223.568896000	74.12	133	0
1527853223.569270000	74.1204	295	0
1527853223.569298000	74.1204	74	1
1527853223.569364000	74.1205	112	0
1527853223.569781000	74.1209	112	1
1527853223.583450000	74.1346	74	0
1527853223.832520000	74.3837	397	1
1527853223.832561000	74.3837	280	1
1527853223.846015000	74.3972	74	0
1527853223.851308000	74.4025	74	0
1527853223.978305000	74.5294	281	0
1527853223.978418000	74.5296	310	0
1527853223.978436000	74.5296	74	1
1527853223.984235000	74.5354	289	0
1527853223.984349000	74.5355	234	0
1527853223.984373000	74.5355	74	1
1527853223.984715000	74.5359	112	0
1527853223.985027000	74.5362	112	1
1527853223.998124000	74.5493	74	0
1527853224.250121000	74.8013	392	1
1527853224.250197000	74.8013	280	1
1527853224.263353000	74.8145	74	0
1527853224.263478000	74.8146	74	0
1527853224.390949000	74.9421	283	0
1527853224.391064000	74.9422	266	0
1527853224.391087000	74.9422	74	1
1527853224.396771000	74.9479	366	0
1527853224.396919000	74.9481	332	0
1527853224.396946000	74.9481	74	1
1527853224.397282000	74.9484	112	0
1527853224.397664000	74.9488	112	1
1527853224.410780000	74.9619	74	0
1527853224.558799000	75.1099	394	1
1527853224.558886000	75.11	273	1
1527853224.572129000	75.1233	74	0
1527853224.572231000	75.1234	74	0
1527853224.796759000	75.3479	281	0
1527853224.796869000	75.348	307	0
1527853224.796887000	75.348	74	1
1527853224.801717000	75.3529	341	0
1527853224.801812000	75.353	185	0
1527853224.801828000	75.353	74	1
1527853224.801905000	75.353	112	0
1527853224.802263000	75.3534	112	1
1527853224.817088000	75.3682	74	0
1527853225.011619000	75.5628	550	1
1527853225.011705000	75.5628	277	1
1527853225.024732000	75.5759	74	0
1527853225.024890000	75.576	74	0
1527853225.174271000	75.7254	283	0
1527853225.174377000	75.7255	232	0
1527853225.174401000	75.7255	74	1
1527853225.181566000	75.7327	330	0
1527853225.181665000	75.7328	339	0
1527853225.181684000	75.7328	74	1
1527853225.182046000	75.7332	112	0
1527853225.182169000	75.7333	112	1
1527853225.198876000	75.75	74	0
1527853225.669353000	76.2205	1365	1
1527853225.669401000	76.2205	278	1
1527853225.683646000	76.2348	74	0
1527853225.683803000	76.2349	74	0
1527853225.816952000	76.3681	280	0
1527853225.817079000	76.3682	330	0
1527853225.817103000	76.3682	74	1
1527853225.822945000	76.3741	124	0
1527853225.823373000	76.3745	156	0
1527853225.823394000	76.3745	74	1
1527853225.823459000	76.3746	112	0
1527853225.824031000	76.3752	112	1
1527853225.836807000	76.3879	74	0
1527853225.951114000	76.5023	415	1
1527853225.951189000	76.5023	278	1
1527853225.964913000	76.5161	74	0
1527853225.965076000	76.5162	74	0
1527853226.102688000	76.6538	283	0
1527853226.102792000	76.6539	349	0
1527853226.102810000	76.654	74	1
1527853226.109090000	76.6602	361	0
1527853226.109187000	76.6603	137	0
1527853226.109200000	76.6603	74	1
1527853226.109269000	76.6604	112	0
1527853226.109659000	76.6608	112	1
1527853226.123370000	76.6745	74	0
1527853226.320655000	76.8718	396	1
1527853226.320742000	76.8719	274	1
1527853226.333571000	76.8847	74	0
1527853226.477718000	77.0289	283	0
1527853226.477824000	77.029	332	0
1527853226.477842000	77.029	74	1
1527853226.485335000	77.0365	189	0
1527853226.485422000	77.0366	153	0
1527853226.485442000	77.0366	74	1
1527853226.485504000	77.0366	112	0
1527853226.486108000	77.0373	112	1
1527853226.498867000	77.05	74	0
1527853226.858242000	77.4094	413	1
1527853226.858327000	77.4095	284	1
1527853226.870943000	77.4221	74	0
1527853226.871097000	77.4222	74	0
1527853227.005240000	77.5564	283	0
1527853227.005343000	77.5565	316	0
1527853227.005360000	77.5565	74	1
1527853227.011257000	77.5624	344	0
1527853227.011355000	77.5625	181	0
1527853227.011372000	77.5625	74	1
1527853227.011440000	77.5626	112	0
1527853227.011833000	77.563	112	1
1527853227.024345000	77.5755	74	0
1527853227.312728000	77.8639	394	1
1527853227.312772000	77.8639	277	1
1527853227.326217000	77.8774	74	0
1527853227.326321000	77.8775	74	0
1527853227.450922000	78.0021	283	0
1527853227.451033000	78.0022	378	0
1527853227.451057000	78.0022	74	1
1527853227.458561000	78.0097	217	0
1527853227.458635000	78.0098	300	0
1527853227.458649000	78.0098	74	1
1527853227.458713000	78.0099	112	0
1527853227.459162000	78.0103	112	1
1527853227.475917000	78.0271	74	0
1527853227.521689000	78.0728	429	1
1527853227.521775000	78.0729	277	1
1527853227.535062000	78.0862	74	0
1527853227.535221000	78.0864	74	0
1527853227.658776000	78.2099	283	0
1527853227.658873000	78.21	324	0
1527853227.658893000	78.21	74	1
1527853227.666317000	78.2175	249	0
1527853227.666496000	78.2176	114	0
1527853227.666520000	78.2177	74	1
1527853227.666935000	78.2181	112	0
1527853227.667084000	78.2182	112	1
1527853227.680219000	78.2314	74	0
1527853227.953996000	78.5051	397	1
1527853227.954080000	78.5052	276	1
1527853227.966444000	78.5176	74	0
1527853227.967618000	78.5188	74	0
1527853228.104218000	78.6554	284	0
1527853228.104333000	78.6555	316	0
1527853228.104359000	78.6555	74	1
1527853228.111520000	78.6627	230	0
1527853228.111611000	78.6628	332	0
1527853228.111629000	78.6628	74	1
1527853228.111696000	78.6628	112	0
1527853228.112140000	78.6633	112	1
1527853228.124426000	78.6756	74	0
1527853228.232158000	78.7833	395	1
1527853228.232245000	78.7834	278	1
1527853228.245082000	78.7962	74	0
1527853228.245236000	78.7964	74	0
1527853228.383189000	78.9343	281	0
1527853228.383303000	78.9344	279	0
1527853228.383329000	78.9345	74	1
1527853228.388806000	78.9399	125	0
1527853228.388896000	78.94	133	0
1527853228.388916000	78.9401	74	1
1527853228.389901000	78.941	112	0
1527853228.390047000	78.9412	112	1
1527853228.402504000	78.9536	74	0
1527853228.462693000	79.0138	393	1
1527853228.462736000	79.0139	274	1
1527853228.475408000	79.0266	74	0
1527853228.476110000	79.0273	74	0
1527853228.615256000	79.1664	283	0
1527853228.615371000	79.1665	398	0
1527853228.615395000	79.1665	74	1
1527853228.619898000	79.171	237	0
1527853228.620255000	79.1714	346	0
1527853228.620280000	79.1714	74	1
1527853228.620359000	79.1715	112	0
1527853228.620812000	79.172	112	1
1527853228.633857000	79.185	74	0
1527853228.921969000	79.4731	397	1
1527853228.922024000	79.4732	275	1
1527853228.935347000	79.4865	74	0
1527853228.935519000	79.4867	74	0
1527853229.063703000	79.6148	281	0
1527853229.063816000	79.615	366	0
1527853229.063843000	79.615	74	1
1527853229.068966000	79.6201	254	0
1527853229.069063000	79.6202	335	0
1527853229.069080000	79.6202	74	1
1527853229.069147000	79.6203	112	0
1527853229.069583000	79.6207	112	1
1527853229.083607000	79.6347	74	0
1527853229.131816000	79.683	393	1
1527853229.131900000	79.683	277	1
1527853229.145567000	79.6967	74	0
1527853229.145661000	79.6968	74	0
1527853229.286255000	79.8374	283	0
1527853229.286380000	79.8375	211	0
1527853229.286403000	79.8375	74	1
1527853229.292281000	79.8434	355	0
1527853229.292370000	79.8435	182	0
1527853229.292387000	79.8435	74	1
1527853229.292452000	79.8436	112	0
1527853229.292826000	79.844	112	1
1527853229.305854000	79.857	74	0
1527853229.351783000	79.9029	550	1
1527853229.351858000	79.903	279	1
1527853229.365236000	79.9164	74	0
1527853229.499676000	80.0508	281	0
1527853229.499946000	80.0511	228	0
1527853229.499968000	80.0511	74	1
1527853229.506499000	80.0576	262	0
1527853229.506607000	80.0577	229	0
1527853229.506626000	80.0578	74	1
1527853229.506691000	80.0578	112	0
1527853229.507195000	80.0583	112	1
1527853229.510432000	80.0616	1342	1
1527853229.510533000	80.0617	1434	1
1527853229.510538000	80.0617	1434	1
1527853229.510542000	80.0617	236	1
1527853229.510606000	80.0617	1434	1
1527853229.510611000	80.0618	1434	1
1527853229.510615000	80.0618	236	1
1527853229.510644000	80.0618	167	1
1527853229.520032000	80.0712	74	0
1527853229.526444000	80.0776	74	0
1527853229.527667000	80.0788	74	0
1527853229.527758000	80.0789	74	0
1527853229.638568000	80.1897	422	0
1527853229.647178000	80.1983	104	0
1527853229.647216000	80.1984	74	1
1527853229.647298000	80.1984	112	0
1527853229.647763000	80.1989	112	1
1527853229.660570000	80.2117	74	0
1527853229.774103000	80.3252	421	1
1527853229.774188000	80.3253	277	1
1527853229.787136000	80.3383	74	0
1527853230.145325000	80.6965	281	0
1527853230.145446000	80.6966	363	0
1527853230.145469000	80.6966	74	1
1527853230.152219000	80.7034	331	0
1527853230.152320000	80.7035	195	0
1527853230.152322000	80.7035	112	0
1527853230.152341000	80.7035	74	1
1527853230.152768000	80.7039	112	1
1527853230.165535000	80.7167	74	0
1527853230.211904000	80.763	393	1
1527853230.211986000	80.7631	277	1
1527853230.225114000	80.7763	74	0
1527853230.225209000	80.7764	74	0
1527853230.362031000	80.9132	283	0
1527853230.362141000	80.9133	297	0
1527853230.362157000	80.9133	74	1
1527853230.368144000	80.9193	161	0
1527853230.368239000	80.9194	230	0
1527853230.368258000	80.9194	74	1
1527853230.368323000	80.9195	112	0
1527853230.368934000	80.9201	112	1
1527853230.381606000	80.9327	74	0
1527853230.577100000	81.1282	414	1
1527853230.577153000	81.1283	278	1
1527853230.589892000	81.141	74	0
1527853230.591803000	81.1429	74	0
1527853230.717242000	81.2684	281	0
1527853230.717353000	81.2685	290	0
1527853230.717373000	81.2685	74	1
1527853230.723017000	81.2742	286	0
1527853230.723115000	81.2743	315	0
1527853230.723129000	81.2743	74	1
1527853230.723224000	81.2744	112	0
1527853230.723495000	81.2746	112	1
1527853230.737753000	81.2889	74	0
1527853230.853055000	81.4042	393	1
1527853230.853112000	81.4043	278	1
1527853230.866323000	81.4175	74	0
1527853231.033724000	81.5849	281	0
1527853231.033847000	81.585	315	0
1527853231.033871000	81.585	74	1
1527853231.039498000	81.5906	137	0
1527853231.039590000	81.5907	178	0
1527853231.039607000	81.5907	74	1
1527853231.039674000	81.5908	112	0
1527853231.040066000	81.5912	112	1
1527853231.054287000	81.6054	74	0
1527853231.329802000	81.8809	428	1
1527853231.329846000	81.881	278	1
1527853231.343359000	81.8945	74	0
1527853231.343463000	81.8946	74	0
1527853231.486516000	82.0377	280	0
1527853231.486621000	82.0378	350	0
1527853231.486648000	82.0378	74	1
1527853231.493410000	82.0446	331	0
1527853231.493500000	82.0446	262	0
1527853231.493515000	82.0447	74	1
1527853231.493854000	82.045	112	0
1527853231.494049000	82.0452	112	1
1527853231.507101000	82.0582	74	0
1527853236.168571000	86.7197	395	1
1527853236.168657000	86.7198	274	1
1527853236.181502000	86.7326	74	0
1527853236.182172000	86.7333	74	0
1527853236.342009000	86.8932	284	0
1527853236.342114000	86.8933	199	0
1527853236.342137000	86.8933	74	1
1527853236.347678000	86.8988	180	0
1527853236.347781000	86.8989	304	0
1527853236.347798000	86.8989	74	1
1527853236.347865000	86.899	112	0
1527853236.348211000	86.8994	112	1
1527853236.361871000	86.913	74	0
1527853236.636780000	87.1879	376	1
1527853236.636884000	87.188	1434	1
1527853236.636889000	87.188	1434	1
1527853236.636893000	87.188	236	1
1527853236.636955000	87.1881	1434	1
1527853236.636960000	87.1881	628	1
1527853236.651474000	87.2026	74	0
1527853236.651658000	87.2028	74	0
1527853236.651660000	87.2028	74	0
1527853236.652098000	87.2032	74	0
1527853236.764702000	87.3158	423	0
1527853236.773718000	87.3249	104	0
1527853236.773752000	87.3249	74	1
1527853236.773826000	87.325	112	0
1527853236.774266000	87.3254	112	1
1527853236.786625000	87.3378	74	0
1527853237.354245000	87.9054	393	1
1527853237.354300000	87.9054	278	1
1527853237.367295000	87.9184	74	0
1527853237.367445000	87.9186	74	0
1527853237.499644000	88.0508	281	0
1527853237.499759000	88.0509	335	0
1527853237.499780000	88.0509	74	1
1527853237.505313000	88.0565	205	0
1527853237.505415000	88.0566	118	0
1527853237.505432000	88.0566	74	1
1527853237.505783000	88.0569	112	0
1527853237.505932000	88.0571	112	1
1527853237.518143000	88.0693	74	0
1527853238.008132000	88.5593	392	1
1527853238.008216000	88.5594	274	1
1527853238.021257000	88.5724	74	0
1527853238.021415000	88.5726	74	0
1527853238.156755000	88.7079	283	0
1527853238.156867000	88.708	405	0
1527853238.156892000	88.708	74	1
1527853238.163258000	88.7144	275	0
1527853238.163348000	88.7145	142	0
1527853238.163364000	88.7145	74	1
1527853238.163432000	88.7146	112	0
1527853238.163796000	88.7149	112	1
1527853238.176884000	88.728	74	0
1527853238.688913000	89.2401	396	1
1527853238.688957000	89.2401	276	1
1527853238.703211000	89.2544	74	0
1527853238.703333000	89.2545	74	0
1527853238.847618000	89.3988	281	0
1527853238.847736000	89.3989	215	0
1527853238.847755000	89.3989	74	1
1527853238.853886000	89.405	354	0
1527853238.853986000	89.4051	337	0
1527853238.854007000	89.4051	74	1
1527853238.854073000	89.4052	112	0
1527853238.854786000	89.4059	112	1
1527853238.872102000	89.4232	74	0
1527853239.046086000	89.5972	549	1
1527853239.046142000	89.5973	275	1
1527853239.059987000	89.6111	74	0
1527853239.060142000	89.6113	74	0
1527853239.189863000	89.741	281	0
1527853239.189972000	89.7411	195	0
1527853239.189997000	89.7411	74	1
1527853239.195345000	89.7465	304	0
1527853239.195764000	89.7469	347	0
1527853239.195791000	89.7469	74	1
1527853239.195858000	89.747	112	0
1527853239.196368000	89.7475	112	1
1527853239.210819000	89.762	74	0
1527853239.497168000	90.0483	1361	1
1527853239.497217000	90.0484	278	1
1527853239.510586000	90.0617	74	0
1527853239.510744000	90.0619	74	0
1527853239.642877000	90.194	281	0
1527853239.642987000	90.1941	217	0
1527853239.643016000	90.1942	74	1
1527853239.652054000	90.2032	281	0
1527853239.652141000	90.2033	181	0
1527853239.652159000	90.2033	74	1
1527853239.652238000	90.2034	112	0
1527853239.652622000	90.2038	112	1
1527853239.665334000	90.2165	74	0
1527853239.965286000	90.5164	419	1
1527853239.965340000	90.5165	277	1
1527853239.978316000	90.5295	74	0
1527853239.978468000	90.5296	74	0
1527853240.258891000	90.81	281	0
1527853240.259005000	90.8101	375	0
1527853240.259029000	90.8102	74	1
1527853240.265899000	90.817	316	0
1527853240.265985000	90.8171	300	0
1527853240.266005000	90.8171	74	1
1527853240.266070000	90.8172	112	0
1527853240.266474000	90.8176	112	1
1527853240.279155000	90.8303	74	0
1527853240.326563000	90.8777	397	1
1527853240.326607000	90.8777	279	1
1527853240.340569000	90.8917	74	0
1527853240.340737000	90.8919	74	0
1527853240.465515000	91.0167	280	0
1527853240.465632000	91.0168	216	0
1527853240.465648000	91.0168	74	1
1527853240.471764000	91.0229	355	0
1527853240.471859000	91.023	334	0
1527853240.471876000	91.023	74	1
1527853240.471943000	91.0231	112	0
1527853240.472314000	91.0235	112	1
1527853240.485530000	91.0367	74	0
1527853240.635171000	91.1863	409	1
1527853240.635227000	91.1864	275	1
1527853240.648215000	91.1994	74	0
1527853240.653920000	91.2051	74	0
1527853240.770934000	91.3221	283	0
1527853240.771034000	91.3222	411	0
1527853240.771062000	91.3222	74	1
1527853240.776321000	91.3275	296	0
1527853240.776641000	91.3278	148	0
1527853240.776659000	91.3278	74	1
1527853240.776739000	91.3279	112	0
1527853240.777092000	91.3282	112	1
1527853240.792078000	91.3432	74	0
1527853241.073456000	91.6246	394	1
1527853241.073542000	91.6247	275	1
1527853241.086160000	91.6373	74	0
1527853241.086252000	91.6374	74	0
1527853241.460513000	92.0117	281	0
1527853241.460633000	92.0118	173	0
1527853241.460656000	92.0118	74	1
1527853241.466163000	92.0173	150	0
1527853241.466258000	92.0174	176	0
1527853241.466275000	92.0174	74	1
1527853241.466352000	92.0175	112	0
1527853241.466704000	92.0178	112	1
1527853241.480776000	92.0319	74	0
1527853241.554136000	92.1053	433	1
1527853241.554190000	92.1053	280	1
1527853241.566985000	92.1181	74	0
1527853241.567116000	92.1183	74	0
1527853241.691710000	92.2429	281	0
1527853241.691713000	92.2429	187	0
1527853241.691785000	92.2429	74	1
1527853241.697643000	92.2488	367	0
1527853241.697739000	92.2489	203	0
1527853241.697756000	92.2489	74	1
1527853241.697833000	92.249	112	0
1527853241.698198000	92.2493	112	1
1527853241.711588000	92.2627	74	0
1527853241.764028000	92.3152	396	1
1527853241.764071000	92.3152	274	1
1527853241.777605000	92.3287	74	0
1527853241.777763000	92.3289	74	0
1527853241.926463000	92.4776	283	0
1527853241.926565000	92.4777	319	0
1527853241.926580000	92.4777	74	1
1527853241.932256000	92.4834	173	0
1527853241.932626000	92.4838	242	0
1527853241.932647000	92.4838	74	1
1527853241.932715000	92.4839	112	0
1527853241.933169000	92.4843	112	1
1527853241.945991000	92.4971	74	0
1527853242.144567000	92.6957	394	1
1527853242.144640000	92.6958	276	1
1527853242.157659000	92.7088	74	0
1527853242.294397000	92.8455	281	0
1527853242.294503000	92.8456	258	0
1527853242.294519000	92.8457	74	1
1527853242.300240000	92.8514	174	0
1527853242.300339000	92.8515	250	0
1527853242.300354000	92.8515	74	1
1527853242.300431000	92.8516	112	0
1527853242.300770000	92.8519	112	1
1527853242.314478000	92.8656	74	0
1527853242.550681000	93.1018	393	1
1527853242.550728000	93.1019	279	1
1527853242.563279000	93.1144	74	0
1527853242.564160000	93.1153	74	0
1527853242.707745000	93.2589	283	0
1527853242.707842000	93.259	230	0
1527853242.707860000	93.259	74	1
1527853242.712880000	93.264	347	0
1527853242.712970000	93.2641	345	0
1527853242.712989000	93.2641	74	1
1527853242.713056000	93.2642	112	0
1527853242.713379000	93.2645	112	1
1527853242.728148000	93.2793	74	0
1527853243.018645000	93.5698	375	1
1527853243.018750000	93.5699	1434	1
1527853243.018755000	93.5699	1434	1
1527853243.018758000	93.5699	236	1
1527853243.018822000	93.57	1434	1
1527853243.018827000	93.57	908	1
1527853243.031162000	93.5823	74	0
1527853243.033475000	93.5846	74	0
1527853243.033558000	93.5847	74	0
1527853243.033942000	93.5851	74	0
1527853243.224527000	93.7757	326	1
1527853243.224612000	93.7758	275	1
1527853243.237905000	93.789	74	0
1527853243.238057000	93.7892	74	0
1527853243.365437000	93.9166	284	0
1527853243.365539000	93.9167	232	0
1527853243.365559000	93.9167	74	1
1527853243.367086000	93.9182	419	0
1527853243.373076000	93.9242	367	0
1527853243.373105000	93.9242	74	1
1527853243.373170000	93.9243	119	0
1527853243.373258000	93.9244	112	0
1527853243.373287000	93.9244	74	1
1527853243.373629000	93.9248	112	1
1527853243.374754000	93.9259	104	0
1527853243.386448000	93.9376	74	0
1527853243.575128000	94.1263	74	1
1527853243.694375000	94.2455	397	1
1527853243.694451000	94.2456	278	1
1527853243.708635000	94.2598	74	0
1527853243.708797000	94.2599	74	0
1527853243.844678000	94.3958	283	0
1527853243.844776000	94.3959	231	0
1527853243.844792000	94.3959	74	1
1527853243.850071000	94.4012	127	0
1527853243.850162000	94.4013	273	0
1527853243.850179000	94.4013	74	1
1527853243.850505000	94.4016	112	0
1527853243.850589000	94.4017	112	1
1527853243.864406000	94.4155	74	0
1527853244.143337000	94.6945	547	1
1527853244.143386000	94.6945	279	1
1527853244.156381000	94.7075	74	0
1527853244.156478000	94.7076	74	0
1527853244.288285000	94.8394	281	0
1527853244.288402000	94.8395	316	0
1527853244.288422000	94.8396	74	1
1527853244.294264000	94.8454	291	0
1527853244.294604000	94.8457	166	0
1527853244.294629000	94.8458	74	1
1527853244.294713000	94.8459	112	0
1527853244.295234000	94.8464	112	1
1527853244.309241000	94.8604	74	0
1527853244.427942000	94.9791	1360	1
1527853244.428019000	94.9792	279	1
1527853244.441089000	94.9922	74	0
1527853244.441284000	94.9924	74	0
1527853244.567986000	95.1191	280	0
1527853244.568093000	95.1192	177	0
1527853244.568118000	95.1193	74	1
1527853244.574210000	95.1254	120	0
1527853244.574312000	95.1255	145	0
1527853244.574330000	95.1255	74	1
1527853244.574403000	95.1255	112	0
1527853244.574821000	95.126	112	1
1527853244.588094000	95.1392	74	0
1527853244.884428000	95.4356	418	1
1527853244.884513000	95.4357	277	1
1527853244.897742000	95.4489	74	0
1527853244.897901000	95.449	74	0
1527853245.025848000	95.577	283	0
1527853245.025851000	95.577	178	0
1527853245.025915000	95.5771	74	1
1527853245.031934000	95.5831	195	0
1527853245.032119000	95.5833	213	0
1527853245.032150000	95.5833	74	1
1527853245.032222000	95.5834	112	0
1527853245.032561000	95.5837	112	1
1527853245.045598000	95.5967	74	0
1527853245.274726000	95.8259	397	1
1527853245.274782000	95.8259	279	1
1527853245.288246000	95.8394	74	0
1527853245.288248000	95.8394	74	0
1527853245.466215000	96.0174	283	0
1527853245.466335000	96.0175	205	0
1527853245.466361000	96.0175	74	1
1527853245.471196000	96.0223	351	0
1527853245.471281000	96.0224	284	0
1527853245.471306000	96.0224	74	1
1527853245.471643000	96.0228	112	0
1527853245.471777000	96.0229	112	1
1527853245.488707000	96.0398	74	0
1527853245.565387000	96.1165	413	1
1527853245.565473000	96.1166	276	1
1527853245.578613000	96.1298	74	0
1527853245.578767000	96.1299	74	0
1527853245.726807000	96.2779	283	0
1527853245.726912000	96.2781	359	0
1527853245.726940000	96.2781	74	1
1527853245.732944000	96.2841	316	0
1527853245.732946000	96.2841	110	0
1527853245.732967000	96.2841	74	1
1527853245.733028000	96.2842	112	0
1527853245.733568000	96.2847	112	1
1527853245.746879000	96.298	74	0
1527853248.726759000	99.2779	394	1
1527853248.726842000	99.278	274	1
1527853248.740610000	99.2918	74	0
1527853248.740760000	99.2919	74	0
1527853248.891270000	99.4424	284	0
1527853248.891401000	99.4425	205	0
1527853248.891424000	99.4426	74	1
1527853248.900578000	99.4517	131	0
1527853248.900676000	99.4518	202	0
1527853248.900688000	99.4518	74	1
1527853248.900786000	99.4519	112	0
1527853248.901088000	99.4522	112	1
1527853248.914205000	99.4653	74	0
1527853249.006685000	99.5578	433	1
1527853249.006739000	99.5579	296	1
1527853249.019819000	99.571	74	0
1527853249.019975000	99.5711	74	0
1527853249.167825000	99.719	283	0
1527853249.167922000	99.7191	276	0
1527853249.167941000	99.7191	74	1
1527853249.173679000	99.7248	200	0
1527853249.174408000	99.7255	317	0
1527853249.174437000	99.7256	74	1
1527853249.174510000	99.7257	112	0
1527853249.174920000	99.7261	112	1
1527853249.187783000	99.7389	74	0
1527853250.634040000	101.185	397	1
1527853250.634096000	101.185	274	1
1527853250.647080000	101.198	74	0
1527853250.647233000	101.198	74	0
1527853250.802205000	101.353	283	0
1527853250.802459000	101.354	288	0
1527853250.802474000	101.354	74	1
1527853250.807568000	101.359	207	0
1527853250.807668000	101.359	283	0
1527853250.807683000	101.359	74	1
1527853250.807761000	101.359	112	0
1527853250.808157000	101.359	112	1
1527853250.823557000	101.375	74	0
1527853253.584626000	104.136	393	1
1527853253.584669000	104.136	279	1
1527853253.598076000	104.149	74	0
1527853253.598158000	104.149	74	0
1527853254.180822000	104.732	281	0
1527853254.180935000	104.732	330	0
1527853254.180954000	104.732	74	1
1527853254.186375000	104.738	212	0
1527853254.186378000	104.738	288	0
1527853254.186412000	104.738	74	1
1527853254.186493000	104.738	112	0
1527853254.187015000	104.738	112	1
1527853254.199702000	104.751	74	0
1527853254.228837000	104.78	396	1
1527853254.228924000	104.78	290	1
1527853254.242083000	104.793	74	0
1527853254.243253000	104.794	74	0
1527853254.638523000	105.19	280	0
1527853254.638636000	105.19	344	0
1527853254.638665000	105.19	74	1
1527853254.644821000	105.196	363	0
1527853254.645244000	105.196	340	0
1527853254.645268000	105.196	74	1
1527853254.645606000	105.197	112	0
1527853254.645823000	105.197	112	1
1527853254.655403000	105.207	392	1
1527853254.655473000	105.207	279	1
1527853254.660046000	105.211	74	0
1527853254.668260000	105.219	74	0
1527853254.668553000	105.22	74	0
1527853255.046683000	105.598	281	0
1527853255.046795000	105.598	216	0
1527853255.046811000	105.598	74	1
1527853255.052152000	105.603	212	0
1527853255.052252000	105.603	168	0
1527853255.052263000	105.603	74	1
1527853255.052363000	105.604	112	0
1527853255.052688000	105.604	112	1
1527853255.066307000	105.617	74	0
1527853255.305543000	105.857	397	1
1527853255.305621000	105.857	280	1
1527853255.318445000	105.87	74	0
1527853255.318614000	105.87	74	0
1527853255.676982000	106.228	280	0
1527853255.677114000	106.228	425	0
1527853255.677141000	106.228	74	1
1527853255.683154000	106.234	296	0
1527853255.683547000	106.235	213	0
1527853255.683576000	106.235	74	1
1527853255.683649000	106.235	112	0
1527853255.684158000	106.235	112	1
1527853255.696766000	106.248	74	0
1527853255.783421000	106.335	549	1
1527853255.783512000	106.335	282	1
1527853255.797261000	106.348	74	0
1527853255.797393000	106.349	74	0
1527853256.161472000	106.713	281	0
1527853256.161567000	106.713	325	0
1527853256.161584000	106.713	74	1
1527853256.166987000	106.718	216	0
1527853256.167063000	106.718	151	0
1527853256.167079000	106.718	74	1
1527853256.167478000	106.719	112	0
1527853256.167624000	106.719	112	1
1527853256.180297000	106.731	74	0
1527853256.435864000	106.987	1365	1
1527853256.435945000	106.987	281	1
1527853256.449242000	107	74	0
1527853256.449358000	107	74	0
1527853256.688180000	107.239	281	0
1527853256.688287000	107.239	191	0
1527853256.688311000	107.239	74	1
1527853256.694254000	107.245	339	0
1527853256.694344000	107.245	190	0
1527853256.694366000	107.246	74	1
1527853256.694446000	107.246	112	0
1527853256.694875000	107.246	112	1
1527853256.706647000	107.258	420	1
1527853256.706734000	107.258	278	1
1527853256.707545000	107.259	74	0
1527853256.719221000	107.27	74	0
1527853256.719595000	107.271	74	0
1527853257.079070000	107.63	281	0
1527853257.079183000	107.63	296	0
1527853257.079204000	107.63	74	1
1527853257.087073000	107.638	125	0
1527853257.087399000	107.639	115	0
1527853257.087415000	107.639	74	1
1527853257.087489000	107.639	112	0
1527853257.087981000	107.639	112	1
1527853257.102349000	107.653	74	0
1527853257.337429000	107.889	410	1
1527853257.337476000	107.889	281	1
1527853257.350315000	107.901	74	0
1527853257.350483000	107.902	74	0
1527853257.724635000	108.276	284	0
1527853257.724750000	108.276	336	0
1527853257.724770000	108.276	74	1
1527853257.729408000	108.281	343	0
1527853257.729487000	108.281	233	0
1527853257.729506000	108.281	74	1
1527853257.729573000	108.281	112	0
1527853257.730280000	108.281	112	1
1527853257.743179000	108.294	74	0
1527853257.745596000	108.297	395	1
1527853257.745637000	108.297	278	1
1527853257.758578000	108.31	74	0
1527853257.758671000	108.31	74	0
1527853258.109736000	108.661	281	0
1527853258.109860000	108.661	351	0
1527853258.109888000	108.661	74	1
1527853258.116728000	108.668	221	0
1527853258.116808000	108.668	326	0
1527853258.116828000	108.668	74	1
1527853258.116920000	108.668	112	0
1527853258.117315000	108.668	112	1
1527853258.131979000	108.683	74	0
1527853258.353000000	108.904	431	1
1527853258.353050000	108.904	285	1
1527853258.365727000	108.917	74	0
1527853258.365880000	108.917	74	0
1527853258.721596000	109.273	281	0
1527853258.721709000	109.273	292	0
1527853258.721735000	109.273	74	1
1527853258.727249000	109.278	114	0
1527853258.727351000	109.278	281	0
1527853258.727367000	109.279	74	1
1527853258.727455000	109.279	112	0
1527853258.727798000	109.279	112	1
1527853258.741065000	109.292	74	0
1527853259.686183000	110.237	396	1
1527853259.686258000	110.237	274	1
1527853259.699088000	110.25	74	0
1527853259.699739000	110.251	74	0
1527853260.085828000	110.637	281	0
1527853260.085958000	110.637	397	0
1527853260.085981000	110.637	74	1
1527853260.091619000	110.643	339	0
1527853260.091688000	110.643	285	0
1527853260.091709000	110.643	74	1
1527853260.091807000	110.643	112	0
1527853260.092359000	110.644	112	1
1527853260.105055000	110.656	74	0
1527853260.105757000	110.657	397	1
1527853260.105828000	110.657	277	1
1527853260.118562000	110.67	74	0
1527853260.119106000	110.67	74	0
1527853260.464831000	111.016	280	0
1527853260.464942000	111.016	209	0
1527853260.464966000	111.016	74	1
1527853260.470485000	111.022	286	0
1527853260.470567000	111.022	193	0
1527853260.470593000	111.022	74	1
1527853260.470663000	111.022	112	0
1527853260.470990000	111.022	112	1
1527853260.483953000	111.035	74	0
1527853260.816930000	111.368	394	1
1527853260.816984000	111.368	276	1
1527853260.829687000	111.381	74	0
1527853260.829988000	111.381	74	0
1527853261.198579000	111.75	283	0
1527853261.198685000	111.75	300	0
1527853261.198703000	111.75	74	1
1527853261.206615000	111.758	158	0
1527853261.206707000	111.758	356	0
1527853261.206726000	111.758	74	1
1527853261.206806000	111.758	112	0
1527853261.207364000	111.759	112	1
1527853261.219722000	111.771	74	0
1527853262.143137000	112.694	394	1
1527853262.143223000	112.694	276	1
1527853262.156310000	112.707	74	0
1527853262.156402000	112.708	74	0
1527853262.506086000	113.057	283	0
1527853262.506214000	113.057	327	0
1527853262.506240000	113.057	74	1
1527853262.512852000	113.064	353	0
1527853262.512945000	113.064	165	0
1527853262.512965000	113.064	74	1
1527853262.513032000	113.064	112	0
1527853262.513409000	113.065	112	1
1527853262.526660000	113.078	74	0
1527853262.562525000	113.114	397	1
1527853262.562608000	113.114	275	1
1527853262.576065000	113.127	74	0
1527853262.576226000	113.127	74	0
1527853262.813279000	113.364	461	1
1527853262.813372000	113.365	1434	1
1527853262.813377000	113.365	1434	1
1527853262.813381000	113.365	236	1
1527853262.813416000	113.365	1434	1
1527853262.813421000	113.365	345	1
1527853262.826713000	113.378	74	0
1527853262.830232000	113.381	74	0
1527853262.830269000	113.381	74	0
1527853262.830412000	113.382	74	0
1527853262.830627000	113.382	74	0
1527853262.830727000	113.382	74	0
1527853262.934120000	113.485	280	0
1527853262.934124000	113.485	202	0
1527853262.934192000	113.485	74	1
1527853262.940628000	113.492	296	0
1527853262.940713000	113.492	220	0
1527853262.940729000	113.492	74	1
1527853262.940818000	113.492	112	0
1527853262.941234000	113.492	112	1
1527853262.954268000	113.505	74	0
1527853263.131613000	113.683	392	1
1527853263.131700000	113.683	274	1
1527853263.145424000	113.697	74	0
1527853263.145586000	113.697	74	0
1527853263.175921000	113.727	421	0
1527853263.183423000	113.735	104	0
1527853263.183450000	113.735	74	1
1527853263.183821000	113.735	112	0
1527853263.183990000	113.735	112	1
1527853263.237081000	113.788	74	0
1527853263.646436000	114.198	281	0
1527853263.646553000	114.198	191	0
1527853263.646572000	114.198	74	1
1527853263.652786000	114.204	263	0
1527853263.652877000	114.204	190	0
1527853263.652894000	114.204	74	1
1527853263.653271000	114.204	112	0
1527853263.653378000	114.205	112	1
1527853263.665828000	114.217	74	0
1527853264.152042000	114.703	1361	1
1527853264.152104000	114.703	274	1
1527853264.166027000	114.717	74	0
1527853264.166183000	114.717	74	0
1527853264.516626000	115.068	281	0
1527853264.516743000	115.068	173	0
1527853264.516768000	115.068	74	1
1527853264.522290000	115.073	344	0
1527853264.522367000	115.074	272	0
1527853264.522382000	115.074	74	1
1527853264.522459000	115.074	112	0
1527853264.522752000	115.074	112	1
1527853264.535689000	115.087	74	0
1527853264.601921000	115.153	420	1
1527853264.602009000	115.153	279	1
1527853264.625414000	115.177	74	0
1527853264.625572000	115.177	74	0
1527853264.988309000	115.539	281	0
1527853264.988431000	115.54	239	0
1527853264.988493000	115.54	74	1
1527853264.994938000	115.546	338	0
1527853264.995259000	115.546	189	0
1527853264.995281000	115.546	74	1
1527853264.995815000	115.547	112	1
1527853265.008497000	115.56	74	0
1527853265.130944000	115.682	414	1
1527853265.131000000	115.682	278	1
1527853265.145223000	115.696	74	0
1527853265.145341000	115.696	74	0
1527853265.495898000	116.047	281	0
1527853265.495994000	116.047	418	0
1527853265.496010000	116.047	74	1
1527853265.502218000	116.053	309	0
1527853265.502319000	116.053	270	0
1527853265.502334000	116.053	74	1
1527853265.502776000	116.054	112	0
1527853265.502997000	116.054	112	1
1527853265.515649000	116.067	74	0
1527853265.590924000	116.142	393	1
1527853265.591010000	116.142	275	1
1527853265.603840000	116.155	74	0
1527853265.603997000	116.155	74	0
1527853265.959440000	116.511	281	0
1527853265.959544000	116.511	265	0
1527853265.959562000	116.511	74	1
1527853265.964832000	116.516	208	0
1527853265.964914000	116.516	161	0
1527853265.964931000	116.516	74	1
1527853265.965032000	116.516	112	0
1527853265.965463000	116.517	112	1
1527853265.988097000	116.539	74	0
1527853266.081343000	116.632	429	1
