1527782133.477951000	0	296	1
1527782133.495382000	0.017431	87	0
1527782133.670486000	0.192535	396	0
1527782133.671914000	0.193963	1412	0
1527782133.673309000	0.195358	1412	0
1527782133.673605000	0.195654	107	1
1527782133.674786000	0.196835	1412	0
1527782133.676154000	0.198203	180	0
1527782133.677579000	0.199628	1412	0
1527782133.677715000	0.199764	101	1
1527782133.678975000	0.201024	1412	0
1527782133.680368000	0.202417	1412	0
1527782133.681730000	0.203779	188	0
1527782133.683135000	0.205184	722	0
1527782133.684661000	0.20671	1412	0
1527782133.686058000	0.208107	1412	0
1527782133.687012000	0.209061	98	1
1527782133.687433000	0.209482	694	0
1527782133.689386000	0.211435	1412	0
1527782133.690774000	0.212823	1412	0
1527782133.692072000	0.214121	116	1
1527782133.692167000	0.214216	1412	0
1527782133.693532000	0.215581	188	0
1527782133.694550000	0.216599	107	1
1527782133.695054000	0.217103	1192	0
1527782133.696463000	0.218512	1412	0
1527782133.697576000	0.219625	101	1
1527782133.697851000	0.2199	1412	0
1527782133.699251000	0.2213	1412	0
1527782133.700562000	0.222611	101	1
1527782133.700602000	0.222651	188	0
1527782133.702035000	0.224084	1241	0
1527782133.703425000	0.225474	1412	0
1527782133.703567000	0.225616	104	1
1527782133.704839000	0.226888	252	0
1527782133.706263000	0.228312	1412	0
1527782133.707582000	0.229631	101	1
1527782133.707621000	0.22967	802	0
1527782133.709053000	0.231102	1412	0
1527782133.710443000	0.232492	1001	0
1527782133.710597000	0.232646	104	1
1527782133.711854000	0.233903	1412	0
1527782133.713249000	0.235298	1412	0
1527782133.714563000	0.236612	101	1
1527782133.714687000	0.236736	1412	0
1527782133.716055000	0.238104	188	0
1527782133.717479000	0.239528	1412	0
1527782133.717638000	0.239687	104	1
1527782133.718839000	0.240888	170	0
1527782133.720264000	0.242313	1412	0
1527782133.721555000	0.243604	101	1
1527782133.721652000	0.243701	1412	0
1527782133.723044000	0.245093	1412	0
1527782133.724449000	0.246498	188	0
1527782133.724574000	0.246623	104	1
1527782133.725869000	0.247918	1412	0
1527782133.727228000	0.249277	153	0
1527782133.728544000	0.250593	101	1
1527782133.728649000	0.250698	1412	0
1527782133.730052000	0.252101	1412	0
1527782133.731446000	0.253495	1412	0
1527782133.731600000	0.253649	104	1
1527782133.732804000	0.254853	188	0
1527782133.734253000	0.256302	794	0
1527782133.735560000	0.257609	101	1
1527782133.735654000	0.257703	1412	0
1527782133.737055000	0.259104	1412	0
1527782133.738454000	0.260503	1412	0
1527782133.738685000	0.260734	104	1
1527782133.739802000	0.261851	188	0
1527782133.741210000	0.263259	663	0
1527782133.742561000	0.26461	101	1
1527782133.742579000	0.264628	92	0
1527782133.745592000	0.267641	112	1
1527782133.746665000	0.268714	92	0
1527782133.749765000	0.271814	98	1
1527782133.753220000	0.275269	396	0
1527782133.756165000	0.278214	98	1
1527782133.774282000	0.296331	87	0
1527782134.098413000	0.620462	475	1
1527782134.098494000	0.620543	1412	1
1527782134.098517000	0.620566	916	1
1527782134.105288000	0.627337	366	1
1527782134.116848000	0.638897	87	0
1527782134.121893000	0.643942	87	0
1527782134.221918000	0.743967	325	0
1527782134.223353000	0.745402	1412	0
1527782134.224601000	0.74665	110	1
1527782134.224812000	0.746861	1412	0
1527782134.226223000	0.748272	1412	0
1527782134.227575000	0.749624	180	0
1527782134.227597000	0.749646	101	1
1527782134.228994000	0.751043	1412	0
1527782134.230389000	0.752438	1412	0
1527782134.230602000	0.752651	104	1
1527782134.231776000	0.753825	1071	0
1527782134.234329000	0.756378	92	0
1527782134.235594000	0.757643	101	1
1527782134.235725000	0.757774	166	0
1527782134.238599000	0.760648	98	1
1527782134.238857000	0.760906	373	0
1527782134.241444000	0.763493	80	0
1527782134.241562000	0.763611	101	1
1527782134.338669000	0.860718	216	1
1527782134.357137000	0.879186	87	0
1527782134.441993000	0.964042	380	0
1527782134.443421000	0.96547	1115	0
1527782134.444606000	0.966655	101	1
1527782134.444840000	0.966889	92	0
1527782134.446272000	0.968321	329	0
1527782134.447594000	0.969643	104	1
1527782134.745526000	1.26758	864	1
1527782134.747083000	1.26913	428	1
1527782134.762040000	1.28409	100	0
1527782134.764507000	1.28656	87	0
1527782134.764710000	1.28676	101	1
1527782134.875805000	1.39785	327	1
1527782134.904611000	1.42666	87	0
1527782134.914785000	1.43683	372	0
1527782134.916198000	1.43825	360	0
1527782134.917597000	1.43965	311	0
1527782134.917676000	1.43972	101	1
1527782134.920633000	1.44268	101	1
1527782134.938542000	1.46059	491	0
1527782134.941669000	1.46372	98	1
1527782134.963248000	1.4853	437	0
1527782134.964709000	1.48676	1195	0
1527782134.966646000	1.48869	101	1
1527782135.117153000	1.6392	244	1
1527782135.117241000	1.63929	144	1
1527782135.137379000	1.65943	87	0
1527782135.190308000	1.71236	155	1
1527782135.190391000	1.71244	190	1
1527782135.196778000	1.71883	1412	0
1527782135.198157000	1.72021	1412	0
1527782135.199548000	1.7216	1412	0
1527782135.200914000	1.72296	571	0
1527782135.202289000	1.72434	92	0
1527782135.203695000	1.72574	288	0
1527782135.205683000	1.72773	116	1
1527782135.207760000	1.72981	87	0
1527782135.318107000	1.84016	592	0
1527782135.319480000	1.84153	174	0
1527782135.320735000	1.84278	104	1
1527782136.007834000	2.52988	232	1
1527782136.024747000	2.5468	87	0
1527782136.051110000	2.57316	1412	1
1527782136.051155000	2.5732	538	1
1527782136.069467000	2.59152	87	0
1527782136.142016000	2.66406	1412	1
1527782136.142088000	2.66414	1143	1
1527782136.142150000	2.6642	844	1
1527782136.151348000	2.6734	275	0
1527782136.152765000	2.67481	1412	0
1527782136.154022000	2.67607	101	1
1527782136.154175000	2.67622	998	0
1527782136.155602000	2.67765	92	0
1527782136.157000000	2.67905	293	0
1527782136.157687000	2.67974	104	1
1527782136.160314000	2.68236	87	0
1527782136.181798000	2.70385	473	0
1527782136.183166000	2.70521	132	0
1527782136.184725000	2.70677	104	1
1527782136.380905000	2.90295	1412	1
1527782136.380978000	2.90303	805	1
1527782136.398428000	2.92048	87	0
1527782136.402956000	2.925	1412	0
1527782136.404413000	2.92646	1412	0
1527782136.405715000	2.92776	104	1
1527782136.405801000	2.92785	1412	0
1527782136.407200000	2.92925	511	0
1527782136.408591000	2.93064	355	0
1527782136.408776000	2.93082	104	1
1527782136.569876000	3.09192	1255	0
1527782136.572733000	3.09478	98	1
1527782137.105652000	3.6277	661	1
1527782137.105761000	3.62781	1412	1
1527782137.105806000	3.62786	1412	1
1527782137.105828000	3.62788	1412	1
1527782137.105853000	3.6279	1412	1
1527782137.105890000	3.62794	1412	1
1527782137.105923000	3.62797	1412	1
1527782137.105978000	3.62803	1412	1
1527782137.106002000	3.62805	1412	1
1527782137.106039000	3.62809	1412	1
1527782137.106073000	3.62812	1412	1
1527782137.106110000	3.62816	1412	1
1527782137.106152000	3.6282	1412	1
1527782137.106180000	3.62823	1277	1
1527782137.123215000	3.64526	100	0
1527782137.126375000	3.64842	98	1
1527782137.128521000	3.65057	87	0
1527782137.378240000	3.90029	400	0
1527782137.380726000	3.90278	80	0
1527782137.382376000	3.90442	104	1
1527782137.383731000	3.90578	1390	1
1527782137.402245000	3.92429	87	0
1527782137.537127000	4.05918	546	0
1527782137.540213000	4.06226	101	1
1527782139.193912000	5.71596	332	1
1527782139.193993000	5.71604	1412	1
1527782139.194017000	5.71607	988	1
1527782139.195264000	5.71731	223	1
1527782139.195336000	5.71739	1412	1
1527782139.195373000	5.71742	1412	1
1527782139.195400000	5.71745	767	1
1527782139.196964000	5.71901	101	1
1527782139.199433000	5.72148	251	1
1527782139.212004000	5.73405	87	0
1527782139.215171000	5.73722	94	0
1527782139.218193000	5.74024	87	0
1527782139.218248000	5.7403	101	1
1527782139.323474000	5.84552	470	0
1527782139.326063000	5.84811	80	0
1527782139.346217000	5.86827	101	1
1527782139.349288000	5.87134	98	1
1527782139.353977000	5.87603	528	0
1527782139.355419000	5.87747	307	0
1527782139.356813000	5.87886	316	0
1527782139.357816000	5.87986	121	1
1527782139.363025000	5.88507	250	1
1527782139.374911000	5.89696	87	0
1527782139.381500000	5.90355	87	0
1527782139.547076000	6.06912	916	0
1527782139.548405000	6.07045	1412	0
1527782139.549811000	6.07186	1412	0
1527782139.550635000	6.07268	107	1
1527782139.551229000	6.07328	1412	0
1527782139.552603000	6.07465	180	0
1527782139.554034000	6.07608	1412	0
1527782139.554216000	6.07626	101	1
1527782139.555478000	6.07753	1358	0
1527782139.556878000	6.07893	1412	0
1527782139.557188000	6.07924	107	1
1527782139.558271000	6.08032	1412	0
1527782139.559677000	6.08173	1412	0
1527782139.561033000	6.08308	188	0
1527782139.561209000	6.08326	104	1
1527782139.562475000	6.08452	1229	0
1527782139.563855000	6.0859	1412	0
1527782139.565190000	6.08724	101	1
1527782139.565297000	6.08735	1412	0
1527782139.566696000	6.08874	1412	0
1527782139.568061000	6.09011	188	0
1527782139.569188000	6.09124	101	1
1527782139.569476000	6.09152	1412	0
1527782139.570855000	6.0929	730	0
1527782139.572203000	6.09425	104	1
1527782139.572275000	6.09432	1412	0
1527782139.573664000	6.09571	1412	0
1527782139.575099000	6.09715	1412	0
1527782139.576310000	6.09836	101	1
1527782139.576455000	6.0985	188	0
1527782139.577865000	6.09991	788	0
1527782139.579275000	6.10132	1412	0
1527782139.580670000	6.10272	1412	0
1527782139.582063000	6.10411	1412	0
1527782139.582794000	6.10484	110	1
1527782139.583426000	6.10547	188	0
1527782139.584888000	6.10694	979	0
1527782139.586367000	6.10842	1412	0
1527782139.586494000	6.10854	104	1
1527782139.587747000	6.1098	1412	0
1527782139.589144000	6.11119	1412	0
1527782139.589192000	6.11124	101	1
1527782139.590505000	6.11255	188	0
1527782139.591927000	6.11398	1412	0
1527782139.593291000	6.11534	203	0
1527782139.594840000	6.11689	1412	0
1527782139.595126000	6.11717	101	1
1527782139.596238000	6.11829	1412	0
1527782139.597631000	6.11968	1412	0
1527782139.598991000	6.12104	188	0
1527782139.600409000	6.12246	1191	0
1527782139.601814000	6.12386	1412	0
1527782139.603222000	6.12527	1412	0
1527782139.604675000	6.12672	1412	0
1527782139.604947000	6.127	125	1
1527782139.606036000	6.12808	188	0
1527782139.607448000	6.1295	987	0
1527782139.608189000	6.13024	101	1
1527782139.608852000	6.1309	1412	0
1527782139.610246000	6.13229	1259	0
1527782139.611194000	6.13324	101	1
1527782139.611622000	6.13367	744	0
1527782139.613037000	6.13509	1412	0
1527782139.614201000	6.13625	101	1
1527782139.614475000	6.13652	1325	0
1527782139.615880000	6.13793	1412	0
1527782139.617273000	6.13932	1412	0
1527782139.617329000	6.13938	98	1
1527782139.618639000	6.14069	358	0
1527782139.620052000	6.1421	240	0
1527782139.620194000	6.14224	104	1
1527782139.623228000	6.14528	98	1
1527782139.624614000	6.14666	916	0
1527782139.627211000	6.14926	112	1
1527782139.642396000	6.16444	87	0
1527782140.867509000	7.38956	309	1
1527782140.867584000	7.38963	144	1
1527782140.888264000	7.41031	87	0
1527782140.960090000	7.48214	1412	0
1527782140.961471000	7.48352	1412	0
1527782140.962866000	7.48492	1412	0
1527782140.963270000	7.48532	110	1
1527782140.964313000	7.48636	485	0
1527782140.965709000	7.48776	266	0
1527782140.967252000	7.4893	101	1
1527782141.938804000	8.46085	379	1
1527782141.938880000	8.46093	294	1
1527782141.940688000	8.46274	326	1
1527782141.940764000	8.46281	1412	1
1527782141.940805000	8.46285	1412	1
1527782141.940833000	8.46288	989	1
1527782141.961321000	8.48337	87	0
1527782141.970409000	8.49246	87	0
1527782141.998446000	8.52049	399	1
1527782142.015646000	8.53769	87	0
1527782142.031870000	8.55392	400	0
1527782142.034747000	8.5568	101	1
1527782142.035718000	8.55777	80	0
1527782142.038766000	8.56081	98	1
1527782142.052598000	8.57465	308	0
1527782142.054005000	8.57605	1400	0
1527782142.055441000	8.57749	513	0
1527782142.055725000	8.57777	104	1
1527782142.056838000	8.57889	592	0
1527782142.058234000	8.58028	645	0
1527782142.059622000	8.58167	467	0
1527782142.059745000	8.58179	104	1
1527782142.061019000	8.58307	697	0
1527782142.062406000	8.58446	484	0
1527782142.063716000	8.58576	101	1
1527782142.063803000	8.58585	835	0
1527782142.065248000	8.5873	649	0
1527782142.066643000	8.58869	519	0
1527782142.066760000	8.58881	104	1
1527782142.068032000	8.59008	439	0
1527782142.069428000	8.59148	701	0
1527782142.070712000	8.59276	101	1
1527782142.070820000	8.59287	616	0
1527782142.072212000	8.59426	558	0
1527782142.073607000	8.59566	654	0
1527782142.073747000	8.5958	104	1
1527782142.075041000	8.59709	583	0
1527782142.076434000	8.59848	689	0
1527782142.077716000	8.59977	101	1
1527782142.079440000	8.60149	92	0
1527782142.080909000	8.60296	144	0
1527782142.081728000	8.60378	101	1
1527782142.085222000	8.60727	345	0
1527782142.086605000	8.60865	103	0
1527782142.087728000	8.60978	101	1
1527782142.088120000	8.61017	264	0
1527782142.090725000	8.61277	98	1
1527782142.682396000	9.20444	1412	1
1527782142.682464000	9.20451	1412	1
1527782142.682495000	9.20454	340	1
1527782142.682554000	9.2046	844	1
1527782142.703702000	9.22575	87	0
1527782142.724014000	9.24606	464	0
1527782142.725450000	9.2475	288	0
1527782142.726764000	9.24881	104	1
1527782142.999977000	9.52203	1004	1
1527782143.000051000	9.5221	94	1
1527782143.018196000	9.54025	87	0
1527782143.089181000	9.61123	262	0
1527782143.090565000	9.61261	367	0
1527782143.091789000	9.61384	104	1
1527782143.093768000	9.61582	162	0
1527782143.096763000	9.61881	98	1
1527782143.798326000	10.3204	475	1
1527782143.798402000	10.3205	109	1
1527782143.816353000	10.3384	87	0
1527782143.822684000	10.3447	303	1
1527782143.825829000	10.3479	477	1
1527782143.825898000	10.3479	87	1
1527782143.839963000	10.362	87	0
1527782143.844539000	10.3666	87	0
1527782143.893214000	10.4153	313	0
1527782143.894699000	10.4167	151	0
1527782143.895839000	10.4179	110	1
1527782143.897578000	10.4196	92	0
1527782143.898985000	10.421	149	0
1527782143.900332000	10.4224	101	1
1527782143.960455000	10.4825	272	0
1527782143.961834000	10.4839	233	0
1527782143.963215000	10.4853	103	0
1527782143.964675000	10.4867	140	0
1527782143.966077000	10.4881	92	0
1527782143.966859000	10.4889	110	1
1527782143.967489000	10.4895	308	0
1527782143.968878000	10.4909	92	0
1527782143.969840000	10.4919	101	1
1527782143.970270000	10.4923	326	0
1527782143.972943000	10.495	98	1
1527782144.419994000	10.942	392	1
1527782144.420086000	10.9421	253	1
1527782144.437173000	10.9592	87	0
1527782144.886721000	11.4088	370	1
1527782144.886841000	11.4089	1412	1
1527782144.886867000	11.4089	1412	1
1527782144.886908000	11.409	1412	1
1527782144.886963000	11.409	1412	1
1527782144.886987000	11.409	1412	1
1527782144.887028000	11.4091	1412	1
1527782144.887062000	11.4091	1412	1
1527782144.887097000	11.4091	1412	1
1527782144.887133000	11.4092	1412	1
1527782144.887181000	11.4092	1412	1
1527782144.887218000	11.4093	1412	1
1527782144.887251000	11.4093	1412	1
1527782144.887287000	11.4093	1412	1
1527782144.888887000	11.4109	1412	1
1527782144.888911000	11.411	1412	1
1527782144.888947000	11.411	1412	1
1527782144.888991000	11.411	1412	1
1527782144.889025000	11.4111	1412	1
1527782144.889054000	11.4111	1412	1
1527782144.889091000	11.4111	1412	1
1527782144.889124000	11.4112	1412	1
1527782144.890885000	11.4129	1412	1
1527782144.890922000	11.413	1412	1
1527782144.890950000	11.413	1412	1
1527782144.890989000	11.413	1412	1
1527782144.891018000	11.4131	1412	1
1527782144.891055000	11.4131	1412	1
1527782144.891088000	11.4131	1412	1
1527782144.892876000	11.4149	1412	1
1527782144.892897000	11.4149	1412	1
1527782144.892937000	11.415	1412	1
1527782144.892977000	11.415	1412	1
1527782144.893005000	11.4151	1412	1
1527782144.893042000	11.4151	764	1
1527782144.908104000	11.4302	87	0
1527782144.911365000	11.4334	87	0
1527782144.916356000	11.4384	87	0
1527782144.920113000	11.4422	87	0
1527782144.922555000	11.4446	87	0
1527782145.002681000	11.5247	442	0
1527782145.005921000	11.528	116	1
1527782145.007096000	11.5291	80	0
1527782145.009908000	11.532	98	1
1527782145.088036000	11.6101	266	0
1527782145.089415000	11.6115	146	0
1527782145.090896000	11.6129	101	1
1527782145.091741000	11.6138	92	0
1527782145.093137000	11.6152	104	0
1527782145.093882000	11.6159	101	1
1527782145.143500000	11.6655	359	1
1527782145.144126000	11.6662	295	1
1527782145.160695000	11.6827	87	0
1527782145.162947000	11.685	87	0
1527782145.171284000	11.6933	394	1
1527782145.190143000	11.7122	87	0
1527782145.224698000	11.7467	325	1
1527782145.224773000	11.7468	444	1
1527782145.237284000	11.7593	233	0
1527782145.238662000	11.7607	118	0
1527782145.239912000	11.762	104	1
1527782145.241562000	11.7636	102	0
1527782145.242965000	11.765	301	0
1527782145.244926000	11.767	101	1
1527782145.258627000	11.7807	235	0
1527782145.260012000	11.7821	279	0
1527782145.262632000	11.7847	102	0
1527782145.262910000	11.785	104	1
1527782145.264039000	11.7861	218	0
1527782145.266911000	11.789	98	1
1527782145.342403000	11.8645	319	0
1527782145.343793000	11.8658	146	0
1527782145.344913000	11.867	101	1
1527782145.345240000	11.8673	92	0
1527782145.347912000	11.87	98	1
1527782145.349899000	11.8719	226	0
1527782145.352912000	11.875	98	1
1527782145.413931000	11.936	1412	1
1527782145.414002000	11.9361	405	1
1527782145.443280000	11.9653	87	0
1527782145.489384000	12.0114	553	0
1527782145.490772000	12.0128	802	0
1527782145.491938000	12.014	104	1
1527782145.492165000	12.0142	92	0
1527782145.494923000	12.017	98	1
1527782145.507268000	12.0293	236	0
1527782145.509946000	12.032	98	1
1527782145.550004000	12.0721	740	0
1527782145.551352000	12.0734	314	0
1527782145.552945000	12.075	101	1
1527782145.564313000	12.0864	666	1
1527782145.582856000	12.1049	87	0
1527782145.703313000	12.2254	745	0
1527782145.705963000	12.228	101	1
1527782145.822856000	12.3449	792	1
1527782145.822921000	12.345	252	1
1527782145.840082000	12.3621	87	0
1527782145.930628000	12.4527	387	0
1527782145.931997000	12.454	146	0
1527782145.933025000	12.4551	104	1
1527782145.937199000	12.4592	92	0
1527782145.938557000	12.4606	242	0
1527782145.940034000	12.4621	101	1
1527782146.447060000	12.9691	392	1
1527782146.447155000	12.9692	255	1
1527782146.464969000	12.987	87	0
1527782146.469363000	12.9914	87	0
1527782146.573721000	13.0958	256	0
1527782146.575159000	13.0972	146	0
1527782146.577070000	13.0991	107	1
1527782146.577902000	13.1	92	0
1527782146.579308000	13.1014	286	0
1527782146.581077000	13.1031	101	1
1527782146.742907000	13.265	391	1
1527782146.742969000	13.265	254	1
1527782146.765361000	13.2874	87	0
1527782146.862078000	13.3841	260	0
1527782146.863475000	13.3855	146	0
1527782146.865094000	13.3871	104	1
1527782146.865317000	13.3874	92	0
1527782146.866713000	13.3888	197	0
1527782146.868072000	13.3901	101	1
1527782147.301726000	13.8238	393	1
1527782147.301791000	13.8238	253	1
1527782147.319621000	13.8417	87	0
1527782147.410910000	13.933	275	0
1527782147.413682000	13.9357	156	0
1527782147.414076000	13.9361	104	1
1527782147.415087000	13.9371	214	0
1527782147.418124000	13.9402	98	1
1527782147.583528000	14.1056	390	1
1527782147.583587000	14.1056	257	1
1527782147.602089000	14.1241	87	0
1527782147.686164000	14.2082	256	0
1527782147.687642000	14.2097	146	0
1527782147.689135000	14.2112	104	1
1527782147.690942000	14.213	92	0
1527782147.692367000	14.2144	171	0
1527782147.694055000	14.2161	101	1
1527782148.073227000	14.5953	388	1
1527782148.073319000	14.5954	252	1
1527782148.091458000	14.6135	87	0
1527782148.215121000	14.7372	259	0
1527782148.216543000	14.7386	146	0
1527782148.218123000	14.7402	92	0
1527782148.218183000	14.7402	104	1
1527782148.219565000	14.7416	105	0
1527782148.221168000	14.7432	101	1
1527782148.641693000	15.1637	389	1
1527782148.641788000	15.1638	253	1
1527782148.662174000	15.1842	87	0
1527782148.680164000	15.2022	87	0
1527782148.795812000	15.3179	259	0
1527782148.797156000	15.3192	148	0
1527782148.799199000	15.3212	107	1
1527782148.800387000	15.3224	92	0
1527782148.801792000	15.3238	221	0
1527782148.803112000	15.3252	101	1
1527782148.870277000	15.3923	388	1
1527782148.870341000	15.3924	255	1
1527782148.887962000	15.41	87	0
1527782148.978279000	15.5003	310	0
1527782148.979667000	15.5017	148	0
1527782148.981052000	15.5031	92	0
1527782148.981139000	15.5032	104	1
1527782148.982460000	15.5045	220	0
1527782148.984199000	15.5062	101	1
1527782149.233391000	15.7554	389	1
1527782149.233482000	15.7555	255	1
1527782149.251669000	15.7737	87	0
1527782149.356199000	15.8782	232	0
1527782149.357666000	15.8797	148	0
1527782149.359221000	15.8813	104	1
1527782149.359826000	15.8819	92	0
1527782149.361189000	15.8832	132	0
1527782149.362141000	15.8842	101	1
1527782149.592859000	16.1149	390	1
1527782149.592926000	16.115	259	1
1527782149.610377000	16.1324	87	0
1527782149.732022000	16.2541	235	0
1527782149.733413000	16.2555	148	0
1527782149.735342000	16.2574	104	1
1527782149.736493000	16.2585	92	0
1527782149.737893000	16.2599	268	0
1527782149.739172000	16.2612	101	1
1527782149.852297000	16.3743	986	1
1527782149.852387000	16.3744	254	1
1527782149.870206000	16.3923	87	0
1527782149.881301000	16.4033	87	0
1527782149.970398000	16.4924	260	0
1527782149.971777000	16.4938	148	0
1527782149.973265000	16.4953	107	1
1527782149.974119000	16.4962	92	0
1527782149.975543000	16.4976	338	0
1527782149.977255000	16.4993	101	1
1527782150.112299000	16.6343	584	1
1527782150.112392000	16.6344	254	1
1527782150.129666000	16.6517	87	0
1527782150.244941000	16.767	235	0
1527782150.246266000	16.7683	148	0
1527782150.248298000	16.7703	104	1
1527782150.249803000	16.7719	92	0
1527782150.251235000	16.7733	286	0
1527782150.252196000	16.7742	101	1
1527782150.374517000	16.8966	787	1
1527782150.374580000	16.8966	257	1
1527782150.393188000	16.9152	87	0
1527782150.520180000	17.0422	235	0
1527782150.521513000	17.0436	148	0
1527782150.523295000	17.0453	104	1
1527782150.524209000	17.0463	92	0
1527782150.525661000	17.0477	96	0
1527782150.527281000	17.0493	101	1
1527782151.042970000	17.565	392	1
1527782151.043021000	17.5651	256	1
1527782151.060423000	17.5825	87	0
1527782151.138619000	17.6607	257	0
1527782151.139994000	17.662	148	0
1527782151.141249000	17.6633	104	1
1527782151.146039000	17.6681	92	0
1527782151.147437000	17.6695	290	0
1527782151.149245000	17.6713	101	1
1527782151.321643000	17.8437	388	1
1527782151.321707000	17.8438	256	1
1527782151.339624000	17.8617	87	0
1527782151.431549000	17.9536	235	0
1527782151.432927000	17.955	148	0
1527782151.434290000	17.9563	104	1
1527782151.435951000	17.958	92	0
1527782151.437340000	17.9594	101	0
1527782151.438257000	17.9603	101	1
1527782151.624494000	18.1465	393	1
1527782151.624550000	18.1466	254	1
1527782151.651010000	18.1731	87	0
1527782151.736272000	18.2583	361	0
1527782151.737655000	18.2597	148	0
1527782151.739365000	18.2614	104	1
1527782151.740885000	18.2629	92	0
1527782151.742285000	18.2643	251	0
1527782151.743277000	18.2653	101	1
1527782151.893438000	18.4155	387	1
1527782151.893534000	18.4156	256	1
1527782151.912931000	18.435	87	0
1527782152.016018000	18.5381	279	0
1527782152.017351000	18.5394	148	0
1527782152.019374000	18.5414	104	1
1527782152.019513000	18.5416	92	0
1527782152.020961000	18.543	190	0
1527782152.022369000	18.5444	101	1
1527782152.283242000	18.8053	387	1
1527782152.283340000	18.8054	254	1
1527782152.300013000	18.8221	87	0
1527782152.403359000	18.9254	235	0
1527782152.404873000	18.9269	148	0
1527782152.406405000	18.9285	104	1
1527782152.407508000	18.9296	92	0
1527782152.408973000	18.931	326	0
1527782152.410345000	18.9324	101	1
1527782152.583603000	19.1057	388	1
1527782152.583668000	19.1057	256	1
1527782152.607784000	19.1298	87	0
1527782152.705328000	19.2274	277	0
1527782152.706709000	19.2288	148	0
1527782152.708419000	19.2305	104	1
1527782152.709836000	19.2319	92	0
1527782152.711229000	19.2333	97	0
1527782152.712333000	19.2344	101	1
1527782153.014656000	19.5367	393	1
1527782153.014740000	19.5368	255	1
1527782153.034400000	19.5564	87	0
1527782153.116412000	19.6385	280	0
1527782153.117825000	19.6399	148	0
1527782153.119446000	19.6415	104	1
1527782153.121198000	19.6432	92	0
1527782153.122558000	19.6446	135	0
1527782153.124437000	19.6465	101	1
1527782153.376162000	19.8982	390	1
1527782153.376259000	19.8983	258	1
1527782153.393491000	19.9155	87	0
1527782153.502244000	20.0243	235	0
1527782153.503625000	20.0257	148	0
1527782153.505072000	20.0271	92	0
1527782153.505401000	20.0274	107	1
1527782153.506513000	20.0286	245	0
1527782153.509421000	20.0315	98	1
1527782153.911350000	20.4334	393	1
1527782153.911423000	20.4335	263	1
1527782153.930854000	20.4529	87	0
1527782154.017943000	20.54	256	0
1527782154.019336000	20.5414	148	0
1527782154.020434000	20.5425	104	1
1527782154.021719000	20.5438	92	0
1527782154.023121000	20.5452	157	0
1527782154.024409000	20.5465	101	1
1527782154.255412000	20.7775	986	1
1527782154.255489000	20.7775	255	1
1527782154.273832000	20.7959	87	0
1527782154.284040000	20.8061	87	0
1527782154.374635000	20.8967	309	0
1527782154.376014000	20.8981	148	0
1527782154.377437000	20.8995	107	1
1527782154.379820000	20.9019	92	0
1527782154.381223000	20.9033	173	0
1527782154.382461000	20.9045	101	1
1527782154.680712000	21.2028	587	1
1527782154.680795000	21.2028	259	1
1527782154.699104000	21.2212	87	0
1527782154.703519000	21.2256	87	0
1527782154.772491000	21.2945	233	0
1527782154.773892000	21.2959	148	0
1527782154.775471000	21.2975	107	1
1527782154.775566000	21.2976	92	0
1527782154.776978000	21.299	202	0
1527782154.778459000	21.3005	101	1
1527782155.056049000	21.5781	787	1
1527782155.056109000	21.5782	254	1
1527782155.075039000	21.5971	87	0
1527782155.164239000	21.6863	258	0
1527782155.165685000	21.6877	148	0
1527782155.167506000	21.6896	104	1
1527782155.169979000	21.692	92	0
1527782155.171387000	21.6934	316	0
1527782155.172474000	21.6945	101	1
1527782155.977222000	22.4993	392	1
1527782155.977323000	22.4994	260	1
1527782155.995064000	22.5171	87	0
1527782156.082501000	22.6045	258	0
1527782156.083934000	22.606	148	0
1527782156.085580000	22.6076	104	1
1527782156.087338000	22.6094	92	0
1527782156.088745000	22.6108	265	0
1527782156.089517000	22.6116	101	1
1527782156.198879000	22.7209	392	1
1527782156.198940000	22.721	257	1
1527782156.215988000	22.738	87	0
1527782156.325206000	22.8473	233	0
1527782156.326595000	22.8486	148	0
1527782156.328561000	22.8506	104	1
1527782156.329806000	22.8519	92	0
1527782156.331201000	22.8533	85	0
1527782156.332545000	22.8546	101	1
1527782156.430389000	22.9524	392	1
1527782156.430481000	22.9525	256	1
1527782156.447716000	22.9698	87	0
1527782156.575563000	23.0976	235	0
1527782156.576943000	23.099	148	0
1527782156.578565000	23.1006	104	1
1527782156.582120000	23.1042	92	0
1527782156.583595000	23.1056	285	0
1527782156.584575000	23.1066	101	1
1527782156.739936000	23.262	388	1
1527782156.740025000	23.2621	257	1
1527782156.756611000	23.2787	87	0
1527782156.845232000	23.3673	259	0
1527782156.846559000	23.3686	148	0
1527782156.847661000	23.3697	104	1
1527782156.850454000	23.3725	92	0
1527782156.851849000	23.3739	216	0
1527782156.853646000	23.3757	101	1
1527782157.112558000	23.6346	389	1
1527782157.112636000	23.6347	259	1
1527782157.131592000	23.6536	87	0
1527782157.223829000	23.7459	236	0
1527782157.225275000	23.7473	148	0
1527782157.226679000	23.7487	104	1
1527782157.228375000	23.7504	92	0
1527782157.229712000	23.7518	100	0
1527782157.230593000	23.7526	101	1
1527782157.354979000	23.877	393	1
1527782157.355071000	23.8771	255	1
1527782157.372461000	23.8945	87	0
1527782157.454463000	23.9765	363	0
1527782157.455902000	23.978	148	0
1527782157.457683000	23.9797	104	1
1527782157.458618000	23.9807	92	0
1527782157.460020000	23.9821	309	0
1527782157.461699000	23.9837	101	1
1527782157.691069000	24.2131	388	1
1527782157.691158000	24.2132	255	1
1527782157.708280000	24.2303	87	0
1527782157.811579000	24.3336	282	0
1527782157.812966000	24.335	148	0
1527782157.814733000	24.3368	104	1
1527782157.815852000	24.3379	92	0
1527782157.817257000	24.3393	340	0
1527782157.818709000	24.3408	101	1
1527782158.147182000	24.6692	391	1
1527782158.147274000	24.6693	258	1
1527782158.164965000	24.687	87	0
1527782158.279221000	24.8013	235	0
1527782158.280527000	24.8026	148	0
1527782158.281767000	24.8038	104	1
1527782158.283698000	24.8057	92	0
1527782158.285174000	24.8072	162	0
1527782158.286675000	24.8087	101	1
1527782158.596917000	25.119	388	1
1527782158.597010000	25.1191	258	1
1527782158.614782000	25.1368	87	0
1527782158.618476000	25.1405	87	0
1527782158.712465000	25.2345	277	0
1527782158.713865000	25.2359	148	0
1527782158.715774000	25.2378	107	1
1527782158.718194000	25.2402	92	0
1527782158.719595000	25.2416	185	0
1527782158.720678000	25.2427	101	1
1527782158.931466000	25.4535	987	1
1527782158.931561000	25.4536	256	1
1527782158.949466000	25.4715	87	0
1527782159.058522000	25.5806	284	0
1527782159.059889000	25.5819	148	0
1527782159.061743000	25.5838	92	0
1527782159.061833000	25.5839	104	1
1527782159.063201000	25.5852	108	0
1527782159.064794000	25.5868	101	1
1527782159.281329000	25.8034	589	1
1527782159.281406000	25.8035	254	1
1527782159.299917000	25.822	87	0
1527782159.386391000	25.9084	232	0
1527782159.387767000	25.9098	148	0
1527782159.389815000	25.9119	104	1
1527782159.390754000	25.9128	92	0
1527782159.392152000	25.9142	146	0
1527782159.393798000	25.9158	101	1
1527782159.550808000	26.0729	786	1
1527782159.550890000	26.0729	255	1
1527782159.568695000	26.0907	87	0
1527782159.664788000	26.1868	233	0
1527782159.666237000	26.1883	148	0
1527782159.667621000	26.1897	92	0
1527782159.667876000	26.1899	107	1
1527782159.669018000	26.1911	329	0
1527782159.671814000	26.1939	98	1
1527782159.753528000	26.2756	387	1
1527782159.753623000	26.2757	255	1
1527782159.771673000	26.2937	87	0
1527782159.851749000	26.3738	331	0
1527782159.853129000	26.3752	148	0
1527782159.854538000	26.3766	92	0
1527782159.854789000	26.3768	107	1
1527782159.856043000	26.3781	270	0
1527782159.858820000	26.3809	98	1
1527782160.004048000	26.5261	388	1
1527782160.004146000	26.5262	255	1
1527782160.021665000	26.5437	87	0
1527782160.120988000	26.643	233	0
1527782160.122371000	26.6444	148	0
1527782160.123852000	26.6459	104	1
1527782160.125368000	26.6474	92	0
1527782160.126765000	26.6488	193	0
1527782160.127759000	26.6498	101	1
1527782161.073403000	27.5955	390	1
1527782161.073500000	27.5955	257	1
1527782161.090456000	27.6125	87	0
1527782161.174832000	27.6969	259	0
1527782161.176232000	27.6983	148	0
1527782161.177921000	27.7	104	1
1527782161.178655000	27.7007	92	0
1527782161.180057000	27.7021	165	0
1527782161.181908000	27.704	101	1
1527782161.431268000	27.9533	393	1
1527782161.431360000	27.9534	261	1
1527782161.448702000	27.9708	87	0
1527782161.559884000	28.0819	233	0
1527782161.561307000	28.0834	148	0
1527782161.562925000	28.085	104	1
1527782161.564877000	28.0869	92	0
1527782161.566273000	28.0883	163	0
1527782161.567939000	28.09	101	1
1527782161.783277000	28.3053	388	1
1527782161.783364000	28.3054	261	1
1527782161.801291000	28.3233	87	0
1527782161.907489000	28.4295	256	0
1527782161.908905000	28.431	148	0
1527782161.909955000	28.432	104	1
1527782161.912123000	28.4342	92	0
1527782161.913468000	28.4355	94	0
1527782161.914862000	28.4369	101	1
1527782162.206245000	28.7283	390	1
1527782162.206315000	28.7284	259	1
1527782162.237978000	28.76	390	1
1527782162.248374000	28.7704	87	0
1527782162.255398000	28.7774	87	0
1527782162.415976000	28.938	235	0
1527782162.418805000	28.9409	148	0
1527782162.418923000	28.941	104	1
1527782162.420680000	28.9427	92	0
1527782162.421895000	28.9439	101	1
1527782162.422068000	28.9441	162	0
1527782162.424906000	28.947	98	1
1527782162.477698000	28.9997	392	1
1527782162.477792000	28.9998	260	1
1527782162.513427000	29.0355	87	0
1527782162.631543000	29.1536	233	0
1527782162.632934000	29.155	148	0
1527782162.633925000	29.156	104	1
1527782162.634390000	29.1564	92	0
1527782162.635772000	29.1578	203	0
1527782162.636887000	29.1589	101	1
1527782162.768189000	29.2902	387	1
1527782162.768255000	29.2903	257	1
1527782162.786361000	29.3084	87	0
1527782162.870625000	29.3927	259	0
1527782162.871989000	29.394	148	0
1527782162.874026000	29.3961	104	1
1527782162.874065000	29.3961	92	0
1527782162.875671000	29.3977	152	0
1527782162.876909000	29.399	101	1
1527782163.239434000	29.7615	391	1
1527782163.239497000	29.7615	258	1
1527782163.256872000	29.7789	87	0
1527782163.359666000	29.8817	363	0
1527782163.360993000	29.883	148	0
1527782163.363032000	29.8851	104	1
1527782163.363988000	29.886	92	0
1527782163.365446000	29.8875	217	0
1527782163.367021000	29.8891	101	1
1527782163.481847000	30.0039	990	1
1527782163.481998000	30.004	256	1
1527782163.505230000	30.0273	87	0
1527782163.603620000	30.1257	258	0
1527782163.605068000	30.1271	148	0
1527782163.605978000	30.128	104	1
1527782163.607623000	30.1297	92	0
1527782163.609018000	30.1311	255	0
1527782163.609957000	30.132	101	1
1527782163.857390000	30.3794	583	1
1527782163.857449000	30.3795	260	1
1527782163.881455000	30.4035	87	0
1527782163.980753000	30.5028	256	0
1527782163.982136000	30.5042	148	0
1527782163.983462000	30.5055	92	0
1527782163.984067000	30.5061	107	1
1527782163.984976000	30.507	141	0
1527782163.988054000	30.5101	98	1
1527782164.097470000	30.6195	787	1
1527782164.097553000	30.6196	259	1
1527782164.130326000	30.6524	87	0
1527782164.221724000	30.7438	277	0
1527782164.223038000	30.7451	148	0
1527782164.225049000	30.7471	92	0
1527782164.225112000	30.7472	104	1
1527782164.226457000	30.7485	106	0
1527782164.227982000	30.75	101	1
1527782164.370593000	30.8926	388	1
1527782164.370688000	30.8927	259	1
1527782164.392121000	30.9142	87	0
1527782164.471309000	30.9934	256	0
1527782164.472669000	30.9947	148	0
1527782164.474048000	30.9961	104	1
1527782164.476500000	30.9985	92	0
1527782164.477974000	31	216	0
1527782164.479024000	31.0011	101	1
1527782164.587048000	31.1091	388	1
1527782164.587135000	31.1092	257	1
1527782164.614836000	31.1369	87	0
1527782164.619809000	31.1419	87	0
1527782164.686512000	31.2086	235	0
1527782164.687957000	31.21	148	0
1527782164.689108000	31.2112	107	1
1527782164.690536000	31.2126	92	0
1527782164.691973000	31.214	278	0
1527782164.693020000	31.2151	101	1
1527782164.802563000	31.3246	389	1
1527782164.802638000	31.3247	256	1
1527782164.820434000	31.3425	87	0
1527782164.901660000	31.4237	256	0
1527782164.903031000	31.4251	148	0
1527782164.904047000	31.4261	104	1
1527782164.904966000	31.427	92	0
1527782164.906368000	31.4284	214	0
1527782164.908034000	31.4301	101	1
1527782165.012129000	31.5342	387	1
1527782165.012193000	31.5342	259	1
1527782165.029466000	31.5515	87	0
1527782165.118617000	31.6407	307	0
1527782165.120087000	31.6421	148	0
1527782165.121151000	31.6432	104	1
1527782165.121461000	31.6435	92	0
1527782165.122875000	31.6449	138	0
1527782165.124035000	31.6461	101	1
1527782165.305322000	31.8274	391	1
1527782165.305418000	31.8275	261	1
1527782165.323915000	31.846	87	0
1527782165.395018000	31.9171	235	0
1527782165.396358000	31.9184	148	0
1527782165.398074000	31.9201	104	1
1527782165.399078000	31.9211	92	0
1527782165.400464000	31.9225	251	0
1527782165.402142000	31.9242	101	1
1527782165.774412000	32.2965	388	1
1527782165.774506000	32.2966	261	1
1527782165.794132000	32.3162	87	0
1527782165.889931000	32.412	255	0
1527782165.891326000	32.4134	148	0
1527782165.892710000	32.4148	92	0
1527782165.893176000	32.4152	107	1
1527782165.894130000	32.4162	143	0
1527782165.897093000	32.4191	98	1
1527782166.106286000	32.6283	391	1
1527782166.106380000	32.6284	255	1
1527782166.123989000	32.646	87	0
1527782166.219360000	32.7414	235	0
1527782166.220756000	32.7428	148	0
1527782166.222210000	32.7443	104	1
1527782166.223139000	32.7452	92	0
1527782166.224562000	32.7466	187	0
1527782166.226183000	32.7482	101	1
1527782166.495190000	33.0172	391	1
1527782166.495285000	33.0173	257	1
1527782166.513935000	33.036	87	0
1527782166.615290000	33.1373	235	0
1527782166.616680000	33.1387	148	0
1527782166.618128000	33.1402	92	0
1527782166.618222000	33.1403	104	1
1527782166.619474000	33.1415	246	0
1527782166.621155000	33.1432	101	1
1527782166.636966000	33.159	235	0
1527782166.640203000	33.1623	98	1
1527782166.895261000	33.4173	393	1
1527782166.895327000	33.4174	260	1
1527782166.913698000	33.4357	87	0
1527782167.031065000	33.5531	259	0
1527782167.032467000	33.5545	148	0
1527782167.034240000	33.5563	104	1
1527782167.034454000	33.5565	92	0
1527782167.035851000	33.5579	330	0
1527782167.037230000	33.5593	101	1
1527782167.331577000	33.8536	987	1
1527782167.331636000	33.8537	261	1
1527782167.348770000	33.8708	87	0
1527782167.444912000	33.967	232	0
1527782167.446228000	33.9683	148	0
1527782167.448264000	33.9703	104	1
1527782167.449031000	33.9711	92	0
1527782167.450566000	33.9726	319	0
1527782167.452248000	33.9743	101	1
1527782171.305735000	37.8278	564	1
1527782171.305835000	37.8279	1412	1
1527782171.305873000	37.8279	1412	1
1527782171.305907000	37.828	1412	1
1527782171.305943000	37.828	1378	1
1527782171.323434000	37.8455	87	0
1527782171.388674000	37.9107	413	0
1527782171.391608000	37.9137	101	1
1527782171.394461000	37.9165	80	0
1527782171.397722000	37.9198	98	1
1527782171.507385000	38.0294	791	1
1527782171.507466000	38.0295	256	1
1527782171.526228000	38.0483	87	0
1527782171.532354000	38.0544	87	0
1527782171.611218000	38.1333	360	0
1527782171.612559000	38.1346	148	0
1527782171.613714000	38.1358	107	1
1527782171.615812000	38.1379	92	0
1527782171.617207000	38.1393	92	0
1527782171.618688000	38.1407	101	1
1527782171.728941000	38.251	390	1
1527782171.729016000	38.2511	258	1
1527782171.747561000	38.2696	87	0
1527782171.830281000	38.3523	282	0
1527782171.831673000	38.3537	148	0
1527782171.832712000	38.3548	104	1
1527782171.834152000	38.3562	92	0
1527782171.835614000	38.3577	220	0
1527782171.836615000	38.3587	101	1
1527782172.043929000	38.566	389	1
1527782172.044026000	38.5661	255	1
1527782172.060684000	38.5827	87	0
1527782172.156317000	38.6784	275	0
1527782172.157762000	38.6798	148	0
1527782172.158643000	38.6807	104	1
1527782172.160313000	38.6824	92	0
1527782172.161711000	38.6838	136	0
1527782172.162624000	38.6847	101	1
1527782172.323118000	38.8452	387	1
1527782172.323183000	38.8452	260	1
1527782172.340309000	38.8624	87	0
1527782172.345737000	38.8678	87	0
1527782172.425169000	38.9472	256	0
1527782172.426501000	38.9485	148	0
1527782172.427746000	38.9498	107	1
1527782172.429136000	38.9512	92	0
1527782172.430483000	38.9525	220	0
1527782172.431663000	38.9537	101	1
1527782172.537242000	39.0593	388	1
1527782172.537334000	39.0594	257	1
1527782172.554962000	39.077	87	0
1527782172.628554000	39.1506	235	0
1527782172.630070000	39.1521	148	0
1527782172.631761000	39.1538	104	1
1527782172.632757000	39.1548	92	0
1527782172.634177000	39.1562	221	0
1527782172.635677000	39.1577	101	1
1527782172.829445000	39.3515	393	1
1527782172.829530000	39.3516	262	1
1527782172.846690000	39.3687	87	0
1527782172.851823000	39.3739	87	0
1527782172.919355000	39.4414	259	0
1527782172.920738000	39.4428	148	0
1527782172.922123000	39.4442	92	0
1527782172.922697000	39.4447	110	1
1527782172.923554000	39.4456	102	0
1527782172.926711000	39.4488	98	1
1527782173.312345000	39.8344	393	1
1527782173.312423000	39.8345	265	1
1527782173.330541000	39.8526	87	0
1527782173.407914000	39.93	309	0
1527782173.409291000	39.9313	148	0
1527782173.410679000	39.9327	92	0
1527782173.410763000	39.9328	104	1
1527782173.412099000	39.9341	182	0
1527782173.413809000	39.9359	101	1
1527782173.552965000	40.075	389	1
1527782173.553031000	40.0751	258	1
1527782173.570072000	40.0921	87	0
1527782173.668350000	40.1904	233	0
1527782173.669737000	40.1918	148	0
1527782173.670810000	40.1929	104	1
1527782173.671282000	40.1933	92	0
1527782173.672683000	40.1947	157	0
1527782173.673716000	40.1958	101	1
1527782173.888080000	40.4101	391	1
1527782173.888178000	40.4102	259	1
1527782173.905510000	40.4276	87	0
1527782174.004418000	40.5265	258	0
1527782174.005794000	40.5278	148	0
1527782174.007838000	40.5299	104	1
1527782174.010058000	40.5321	92	0
1527782174.011460000	40.5335	168	0
1527782174.012765000	40.5348	101	1
1527782174.157278000	40.6793	990	1
1527782174.157356000	40.6794	257	1
1527782174.176128000	40.6982	87	0
1527782174.254411000	40.7765	233	0
1527782174.255787000	40.7778	148	0
1527782174.256850000	40.7789	104	1
1527782174.258831000	40.7809	92	0
1527782174.260293000	40.7823	183	0
1527782174.261835000	40.7839	101	1
1527782174.427397000	40.9494	387	1
1527782174.427493000	40.9495	259	1
1527782174.445500000	40.9675	87	0
1527782174.540136000	41.0622	235	0
1527782174.541568000	41.0636	148	0
1527782174.542860000	41.0649	104	1
1527782174.544025000	41.0661	92	0
1527782174.545465000	41.0675	274	0
1527782174.546870000	41.0689	101	1
1527782174.651597000	41.1736	588	1
1527782174.651691000	41.1737	260	1
1527782174.668834000	41.1909	87	0
1527782174.762797000	41.2848	233	0
1527782174.764186000	41.2862	148	0
1527782174.765876000	41.2879	104	1
1527782174.767276000	41.2893	92	0
1527782174.768694000	41.2907	116	0
1527782174.769780000	41.2918	101	1
1527782174.888183000	41.4102	791	1
1527782174.888272000	41.4103	255	1
1527782174.907158000	41.4292	87	0
1527782174.911314000	41.4334	87	0
1527782175.021303000	41.5434	255	0
1527782175.022681000	41.5447	148	0
1527782175.023831000	41.5459	107	1
1527782175.025561000	41.5476	92	0
1527782175.026949000	41.549	133	0
1527782175.027801000	41.5498	101	1
1527782178.772811000	45.2949	390	1
1527782178.772878000	45.2949	256	1
1527782178.790682000	45.3127	87	0
1527782178.892557000	45.4146	260	0
1527782178.893986000	45.416	148	0
1527782178.895298000	45.4173	104	1
1527782178.895876000	45.4179	92	0
1527782178.897275000	45.4193	102	0
1527782178.898222000	45.4203	101	1
1527782179.122616000	45.6447	389	1
1527782179.122676000	45.6447	259	1
1527782179.139815000	45.6619	87	0
1527782179.216178000	45.7382	233	0
1527782179.217519000	45.7396	148	0
1527782179.219333000	45.7414	104	1
1527782179.220635000	45.7427	92	0
1527782179.222040000	45.7441	151	0
1527782179.223328000	45.7454	101	1
1527782179.458956000	45.981	387	1
1527782179.459081000	45.9811	259	1
1527782179.480311000	46.0024	87	0
1527782179.567277000	46.0893	363	0
1527782179.568651000	46.0907	148	0
1527782179.570153000	46.0922	92	0
1527782179.570323000	46.0924	107	1
1527782179.571575000	46.0936	156	0
1527782179.574283000	46.0963	98	1
1527782179.887200000	46.4092	388	1
1527782179.887274000	46.4093	255	1
1527782179.905573000	46.4276	87	0
1527782179.998383000	46.5204	280	0
1527782179.999820000	46.5219	148	0
1527782180.001374000	46.5234	104	1
1527782180.001668000	46.5237	92	0
1527782180.003069000	46.5251	286	0
1527782180.004287000	46.5263	101	1
1527782180.375107000	46.8972	391	1
1527782180.375185000	46.8972	261	1
1527782180.393356000	46.9154	87	0
1527782180.481900000	47.0039	275	0
1527782180.483281000	47.0053	148	0
1527782180.484402000	47.0065	104	1
1527782180.487506000	47.0096	92	0
1527782180.488965000	47.011	139	0
1527782180.490388000	47.0124	101	1
1527782180.624075000	47.1461	388	1
1527782180.624168000	47.1462	259	1
1527782180.649176000	47.1712	87	0
1527782180.731061000	47.2531	259	0
1527782180.732385000	47.2544	148	0
1527782180.734427000	47.2565	104	1
1527782180.734444000	47.2565	92	0
1527782180.735914000	47.258	298	0
1527782180.737404000	47.2595	101	1
1527782181.015755000	47.5378	389	1
1527782181.015846000	47.5379	257	1
1527782181.033078000	47.5551	87	0
1527782181.037460000	47.5595	87	0
1527782181.108157000	47.6302	257	0
1527782181.109533000	47.6316	148	0
1527782181.111356000	47.6334	107	1
1527782181.112076000	47.6341	92	0
1527782181.113480000	47.6355	336	0
1527782181.114349000	47.6364	101	1
1527782181.244690000	47.7667	391	1
1527782181.244781000	47.7668	258	1
1527782181.263402000	47.7855	87	0
1527782181.340422000	47.8625	233	0
1527782181.341852000	47.8639	148	0
1527782181.343448000	47.8655	104	1
1527782181.343684000	47.8657	92	0
1527782181.345141000	47.8672	149	0
1527782181.346393000	47.8684	101	1
1527782181.469634000	47.9917	986	1
1527782181.469722000	47.9918	255	1
1527782181.487722000	48.0098	87	0
1527782181.585218000	48.1073	306	0
1527782181.586594000	48.1086	148	0
1527782181.588394000	48.1104	104	1
1527782181.589517000	48.1116	92	0
1527782181.590943000	48.113	271	0
1527782181.592455000	48.1145	101	1
1527782181.700819000	48.2229	386	1
1527782181.700910000	48.223	258	1
1527782181.719027000	48.2411	87	0
1527782181.821544000	48.3436	259	0
1527782181.822982000	48.345	148	0
1527782181.824476000	48.3465	104	1
1527782181.826224000	48.3483	92	0
1527782181.827629000	48.3497	179	0
1527782181.829463000	48.3515	101	1
1527782181.910479000	48.4325	584	1
1527782181.910570000	48.4326	255	1
1527782181.931554000	48.4536	87	0
1527782182.037788000	48.5598	236	0
1527782182.039181000	48.5612	148	0
1527782182.040486000	48.5625	104	1
1527782182.042723000	48.5648	92	0
1527782182.044125000	48.5662	304	0
1527782182.045477000	48.5675	101	1
1527782182.741038000	49.2631	793	1
1527782182.741098000	49.2631	262	1
1527782182.760571000	49.2826	87	0
1527782182.828482000	49.3505	257	0
1527782182.829871000	49.3519	148	0
1527782182.831522000	49.3536	104	1
1527782182.832203000	49.3543	92	0
1527782182.833575000	49.3556	290	0
1527782182.834444000	49.3565	101	1
1527782182.976870000	49.4989	391	1
1527782182.976960000	49.499	260	1
1527782182.994208000	49.5163	87	0
1527782183.000327000	49.5224	87	0
1527782183.078059000	49.6001	233	0
1527782183.079440000	49.6015	148	0
1527782183.080498000	49.6025	107	1
1527782183.082158000	49.6042	92	0
1527782183.083557000	49.6056	149	0
1527782183.084456000	49.6065	101	1
1527782183.288516000	49.8106	392	1
1527782183.288594000	49.8106	266	1
1527782183.305228000	49.8273	87	0
1527782183.400390000	49.9224	232	0
1527782183.401774000	49.9238	148	0
1527782183.403505000	49.9256	104	1
1527782183.404652000	49.9267	92	0
1527782183.407465000	49.9295	98	1
1527782183.410434000	49.9325	299	0
1527782183.413560000	49.9356	98	1
1527782183.957921000	50.48	391	1
1527782183.958006000	50.4801	277	1
1527782183.975993000	50.498	87	0
1527782184.072064000	50.5941	256	0
1527782184.073461000	50.5955	148	0
1527782184.074530000	50.5966	104	1
1527782184.075988000	50.598	92	0
1527782184.077389000	50.5994	208	0
1527782184.078524000	50.6006	101	1
1527782184.197206000	50.7193	387	1
1527782184.197278000	50.7193	262	1
1527782184.215300000	50.7373	87	0
1527782184.329989000	50.852	233	0
1527782184.331369000	50.8534	148	0
1527782184.332533000	50.8546	104	1
1527782184.333537000	50.8556	92	0
1527782184.335050000	50.8571	138	0
1527782184.336547000	50.8586	101	1
1527782184.422674000	50.9447	392	1
1527782184.422751000	50.9448	261	1
1527782184.440464000	50.9625	87	0
1527782184.576274000	51.0983	233	0
1527782184.577654000	51.0997	148	0
1527782184.579561000	51.1016	104	1
1527782184.580670000	51.1027	92	0
1527782184.582062000	51.1041	162	0
1527782184.583545000	51.1056	101	1
1527782184.636996000	51.159	388	1
1527782184.637070000	51.1591	262	1
1527782184.655081000	51.1771	87	0
1527782184.735182000	51.2572	361	0
1527782184.736543000	51.2586	148	0
1527782184.737560000	51.2596	104	1
1527782184.744222000	51.2663	92	0
1527782184.745627000	51.2677	294	0
1527782184.746611000	51.2687	101	1
1527782184.856711000	51.3788	387	1
1527782184.856786000	51.3788	262	1
1527782184.874622000	51.3967	87	0
1527782184.947466000	51.4695	280	0
1527782184.948895000	51.4709	148	0
1527782184.950595000	51.4726	104	1
1527782184.951612000	51.4737	92	0
1527782184.953026000	51.4751	160	0
1527782184.954650000	51.4767	101	1
1527782185.174585000	51.6966	388	1
1527782185.174660000	51.6967	266	1
1527782185.192619000	51.7147	87	0
1527782185.272941000	51.795	275	0
1527782185.274373000	51.7964	148	0
1527782185.275609000	51.7977	104	1
1527782185.275784000	51.7978	92	0
1527782185.277175000	51.7992	95	0
1527782185.278593000	51.8006	101	1
1527782185.594813000	52.1169	988	1
1527782185.594906000	52.117	267	1
1527782185.613218000	52.1353	87	0
1527782185.741541000	52.2636	255	0
1527782185.742918000	52.265	148	0
1527782185.744617000	52.2667	104	1
1527782185.745304000	52.2674	92	0
1527782185.746704000	52.2688	123	0
1527782185.747601000	52.2696	101	1
1527782185.844881000	52.3669	586	1
1527782185.844969000	52.367	263	1
1527782185.867868000	52.3899	87	0
1527782185.873366000	52.3954	87	0
1527782185.946135000	52.4682	256	0
1527782185.947443000	52.4695	148	0
1527782185.948731000	52.4708	107	1
1527782185.949239000	52.4713	92	0
1527782185.950557000	52.4726	91	0
1527782185.951612000	52.4737	101	1
1527782186.078987000	52.601	399	1
1527782186.079079000	52.6011	261	1
1527782186.096027000	52.6181	87	0
1527782186.168180000	52.6902	235	0
1527782186.169508000	52.6916	148	0
1527782186.170725000	52.6928	104	1
1527782186.171307000	52.6934	92	0
1527782186.172684000	52.6947	170	0
1527782186.173637000	52.6957	101	1
1527782186.301519000	52.8236	775	1
1527782186.301579000	52.8236	260	1
1527782186.319497000	52.8415	87	0
1527782186.389899000	52.9119	307	0
1527782186.391286000	52.9133	148	0
1527782186.392666000	52.9147	104	1
1527782186.392843000	52.9149	92	0
1527782186.394302000	52.9164	167	0
1527782186.395651000	52.9177	101	1
1527782186.529125000	53.0512	392	1
1527782186.529215000	53.0513	260	1
1527782186.558290000	53.0803	87	0
1527782186.621747000	53.1438	235	0
1527782186.623194000	53.1452	148	0
1527782186.624756000	53.1468	104	1
1527782186.625809000	53.1479	92	0
1527782186.627243000	53.1493	272	0
1527782186.628773000	53.1508	101	1
1527782186.769008000	53.2911	391	1
1527782186.769102000	53.2912	259	1
1527782186.786618000	53.3087	87	0
1527782186.861668000	53.3837	257	0
1527782186.863044000	53.3851	148	0
1527782186.864695000	53.3867	104	1
1527782186.864740000	53.3868	92	0
1527782186.866161000	53.3882	167	0
1527782186.867663000	53.3897	101	1
1527782187.010866000	53.5329	392	1
1527782187.010962000	53.533	264	1
1527782187.027720000	53.5498	87	0
1527782187.117477000	53.6395	233	0
1527782187.118853000	53.6409	148	0
1527782187.120696000	53.6427	104	1
1527782187.121998000	53.644	92	0
1527782187.123402000	53.6455	184	0
1527782187.124687000	53.6467	101	1
1527782187.225106000	53.7472	392	1
1527782187.225169000	53.7472	265	1
1527782187.243223000	53.7653	87	0
1527782187.321222000	53.8433	235	0
1527782187.322616000	53.8447	148	0
1527782187.323802000	53.8459	104	1
1527782187.324203000	53.8463	92	0
1527782187.325656000	53.8477	174	0
1527782187.326707000	53.8488	101	1
1527782187.643955000	54.166	388	1
1527782187.644043000	54.1661	267	1
1527782187.661039000	54.1831	87	0
1527782187.740205000	54.2623	235	0
1527782187.741581000	54.2636	148	0
1527782187.742736000	54.2648	104	1
1527782187.743397000	54.2654	92	0
1527782187.744855000	54.2669	265	0
1527782187.745765000	54.2678	101	1
1527782188.065208000	54.5873	391	1
1527782188.065284000	54.5873	269	1
1527782188.082323000	54.6044	87	0
1527782188.224234000	54.7463	259	0
1527782188.225681000	54.7477	148	0
1527782188.226854000	54.7489	104	1
1527782188.229298000	54.7513	92	0
1527782188.230757000	54.7528	249	0
1527782188.231761000	54.7538	101	1
1527782188.460000000	54.982	391	1
1527782188.460098000	54.9821	268	1
1527782188.476839000	54.9989	87	0
1527782188.558300000	55.0803	236	0
1527782188.559676000	55.0817	148	0
1527782188.560874000	55.0829	104	1
1527782188.561479000	55.0835	92	0
1527782188.562868000	55.0849	274	0
1527782188.563756000	55.0858	101	1
1527782188.754745000	55.2768	991	1
1527782188.754836000	55.2769	262	1
1527782188.774394000	55.2964	87	0
1527782188.873362000	55.3954	256	0
1527782188.874813000	55.3969	148	0
1527782188.875818000	55.3979	104	1
1527782188.876727000	55.3988	92	0
1527782188.878129000	55.4002	109	0
1527782188.879842000	55.4019	101	1
1527782188.953957000	55.476	586	1
1527782188.954033000	55.4761	266	1
1527782188.986879000	55.5089	586	1
1527782188.989177000	55.5112	87	0
1527782189.007650000	55.5297	87	0
1527782189.071917000	55.594	361	0
1527782189.073295000	55.5953	148	0
1527782189.074745000	55.5968	92	0
1527782189.074836000	55.5969	107	1
1527782189.076146000	55.5982	122	0
1527782189.077797000	55.5998	101	1
1527782189.236117000	55.7582	400	1
1527782189.236196000	55.7582	265	1
1527782189.254272000	55.7763	87	0
1527782189.333148000	55.8552	260	0
1527782189.334581000	55.8566	148	0
1527782189.335840000	55.8579	104	1
1527782189.337983000	55.86	92	0
1527782189.339381000	55.8614	109	0
1527782189.340823000	55.8629	101	1
1527782189.445031000	55.9671	781	1
1527782189.445108000	55.9672	261	1
1527782189.463414000	55.9855	87	0
1527782189.539780000	56.0618	278	0
1527782189.541158000	56.0632	148	0
1527782189.542711000	56.0648	92	0
1527782189.542897000	56.0649	107	1
1527782189.544148000	56.0662	192	0
1527782189.546861000	56.0689	98	1
1527782189.666644000	56.1887	389	1
1527782189.666738000	56.1888	261	1
1527782189.685261000	56.2073	87	0
1527782189.775501000	56.2975	258	0
1527782189.776875000	56.2989	148	0
1527782189.778955000	56.301	104	1
1527782189.785253000	56.3073	92	0
1527782189.786661000	56.3087	210	0
1527782189.787838000	56.3099	101	1
1527782189.929554000	56.4516	388	1
1527782189.929645000	56.4517	266	1
1527782189.946678000	56.4687	87	0
1527782190.044826000	56.5669	259	0
1527782190.046107000	56.5682	148	0
1527782190.047959000	56.57	104	1
1527782190.048441000	56.5705	92	0
1527782190.049841000	56.5719	157	0
1527782190.050862000	56.5729	101	1
1527782190.363106000	56.8852	388	1
1527782190.363196000	56.8852	269	1
1527782190.380560000	56.9026	87	0
1527782190.646983000	57.169	235	0
1527782190.648364000	57.1704	148	0
1527782190.649815000	57.1719	92	0
1527782190.649899000	57.1719	104	1
1527782190.651212000	57.1733	87	0
1527782190.652884000	57.1749	101	1
1527782190.775297000	57.2973	392	1
1527782190.775359000	57.2974	270	1
1527782190.801127000	57.3232	87	0
1527782190.881501000	57.4035	334	0
1527782190.882881000	57.4049	148	0
1527782190.883918000	57.406	104	1
1527782190.884344000	57.4064	92	0
1527782190.885756000	57.4078	302	0
1527782190.886921000	57.409	101	1
1527782191.007686000	57.5297	393	1
1527782191.007775000	57.5298	264	1
1527782191.029624000	57.5517	87	0
1527782191.138384000	57.6604	236	0
1527782191.139781000	57.6618	148	0
1527782191.141011000	57.6631	104	1
1527782191.141194000	57.6632	92	0
1527782191.142558000	57.6646	121	0
1527782191.144001000	57.666	101	1
1527782191.527298000	58.0493	393	1
1527782191.527374000	58.0494	267	1
1527782191.544539000	58.0666	87	0
1527782191.645280000	58.1673	235	0
1527782191.646622000	58.1687	148	0
1527782191.648048000	58.1701	104	1
1527782191.648085000	58.1701	92	0
1527782191.649547000	58.1716	212	0
1527782191.651027000	58.1731	101	1
1527782191.736315000	58.2584	389	1
1527782191.736403000	58.2585	266	1
1527782191.754905000	58.277	87	0
1527782191.851918000	58.374	260	0
1527782191.853297000	58.3753	148	0
1527782191.854881000	58.3769	92	0
1527782191.855010000	58.3771	104	1
1527782191.856303000	58.3784	262	0
1527782191.857963000	58.38	101	1
1527782191.956159000	58.4782	390	1
1527782191.956233000	58.4783	262	1
1527782191.973077000	58.4951	87	0
1527782192.063224000	58.5853	235	0
1527782192.064725000	58.5868	148	0
1527782192.066039000	58.5881	92	0
1527782192.066116000	58.5882	104	1
1527782192.067477000	58.5895	261	0
1527782192.069052000	58.5911	101	1
1527782192.235390000	58.7574	991	1
1527782192.235455000	58.7575	260	1
1527782192.251232000	58.7733	100	0
1527782192.253437000	58.7755	87	0
1527782192.253992000	58.776	101	1
1527782192.347656000	58.8697	233	0
1527782192.349041000	58.8711	148	0
1527782192.349994000	58.872	101	1
1527782192.351627000	58.8737	92	0
1527782192.353028000	58.8751	244	0
1527782192.353975000	58.876	101	1
1527782192.658472000	59.1805	586	1
1527782192.658558000	59.1806	265	1
1527782192.676880000	59.1989	87	0
1527782192.747667000	59.2697	232	0
1527782192.749046000	59.2711	148	0
1527782192.750432000	59.2725	92	0
1527782192.751101000	59.2731	107	1
1527782192.751852000	59.2739	160	0
1527782192.755096000	59.2771	98	1
1527782192.966486000	59.4885	398	1
1527782192.966576000	59.4886	261	1
1527782192.984303000	59.5064	87	0
1527782193.054851000	59.5769	256	0
1527782193.056237000	59.5783	148	0
1527782193.057621000	59.5797	92	0
1527782193.058121000	59.5802	107	1
1527782193.059042000	59.5811	256	0
1527782193.062037000	59.5841	98	1
1527782193.216563000	59.7386	773	1
1527782193.216637000	59.7387	265	1
1527782193.234687000	59.7567	87	0
1527782193.321311000	59.8434	235	0
1527782193.322858000	59.8449	148	0
1527782193.324083000	59.8461	104	1
1527782193.324289000	59.8463	92	0
1527782193.325692000	59.8477	293	0
1527782193.327048000	59.8491	101	1
1527782193.426416000	59.9485	392	1
1527782193.426478000	59.9485	262	1
1527782193.444851000	59.9669	87	0
1527782193.515778000	60.0378	363	0
1527782193.517143000	60.0392	148	0
1527782193.519158000	60.0412	104	1
1527782193.523276000	60.0453	92	0
1527782193.524738000	60.0468	337	0
1527782193.526115000	60.0482	101	1
1527782193.669491000	60.1915	388	1
1527782193.669584000	60.1916	265	1
1527782193.687784000	60.2098	87	0
1527782193.783672000	60.3057	282	0
1527782193.785116000	60.3072	148	0
1527782193.786070000	60.3081	104	1
1527782193.787052000	60.3091	92	0
1527782193.788449000	60.3105	187	0
1527782193.790081000	60.3121	101	1
1527782194.093749000	60.6158	392	1
1527782194.093835000	60.6159	271	1
1527782194.111172000	60.6332	87	0
1527782194.186099000	60.7081	278	0
1527782194.187480000	60.7095	148	0
1527782194.189195000	60.7112	104	1
1527782194.206933000	60.729	92	0
1527782194.209981000	60.732	155	0
1527782194.210234000	60.7323	101	1
1527782194.350281000	60.8723	393	1
1527782194.350368000	60.8724	263	1
1527782194.368103000	60.8902	87	0
1527782194.440655000	60.9627	258	0
1527782194.442082000	60.9641	148	0
1527782194.443111000	60.9652	104	1
1527782194.446360000	60.9684	92	0
1527782194.447761000	60.9698	262	0
1527782194.449124000	60.9712	101	1
1527782194.490281000	61.0123	258	0
1527782194.493127000	61.0152	98	1
1527782194.575319000	61.0974	389	1
1527782194.575389000	61.0974	265	1
1527782194.605084000	61.1271	87	0
1527782194.671022000	61.1931	233	0
1527782194.672444000	61.1945	148	0
1527782194.673896000	61.1959	92	0
1527782194.674138000	61.1962	107	1
1527782194.675343000	61.1974	164	0
1527782194.678144000	61.2002	98	1
1527782194.783429000	61.3055	387	1
1527782194.783517000	61.3056	263	1
1527782194.801112000	61.3232	87	0
1527782194.806655000	61.3287	87	0
1527782194.883827000	61.4059	256	0
1527782194.885285000	61.4073	148	0
1527782194.886141000	61.4082	107	1
1527782194.888331000	61.4104	92	0
1527782194.889720000	61.4118	217	0
1527782194.891160000	61.4132	101	1
1527782195.024372000	61.5464	389	1
1527782195.024453000	61.5465	269	1
1527782195.041804000	61.5639	87	0
1527782195.117187000	61.6392	307	0
1527782195.118528000	61.6406	148	0
1527782195.119969000	61.642	92	0
1527782195.120198000	61.6422	107	1
1527782195.121384000	61.6434	108	0
1527782195.124224000	61.6463	98	1
1527782195.348672000	61.8707	388	1
1527782195.348733000	61.8708	260	1
1527782195.366505000	61.8886	87	0
1527782195.376764000	61.8988	87	0
1527782195.397155000	61.9192	918	1
1527782195.397258000	61.9193	1412	1
1527782195.397305000	61.9194	1412	1
1527782195.397329000	61.9194	1412	1
1527782195.397351000	61.9194	1060	1
1527782195.421279000	61.9433	87	0
1527782195.457809000	61.9799	233	0
1527782195.459197000	61.9812	148	0
1527782195.461252000	61.9833	104	1
1527782195.461717000	61.9838	92	0
1527782195.463046000	61.9851	130	0
1527782195.464184000	61.9862	101	1
1527782195.473641000	61.9957	389	0
1527782195.476263000	61.9983	98	1
1527782195.478021000	62.0001	80	0
1527782195.481197000	62.0032	98	1
1527782195.613839000	62.1359	387	1
1527782195.613898000	62.1359	262	1
1527782195.632038000	62.1541	87	0
1527782195.722473000	62.2445	236	0
1527782195.723856000	62.2459	148	0
1527782195.725289000	62.2473	104	1
1527782195.726224000	62.2483	92	0
1527782195.727624000	62.2497	282	0
1527782195.729280000	62.2513	101	1
1527782195.877585000	62.3996	588	1
1527782195.877676000	62.3997	261	1
1527782195.895174000	62.4172	87	0
1527782195.994439000	62.5165	257	0
1527782195.995808000	62.5179	148	0
1527782195.997214000	62.5193	104	1
1527782195.998855000	62.5209	92	0
1527782196.000241000	62.5223	293	0
1527782196.001198000	62.5232	101	1
1527782196.093557000	62.6156	399	1
1527782196.093619000	62.6157	262	1
1527782196.110496000	62.6325	87	0
1527782196.187746000	62.7098	236	0
1527782196.189127000	62.7112	148	0
1527782196.190301000	62.7123	104	1
1527782196.194856000	62.7169	92	0
1527782196.196234000	62.7183	202	0
1527782196.197217000	62.7193	101	1
1527782196.305573000	62.8276	776	1
1527782196.305661000	62.8277	262	1
1527782196.322763000	62.8448	87	0
1527782196.405973000	62.928	233	0
1527782196.407353000	62.9294	148	0
1527782196.408979000	62.931	92	0
1527782196.409239000	62.9313	107	1
1527782196.410624000	62.9327	221	0
1527782196.413309000	62.9354	98	1
1527782196.739675000	63.2617	390	1
1527782196.739732000	63.2618	268	1
1527782196.755547000	63.2776	100	0
1527782196.758313000	63.2804	98	1
1527782196.833161000	63.3552	257	0
1527782196.834573000	63.3566	148	0
1527782196.836000000	63.358	92	0
1527782196.836264000	63.3583	104	1
1527782196.837352000	63.3594	240	0
1527782196.840261000	63.3623	98	1
1527782197.195679000	63.7177	387	1
1527782197.195772000	63.7178	261	1
1527782197.213714000	63.7358	87	0
1527782197.218462000	63.7405	87	0
1527782197.504732000	64.0268	363	0
1527782197.506125000	64.0282	148	0
1527782197.507373000	64.0294	107	1
1527782197.507854000	64.0299	92	0
1527782197.509258000	64.0313	253	0
1527782197.510286000	64.0323	101	1
1527782201.876901000	68.3989	371	1
1527782201.876995000	68.399	1412	1
1527782201.877040000	68.3991	1412	1
1527782201.877070000	68.3991	1412	1
1527782201.877090000	68.3991	348	1
1527782201.895845000	68.4179	87	0
1527782201.954896000	68.4769	438	0
1527782201.957551000	68.4796	101	1
1527782201.959777000	68.4818	80	0
1527782201.962542000	68.4846	98	1
1527782203.868281000	70.3903	387	1
1527782203.868377000	70.3904	261	1
1527782203.885391000	70.4074	87	0
1527782203.891525000	70.4136	87	0
1527782203.966536000	70.4886	305	0
1527782203.967986000	70.49	148	0
1527782203.969714000	70.4918	107	1
1527782203.970353000	70.4924	92	0
1527782203.971686000	70.4937	218	0
1527782203.972634000	70.4947	101	1
1527782204.303853000	70.8259	391	1
1527782204.303946000	70.826	258	1
1527782204.322283000	70.8443	87	0
1527782204.395467000	70.9175	233	0
1527782204.396896000	70.9189	148	0
1527782204.398739000	70.9208	104	1
1527782204.400459000	70.9225	92	0
1527782204.401892000	70.9239	105	0
1527782204.402662000	70.9247	101	1
1527782204.697104000	71.2192	388	1
1527782204.697193000	71.2192	268	1
1527782204.715552000	71.2376	87	0
1527782204.809362000	71.3314	333	0
1527782204.810800000	71.3328	148	0
1527782204.812189000	71.3342	92	0
1527782204.812787000	71.3348	107	1
1527782204.813529000	71.3356	89	0
1527782204.815697000	71.3377	98	1
1527782204.880335000	71.4024	372	1
1527782204.880443000	71.4025	1412	1
1527782204.880480000	71.4025	1412	1
1527782204.880509000	71.4026	1412	1
1527782204.880546000	71.4026	1412	1
1527782204.880574000	71.4026	1412	1
1527782204.880611000	71.4027	1412	1
1527782204.880639000	71.4027	1412	1
1527782204.880688000	71.4027	1412	1
1527782204.880710000	71.4028	1412	1
1527782204.880745000	71.4028	1412	1
1527782204.880779000	71.4028	1412	1
1527782204.880814000	71.4029	1412	1
1527782204.880849000	71.4029	1412	1
1527782204.882792000	71.4048	149	1
1527782204.898167000	71.4202	87	0
1527782204.902341000	71.4244	87	0
1527782204.967231000	71.4893	375	0
1527782204.968507000	71.4906	412	1
1527782204.968581000	71.4906	263	1
1527782204.973701000	71.4957	80	0
1527782204.976711000	71.4988	98	1
1527782204.987011000	71.5091	87	0
1527782205.058723000	71.5808	233	0
1527782205.060121000	71.5822	148	0
1527782205.061542000	71.5836	92	0
1527782205.061697000	71.5837	104	1
1527782205.062957000	71.585	93	0
1527782205.064708000	71.5868	101	1
1527782205.183931000	71.706	989	1
1527782205.184003000	71.7061	265	1
1527782205.202262000	71.7243	87	0
1527782205.285352000	71.8074	232	0
1527782205.286742000	71.8088	148	0
1527782205.287791000	71.8098	104	1
1527782205.288549000	71.8106	92	0
1527782205.289998000	71.812	311	0
1527782205.291783000	71.8138	101	1
1527782205.521261000	72.0433	581	1
1527782205.521353000	72.0434	263	1
1527782205.538772000	72.0608	87	0
1527782205.626997000	72.149	233	0
1527782205.628387000	72.1504	148	0
1527782205.629741000	72.1518	104	1
1527782205.630381000	72.1524	92	0
1527782205.631776000	72.1538	95	0
1527782205.632727000	72.1548	101	1
1527782206.031363000	72.5534	399	1
1527782206.031448000	72.5535	263	1
1527782206.049213000	72.5713	87	0
1527782206.126998000	72.649	256	0
1527782206.128384000	72.6504	148	0
1527782206.129771000	72.6518	92	0
1527782206.129865000	72.6519	104	1
1527782206.131188000	72.6532	123	0
1527782206.132836000	72.6549	101	1
1527782206.242208000	72.7643	778	1
1527782206.242281000	72.7643	266	1
1527782206.260477000	72.7825	87	0
1527782206.265857000	72.7879	87	0
1527782206.336069000	72.8581	235	0
1527782206.337445000	72.8595	148	0
1527782206.338778000	72.8608	107	1
1527782206.339426000	72.8615	92	0
1527782206.340826000	72.8629	269	0
1527782206.341756000	72.8638	101	1
1527782206.452064000	72.9741	392	1
1527782206.452156000	72.9742	261	1
1527782206.479074000	73.0011	87	0
1527782206.483401000	73.0055	87	0
1527782206.575220000	73.0973	232	0
1527782206.576570000	73.0986	148	0
1527782206.577890000	73.0999	107	1
1527782206.577929000	73.1	92	0
1527782206.579337000	73.1014	290	0
1527782206.580866000	73.1029	101	1
1527782206.674204000	73.1963	391	1
1527782206.674266000	73.1963	262	1
1527782206.701208000	73.2233	87	0
1527782206.702553000	73.2246	87	0
1527782206.781157000	73.3032	235	0
1527782206.782535000	73.3046	148	0
1527782206.783810000	73.3059	107	1
1527782206.783917000	73.306	92	0
1527782206.785392000	73.3074	256	0
1527782206.786801000	73.3089	101	1
1527782206.885072000	73.4071	388	1
1527782206.885158000	73.4072	266	1
1527782206.904361000	73.4264	87	0
1527782206.970136000	73.4922	387	0
1527782206.971468000	73.4935	148	0
1527782206.972886000	73.4949	104	1
1527782206.973389000	73.4954	92	0
1527782206.974851000	73.4969	116	0
1527782206.975807000	73.4979	101	1
1527782207.203326000	73.7254	392	1
1527782207.203423000	73.7255	264	1
1527782207.220084000	73.7421	87	0
1527782207.313674000	73.8357	235	0
1527782207.315165000	73.8372	148	0
1527782207.316875000	73.8389	92	0
1527782207.316966000	73.839	104	1
1527782207.318378000	73.8404	146	0
1527782207.319911000	73.842	101	1
1527782207.473014000	73.9951	391	1
1527782207.473090000	73.9951	259	1
1527782207.489438000	74.0115	87	0
1527782207.574337000	74.0964	278	0
1527782207.575792000	74.0978	148	0
1527782207.576922000	74.099	104	1
1527782207.577197000	74.0992	92	0
1527782207.578557000	74.1006	183	0
1527782207.579848000	74.1019	101	1
1527782207.905151000	74.4272	389	1
1527782207.905227000	74.4273	265	1
1527782207.923890000	74.4459	87	0
1527782208.004966000	74.527	302	0
1527782208.006423000	74.5285	148	0
1527782208.007954000	74.53	104	1
1527782208.008406000	74.5305	92	0
1527782208.009807000	74.5319	241	0
1527782208.010865000	74.5329	101	1
1527782208.164343000	74.6864	391	1
1527782208.164405000	74.6865	263	1
1527782208.181749000	74.7038	87	0
1527782208.276635000	74.7987	235	0
1527782208.277950000	74.8	148	0
1527782208.279994000	74.802	104	1
1527782208.281671000	74.8037	92	0
1527782208.283112000	74.8052	146	0
1527782208.283880000	74.8059	101	1
1527782208.393976000	74.916	989	1
1527782208.394061000	74.9161	258	1
1527782208.412467000	74.9345	87	0
1527782208.513805000	75.0359	309	0
1527782208.515257000	75.0373	148	0
1527782208.516657000	75.0387	92	0
1527782208.516912000	75.039	107	1
1527782208.518059000	75.0401	214	0
1527782208.520969000	75.043	98	1
1527782208.854164000	75.3762	583	1
1527782208.854257000	75.3763	259	1
1527782208.871054000	75.3931	87	0
1527782208.938527000	75.4606	257	0
1527782208.939974000	75.462	148	0
1527782208.940927000	75.463	104	1
1527782208.941328000	75.4634	92	0
1527782208.942712000	75.4648	295	0
1527782208.943917000	75.466	101	1
1527782216.173347000	82.6954	404	1
1527782216.173422000	82.6955	271	1
1527782216.191334000	82.7134	87	0
1527782216.317516000	82.8396	258	0
1527782216.318954000	82.841	148	0
1527782216.320348000	82.8424	104	1
1527782216.321267000	82.8433	92	0
1527782216.322666000	82.8447	148	0
1527782216.324350000	82.8464	101	1
1527782216.388522000	82.9106	779	1
1527782216.388613000	82.9107	270	1
1527782216.407202000	82.9293	87	0
1527782216.534461000	83.0565	235	0
1527782216.535882000	83.0579	148	0
1527782216.537532000	83.0596	104	1
1527782216.544373000	83.0664	92	0
1527782216.545846000	83.0679	116	0
1527782216.547359000	83.0694	101	1
1527782216.553345000	83.0754	235	0
1527782216.556373000	83.0784	98	1
1527782216.608552000	83.1306	388	1
1527782216.608629000	83.1307	270	1
1527782216.633934000	83.156	87	0
1527782216.706278000	83.2283	235	0
1527782216.707679000	83.2297	148	0
1527782216.709376000	83.2314	104	1
1527782216.710030000	83.2321	92	0
1527782216.711436000	83.2335	225	0
1527782216.712397000	83.2344	101	1
1527782216.837353000	83.3594	388	1
1527782216.837439000	83.3595	270	1
1527782216.854347000	83.3764	87	0
1527782216.949966000	83.472	257	0
1527782216.951343000	83.4734	148	0
1527782216.952442000	83.4745	104	1
1527782216.953680000	83.4757	92	0
1527782216.955134000	83.4772	93	0
1527782216.956377000	83.4784	101	1
1527782217.061266000	83.5833	388	1
1527782217.061360000	83.5834	271	1
1527782217.080567000	83.6026	87	0
1527782217.163658000	83.6857	235	0
1527782217.165103000	83.6872	148	0
1527782217.166400000	83.6884	104	1
1527782217.171471000	83.6935	92	0
1527782217.172849000	83.6949	86	0
1527782217.174441000	83.6965	101	1
1527782217.294084000	83.8161	392	1
1527782217.294157000	83.8162	269	1
1527782217.315170000	83.8372	87	0
1527782217.401838000	83.9239	232	0
1527782217.403212000	83.9253	148	0
1527782217.404441000	83.9265	104	1
1527782217.405686000	83.9277	92	0
1527782217.407091000	83.9291	311	0
1527782217.408411000	83.9305	101	1
1527782217.522158000	84.0442	386	1
1527782217.522247000	84.0443	269	1
1527782217.541088000	84.0631	87	0
1527782217.611966000	84.134	235	0
1527782217.613336000	84.1354	148	0
1527782217.614427000	84.1365	104	1
1527782217.614775000	84.1368	92	0
1527782217.616173000	84.1382	148	0
1527782217.617413000	84.1395	101	1
1527782217.740796000	84.2628	388	1
1527782217.740884000	84.2629	271	1
1527782217.758560000	84.2806	87	0
1527782217.762240000	84.2843	87	0
1527782217.856441000	84.3785	260	0
1527782217.857822000	84.3799	148	0
1527782217.859262000	84.3813	92	0
1527782217.859442000	84.3815	110	1
1527782217.860683000	84.3827	155	0
1527782217.863479000	84.3855	98	1
1527782217.959716000	84.4818	389	1
1527782217.959804000	84.4819	270	1
1527782217.979985000	84.502	87	0
1527782218.059580000	84.5816	363	0
1527782218.060957000	84.583	148	0
1527782218.062510000	84.5846	104	1
1527782218.062547000	84.5846	92	0
1527782218.063980000	84.586	267	0
1527782218.065442000	84.5875	101	1
1527782218.079481000	84.6015	371	1
1527782218.079557000	84.6016	1412	1
1527782218.079599000	84.6016	1412	1
1527782218.079655000	84.6017	1412	1
1527782218.079692000	84.6017	854	1
1527782218.097547000	84.6196	87	0
1527782218.161362000	84.6834	431	0
1527782218.164487000	84.6865	101	1
1527782218.167905000	84.69	80	0
1527782218.170479000	84.6925	98	1
1527782218.205563000	84.7276	986	1
1527782218.205642000	84.7277	270	1
1527782218.223192000	84.7452	87	0
1527782218.228123000	84.7502	87	0
1527782218.303568000	84.8256	279	0
1527782218.305005000	84.8271	148	0
1527782218.306464000	84.8285	107	1
1527782218.307552000	84.8296	92	0
1527782218.308966000	84.831	337	0
1527782218.310461000	84.8325	101	1
1527782218.421026000	84.9431	583	1
1527782218.421124000	84.9432	271	1
1527782218.446344000	84.9684	87	0
1527782218.447739000	84.9698	87	0
1527782218.519769000	85.0418	236	0
1527782218.521160000	85.0432	148	0
1527782218.522487000	85.0445	107	1
1527782218.526253000	85.0483	92	0
1527782218.527646000	85.0497	196	0
1527782218.529472000	85.0515	101	1
1527782218.644557000	85.1666	405	1
1527782218.644633000	85.1667	271	1
1527782218.664064000	85.1861	87	0
1527782218.854633000	85.3767	330	0
1527782218.856016000	85.3781	148	0
1527782218.857495000	85.3795	104	1
1527782218.860250000	85.3823	92	0
1527782218.861657000	85.3837	270	0
1527782218.862534000	85.3846	101	1
1527782219.058082000	85.5801	778	1
1527782219.058200000	85.5802	284	1
1527782219.075019000	85.5971	87	0
1527782219.158125000	85.6802	233	0
1527782219.159480000	85.6815	148	0
1527782219.160514000	85.6826	104	1
1527782219.161202000	85.6833	92	0
1527782219.162604000	85.6847	154	0
1527782219.163511000	85.6856	101	1
1527782219.481048000	86.0031	392	1
1527782219.481135000	86.0032	280	1
1527782219.498191000	86.0202	87	0
1527782219.577984000	86.1	235	0
1527782219.579351000	86.1014	148	0
1527782219.580537000	86.1026	104	1
1527782219.580765000	86.1028	92	0
1527782219.582177000	86.1042	233	0
1527782219.583523000	86.1056	101	1
1527782219.890174000	86.4122	392	1
1527782219.890235000	86.4123	277	1
1527782219.908357000	86.4304	87	0
1527782220.008168000	86.5302	257	0
1527782220.009497000	86.5315	148	0
1527782220.010615000	86.5327	104	1
1527782220.013835000	86.5359	92	0
1527782220.015298000	86.5373	174	0
1527782220.016586000	86.5386	101	1
1527782220.474827000	86.9969	392	1
1527782220.474939000	86.997	273	1
1527782220.492672000	87.0147	87	0
1527782220.586937000	87.109	232	0
1527782220.588315000	87.1104	148	0
1527782220.589595000	87.1116	104	1
1527782220.589722000	87.1118	92	0
1527782220.591099000	87.1131	193	0
1527782220.592658000	87.1147	101	1
1527782220.697789000	87.2198	387	1
1527782220.697877000	87.2199	271	1
1527782220.714511000	87.2366	87	0
1527782220.792112000	87.3142	257	0
1527782220.793488000	87.3155	148	0
1527782220.794609000	87.3167	104	1
1527782220.796267000	87.3183	92	0
1527782220.797669000	87.3197	166	0
1527782220.798601000	87.3206	101	1
1527782220.920704000	87.4428	388	1
1527782220.920793000	87.4428	271	1
1527782220.938996000	87.461	87	0
1527782221.034921000	87.557	236	0
1527782221.036294000	87.5583	148	0
1527782221.037639000	87.5597	104	1
1527782221.039984000	87.562	92	0
1527782221.041387000	87.5634	234	0
1527782221.042601000	87.5647	101	1
1527782221.138930000	87.661	393	1
1527782221.139106000	87.6612	270	1
1527782221.171683000	87.6937	393	1
1527782221.183132000	87.7052	87	0
1527782221.189285000	87.7113	87	0
1527782221.277788000	87.7998	233	0
1527782221.279143000	87.8012	148	0
1527782221.281808000	87.8039	92	0
1527782221.282289000	87.8043	107	1
1527782221.283226000	87.8053	119	0
1527782221.285647000	87.8077	101	1
1527782221.357363000	87.8794	387	1
1527782221.357440000	87.8795	271	1
1527782221.375883000	87.8979	87	0
1527782221.461582000	87.9836	235	0
1527782221.462976000	87.985	148	0
1527782221.464657000	87.9867	104	1
1527782221.466368000	87.9884	92	0
1527782221.467769000	87.9898	287	0
1527782221.468682000	87.9907	101	1
1527782221.576799000	88.0988	990	1
1527782221.576876000	88.0989	269	1
1527782221.594020000	88.1161	87	0
1527782221.599523000	88.1216	87	0
1527782221.670628000	88.1927	235	0
1527782221.672011000	88.1941	148	0
1527782221.673709000	88.1958	107	1
1527782221.674070000	88.1961	92	0
1527782221.675530000	88.1976	270	0
1527782221.676641000	88.1987	101	1
1527782221.808215000	88.3303	584	1
1527782221.808352000	88.3304	269	1
1527782221.826767000	88.3488	87	0
1527782221.912388000	88.4344	385	0
1527782221.913765000	88.4358	148	0
1527782221.915694000	88.4377	104	1
1527782221.915708000	88.4378	92	0
1527782221.917108000	88.4392	176	0
1527782221.918657000	88.4407	101	1
1527782222.024082000	88.5461	400	1
1527782222.024167000	88.5462	273	1
1527782222.042006000	88.5641	87	0
1527782222.143818000	88.6659	235	0
1527782222.145258000	88.6673	148	0
1527782222.146685000	88.6687	104	1
1527782222.148601000	88.6707	92	0
1527782222.150012000	88.6721	320	0
1527782222.151705000	88.6738	101	1
1527782222.246769000	88.7688	392	1
1527782222.246845000	88.7689	271	1
1527782222.266505000	88.7886	87	0
1527782222.353057000	88.8751	277	0
1527782222.354500000	88.8765	148	0
1527782222.355701000	88.8777	104	1
1527782222.358436000	88.8805	92	0
1527782222.359878000	88.8819	98	0
1527782222.361712000	88.8838	101	1
1527782222.463334000	88.9854	778	1
1527782222.463425000	88.9855	267	1
1527782222.481116000	89.0032	87	0
1527782222.550804000	89.0729	281	0
1527782222.552180000	89.0742	148	0
1527782222.553701000	89.0757	104	1
1527782222.555414000	89.0775	92	0
1527782222.556833000	89.0789	142	0
1527782222.557681000	89.0797	101	1
1527782222.680438000	89.2025	393	1
1527782222.680526000	89.2026	275	1
1527782222.698002000	89.2201	87	0
1527782222.791823000	89.3139	257	0
1527782222.793198000	89.3152	148	0
1527782222.794716000	89.3168	104	1
1527782222.795982000	89.318	92	0
1527782222.797386000	89.3194	319	0
1527782222.798710000	89.3208	101	1
1527782223.104733000	89.6268	392	1
1527782223.104831000	89.6269	284	1
1527782223.121203000	89.6433	87	0
1527782223.205581000	89.7276	306	0
1527782223.206959000	89.729	148	0
1527782223.208747000	89.7308	104	1
1527782223.208929000	89.731	92	0
1527782223.210330000	89.7324	255	0
1527782223.211738000	89.7338	101	1
1527782223.526457000	90.0485	387	1
1527782223.526532000	90.0486	284	1
1527782223.543489000	90.0655	87	0
1527782223.547966000	90.07	87	0
1527782223.621862000	90.1439	233	0
1527782223.623241000	90.1453	148	0
1527782223.624775000	90.1468	107	1
1527782223.625682000	90.1477	92	0
1527782223.627084000	90.1491	210	0
1527782223.628766000	90.1508	101	1
1527782223.949424000	90.4715	391	1
1527782223.949536000	90.4716	276	1
1527782223.966817000	90.4889	87	0
1527782224.067078000	90.5891	258	0
1527782224.068455000	90.5905	148	0
1527782224.069786000	90.5918	104	1
1527782224.071462000	90.5935	92	0
1527782224.073399000	90.5954	246	0
1527782224.073764000	90.5958	101	1
1527782224.365184000	90.8872	392	1
1527782224.365245000	90.8873	262	1
1527782224.394760000	90.9168	87	0
1527782224.407393000	90.9294	87	0
1527782224.463718000	90.9858	232	0
1527782224.465169000	90.9872	148	0
1527782224.466884000	90.9889	107	1
1527782224.467210000	90.9893	92	0
1527782224.469050000	90.9911	174	0
1527782224.469811000	90.9919	101	1
1527782231.634569000	98.1566	391	1
1527782231.634657000	98.1567	261	1
1527782231.654101000	98.1761	87	0
1527782231.757178000	98.2792	257	0
1527782231.758503000	98.2806	148	0
1527782231.759895000	98.2819	104	1
1527782231.760725000	98.2828	92	0
1527782231.762123000	98.2842	176	0
1527782231.763884000	98.2859	101	1
1527782231.933190000	98.4552	989	1
1527782231.933281000	98.4553	258	1
1527782231.951876000	98.4739	87	0
1527782232.047383000	98.5694	257	0
1527782232.048764000	98.5708	148	0
1527782232.049913000	98.572	104	1
1527782232.051020000	98.5731	92	0
1527782232.052427000	98.5745	331	0
1527782232.053903000	98.576	101	1
1527782232.226663000	98.7487	586	1
1527782232.226750000	98.7488	259	1
1527782232.243535000	98.7656	87	0
1527782232.321431000	98.8435	233	0
1527782232.322833000	98.8449	148	0
1527782232.323945000	98.846	104	1
1527782232.326264000	98.8483	92	0
1527782232.327672000	98.8497	184	0
1527782232.328837000	98.8509	101	1
1527782232.473521000	98.9956	404	1
1527782232.473582000	98.9956	263	1
1527782232.491799000	99.0138	87	0
1527782232.567903000	99.09	235	0
1527782232.569330000	99.0914	148	0
1527782232.570954000	99.093	104	1
1527782232.571367000	99.0934	92	0
1527782232.572769000	99.0948	251	0
1527782232.573856000	99.0959	101	1
1527782233.043398000	99.5654	389	1
1527782233.043464000	99.5655	259	1
1527782233.059818000	99.5819	87	0
1527782233.134516000	99.6566	257	0
1527782233.135932000	99.658	148	0
1527782233.136970000	99.659	104	1
1527782233.137378000	99.6594	92	0
1527782233.138777000	99.6608	266	0
1527782233.139887000	99.6619	101	1
1527782233.378895000	99.9009	775	1
1527782233.378971000	99.901	261	1
1527782233.396731000	99.9188	87	0
1527782233.500233000	100.022	235	0
1527782233.501624000	100.024	148	0
1527782233.502998000	100.025	104	1
1527782233.504550000	100.027	92	0
1527782233.505957000	100.028	163	0
1527782233.506908000	100.029	101	1
1527782233.666307000	100.188	392	1
1527782233.666367000	100.188	260	1
1527782233.683636000	100.206	87	0
1527782233.770538000	100.293	363	0
1527782233.771926000	100.294	148	0
1527782233.772947000	100.295	104	1
1527782233.775042000	100.297	92	0
1527782233.776457000	100.299	169	0
1527782233.777972000	100.3	101	1
1527782234.567521000	101.09	388	1
1527782234.567585000	101.09	259	1
1527782234.584954000	101.107	87	0
1527782234.668253000	101.19	258	0
1527782234.669646000	101.192	148	0
1527782234.671054000	101.193	104	1
1527782234.672369000	101.194	92	0
1527782234.673763000	101.196	111	0
1527782234.675047000	101.197	101	1
1527782235.437423000	101.959	389	1
1527782235.437485000	101.96	261	1
1527782235.455432000	101.977	87	0
1527782235.542924000	102.065	298	0
1527782235.544293000	102.066	148	0
1527782235.546014000	102.068	92	0
1527782235.546107000	102.068	104	1
1527782235.547436000	102.069	194	0
1527782235.549097000	102.071	101	1
1527782235.667269000	102.189	388	1
1527782235.667360000	102.189	258	1
1527782235.685065000	102.207	87	0
1527782235.758811000	102.281	279	0
1527782235.760202000	102.282	148	0
1527782235.762139000	102.284	104	1
1527782235.762890000	102.285	92	0
1527782235.764351000	102.286	253	0
1527782235.766113000	102.288	101	1
1527782236.136448000	102.658	388	1
1527782236.136509000	102.659	261	1
1527782236.154085000	102.676	87	0
1527782236.158560000	102.681	87	0
1527782236.234554000	102.757	332	0
1527782236.235918000	102.758	148	0
1527782236.237158000	102.759	107	1
1527782236.238384000	102.76	92	0
1527782236.239786000	102.762	230	0
1527782236.241137000	102.763	101	1
1527782236.636251000	103.158	389	1
1527782236.636314000	103.158	258	1
1527782236.654255000	103.176	87	0
1527782236.743118000	103.265	232	0
1527782236.744504000	103.267	148	0
1527782236.746139000	103.268	104	1
1527782236.746386000	103.268	92	0
1527782236.747793000	103.27	302	0
1527782236.749099000	103.271	101	1
1527782236.907496000	103.43	391	1
1527782236.907585000	103.43	262	1
1527782236.936153000	103.458	87	0
1527782237.012722000	103.535	257	0
1527782237.014475000	103.537	148	0
1527782237.015191000	103.537	104	1
1527782237.016462000	103.539	92	0
1527782237.017873000	103.54	159	0
1527782237.019185000	103.541	101	1
1527782237.342392000	103.864	986	1
1527782237.342453000	103.865	259	1
1527782237.361527000	103.884	87	0
1527782237.366990000	103.889	87	0
1527782237.443940000	103.966	236	0
1527782237.445392000	103.967	148	0
1527782237.447217000	103.969	107	1
1527782237.447631000	103.97	92	0
1527782237.449034000	103.971	123	0
1527782237.450113000	103.972	101	1
1527782237.660893000	104.183	389	1
1527782237.660980000	104.183	262	1
1527782237.678180000	104.2	87	0
1527782237.781380000	104.303	259	0
1527782237.782775000	104.305	148	0
1527782237.784234000	104.306	104	1
1527782237.786727000	104.309	92	0
1527782237.788125000	104.31	97	0
1527782237.789151000	104.311	101	1
1527782238.200580000	104.723	586	1
1527782238.200671000	104.723	267	1
1527782238.218628000	104.741	87	0
1527782238.303654000	104.826	235	0
1527782238.305268000	104.827	148	0
1527782238.306282000	104.828	104	1
1527782238.306929000	104.829	92	0
1527782238.308340000	104.83	306	0
1527782238.309184000	104.831	101	1
1527782238.923283000	105.445	404	1
1527782238.923376000	105.445	263	1
1527782238.940495000	105.463	87	0
1527782239.024055000	105.546	259	0
1527782239.025437000	105.547	148	0
1527782239.026877000	105.549	92	0
1527782239.027314000	105.549	107	1
1527782239.028272000	105.55	85	0
1527782239.031261000	105.553	98	1
1527782239.191884000	105.714	778	1
1527782239.191946000	105.714	259	1
1527782239.211285000	105.733	87	0
1527782239.289459000	105.812	235	0
1527782239.290857000	105.813	148	0
1527782239.292327000	105.814	104	1
1527782239.293263000	105.815	92	0
1527782239.296307000	105.818	98	1
1527782239.326983000	105.849	170	0
1527782239.329258000	105.851	98	1
1527782239.531620000	106.054	392	1
1527782239.531712000	106.054	261	1
1527782239.555424000	106.077	87	0
1527782239.558785000	106.081	87	0
1527782239.629183000	106.151	233	0
1527782239.630600000	106.153	148	0
1527782239.632334000	106.154	107	1
1527782239.632883000	106.155	92	0
1527782239.634305000	106.156	265	0
1527782239.635257000	106.157	101	1
1527782239.951672000	106.474	388	1
1527782239.951764000	106.474	259	1
1527782239.970448000	106.492	87	0
1527782240.070462000	106.593	257	0
1527782240.071852000	106.594	148	0
1527782240.073235000	106.595	92	0
1527782240.073315000	106.595	104	1
1527782240.074717000	106.597	257	0
1527782240.076362000	106.598	101	1
1527782248.264310000	114.786	387	1
1527782248.264389000	114.786	261	1
1527782248.284576000	114.807	87	0
1527782248.422239000	114.944	388	0
1527782248.423721000	114.946	148	0
1527782248.424855000	114.947	104	1
1527782248.425156000	114.947	92	0
1527782248.426518000	114.949	186	0
1527782248.427782000	114.95	101	1
1527782248.442317000	114.964	388	0
1527782248.444837000	114.967	98	1
1527782248.721049000	115.243	389	1
1527782248.721117000	115.243	259	1
1527782248.739053000	115.261	87	0
1527782248.748352000	115.27	87	0
1527782248.830201000	115.352	259	0
1527782248.831558000	115.354	148	0
1527782248.832871000	115.355	107	1
1527782248.832910000	115.355	92	0
1527782248.834461000	115.357	265	0
1527782248.835864000	115.358	101	1
