1527906211.440638000	0	308	1
1527906211.467020000	0.026382	87	0
1527906211.579450000	0.138812	520	0
1527906211.580145000	0.139507	1412	0
1527906211.580747000	0.140109	995	0
1527906211.583510000	0.142872	92	0
1527906211.584133000	0.143495	134	0
1527906211.589390000	0.148752	113	1
1527906211.750858000	0.31022	233	1
1527906211.775770000	0.335132	87	0
1527906211.892268000	0.45163	254	0
1527906211.892889000	0.452251	1412	0
1527906211.893485000	0.452847	995	0
1527906211.895413000	0.454775	92	0
1527906211.902195000	0.461557	110	1
1527906211.935378000	0.49474	241	0
1527906211.950657000	0.510019	98	1
1527906214.125686000	2.68505	209	1
1527906214.154193000	2.71355	87	0
1527906214.357002000	2.91636	306	0
1527906214.359323000	2.91868	101	1
1527906214.366233000	2.9256	1412	0
1527906214.366823000	2.92618	1412	0
1527906214.367413000	2.92677	1412	0
1527906214.367988000	2.92735	186	0
1527906214.368651000	2.92801	84	0
1527906214.369373000	2.92874	110	1
1527906214.374674000	2.93404	1412	0
1527906214.375270000	2.93463	1412	0
1527906214.375874000	2.93524	1412	0
1527906214.376468000	2.93583	188	0
1527906214.377241000	2.9366	1412	0
1527906214.377365000	2.93673	107	1
1527906214.377875000	2.93724	1412	0
1527906214.378544000	2.93791	1322	0
1527906214.380401000	2.93976	104	1
1527906214.384306000	2.94367	1412	0
1527906214.384899000	2.94426	1412	0
1527906214.385505000	2.94487	1412	0
1527906214.386169000	2.94553	188	0
1527906214.386797000	2.94616	1197	0
1527906214.393031000	2.95239	1412	0
1527906214.393339000	2.9527	113	1
1527906214.393642000	2.953	1412	0
1527906214.394254000	2.95362	1412	0
1527906214.394825000	2.95419	198	0
1527906214.395677000	2.95504	1412	0
1527906214.396286000	2.95565	1411	0
1527906214.396366000	2.95573	107	1
1527906214.400248000	2.95961	98	1
1527906214.400904000	2.96027	1412	0
1527906214.401500000	2.96086	802	0
1527906214.402083000	2.96144	87	0
1527906214.402725000	2.96209	1412	0
1527906214.403305000	2.96267	107	1
1527906214.403321000	2.96268	1000	0
1527906214.406323000	2.96568	98	1
1527906214.410703000	2.97006	1412	0
1527906214.411370000	2.97073	1412	0
1527906214.411984000	2.97135	1412	0
1527906214.412674000	2.97204	1412	0
1527906214.413250000	2.97261	276	0
1527906214.413523000	2.97288	107	1
1527906214.416320000	2.97568	98	1
1527906214.419443000	2.9788	1412	0
1527906214.420054000	2.97942	1412	0
1527906214.420661000	2.98002	1412	0
1527906214.421231000	2.98059	188	0
1527906214.421866000	2.98123	1412	0
1527906214.422308000	2.98167	110	1
1527906214.422461000	2.98182	152	0
1527906214.425333000	2.98469	98	1
1527906214.432177000	2.99154	1412	0
1527906214.432772000	2.99213	1412	0
1527906214.433376000	2.99274	1412	0
1527906214.434038000	2.9934	198	0
1527906214.434660000	2.99402	794	0
1527906214.436622000	2.99598	1412	0
1527906214.437208000	2.99657	1412	0
1527906214.437387000	2.99675	116	1
1527906214.437837000	2.9972	1412	0
1527906214.438466000	2.99783	188	0
1527906214.439094000	2.99846	672	0
1527906214.439688000	2.99905	159	0
1527906214.440825000	3.00019	107	1
1527906214.891399000	3.45076	316	1
1527906214.891492000	3.45085	1412	1
1527906214.891528000	3.45089	906	1
1527906214.893970000	3.45333	319	1
1527906214.920248000	3.47961	87	0
1527906215.030420000	3.58978	400	0
1527906215.033367000	3.59273	101	1
1527906215.033634000	3.593	80	0
1527906215.036351000	3.59571	98	1
1527906215.043391000	3.60275	368	0
1527906215.044423000	3.60379	1412	0
1527906215.045084000	3.60445	1412	0
1527906215.045686000	3.60505	1412	0
1527906215.046261000	3.60562	180	0
1527906215.046413000	3.60577	110	1
1527906215.046921000	3.60628	1412	0
1527906215.048324000	3.60769	1412	0
1527906215.049038000	3.6084	1071	0
1527906215.049340000	3.6087	104	1
1527906215.049618000	3.60898	92	0
1527906215.050811000	3.61017	249	0
1527906215.052339000	3.6117	101	1
1527906215.115592000	3.67495	216	1
1527906215.141573000	3.70093	87	0
1527906215.228831000	3.78819	376	0
1527906215.229435000	3.7888	1115	0
1527906215.232004000	3.79137	101	1
1527906215.232673000	3.79203	92	0
1527906215.233289000	3.79265	173	0
1527906215.235416000	3.79478	104	1
1527906216.949675000	5.50904	230	1
1527906216.978770000	5.53813	87	0
1527906217.322458000	5.88182	253	0
1527906217.323090000	5.88245	1412	0
1527906217.323686000	5.88305	1000	0
1527906217.325574000	5.88494	107	1
1527906217.346504000	5.90587	92	0
1527906217.347111000	5.90647	131	0
1527906217.349508000	5.90887	101	1
1527906217.859964000	6.41933	314	1
1527906217.860059000	6.41942	1412	1
1527906217.860086000	6.41945	1412	1
1527906217.860126000	6.41949	1412	1
1527906217.860179000	6.41954	1412	1
1527906217.860201000	6.41956	1412	1
1527906217.860224000	6.41959	1412	1
1527906217.860271000	6.41963	1412	1
1527906217.860314000	6.41968	1412	1
1527906217.860336000	6.4197	1412	1
1527906217.860377000	6.41974	1412	1
1527906217.860415000	6.41978	1412	1
1527906217.861502000	6.42086	1412	1
1527906217.861540000	6.4209	1268	1
1527906217.885506000	6.44487	87	0
1527906217.896967000	6.45633	87	0
1527906218.158889000	6.71825	397	0
1527906218.162522000	6.72188	80	0
1527906218.166190000	6.72555	107	1
1527906220.088857000	8.64822	1142	1
1527906220.088952000	8.64831	1412	1
1527906220.088988000	8.64835	981	1
1527906220.089762000	8.64912	287	1
1527906220.089833000	8.64919	1412	1
1527906220.089871000	8.64923	1412	1
1527906220.089919000	8.64928	758	1
1527906220.092059000	8.65142	101	1
1527906220.092576000	8.65194	165	1
1527906220.116983000	8.67634	87	0
1527906220.118422000	8.67778	104	0
1527906220.121629000	8.68099	101	1
1527906220.205541000	8.7649	396	0
1527906220.208541000	8.7679	98	1
1527906220.210229000	8.76959	80	0
1527906220.253809000	8.81317	98	1
1527906220.341229000	8.90059	519	0
1527906220.341811000	8.90117	305	0
1527906220.342415000	8.90178	290	0
1527906220.344179000	8.90354	121	1
1527906220.348299000	8.90766	250	1
1527906220.369403000	8.92876	87	0
1527906220.374318000	8.93368	87	0
1527906220.548346000	9.10771	988	0
1527906220.549015000	9.10838	1412	0
1527906220.549622000	9.10898	1412	0
1527906220.550227000	9.10959	1412	0
1527906220.550840000	9.1102	1412	0
1527906220.551463000	9.11082	1412	0
1527906220.551594000	9.11096	116	1
1527906220.552047000	9.11141	123	0
1527906220.552684000	9.11205	1412	0
1527906220.553319000	9.11268	1412	0
1527906220.553915000	9.11328	1412	0
1527906220.554468000	9.11383	188	0
1527906220.554562000	9.11392	110	1
1527906220.555177000	9.11454	1231	0
1527906220.555781000	9.11514	1412	0
1527906220.556389000	9.11575	1412	0
1527906220.556995000	9.11636	1412	0
1527906220.557575000	9.11694	110	1
1527906220.557674000	9.11704	1412	0
1527906220.558266000	9.11763	829	0
1527906220.559077000	9.11844	1412	0
1527906220.559701000	9.11906	1412	0
1527906220.560310000	9.11967	1412	0
1527906220.560553000	9.11992	110	1
1527906220.560953000	9.12031	849	0
1527906220.561575000	9.12094	1412	0
1527906220.562182000	9.12154	1412	0
1527906220.562788000	9.12215	1412	0
1527906220.563399000	9.12276	1412	0
1527906220.563745000	9.12311	110	1
1527906220.563999000	9.12336	1412	0
1527906220.564606000	9.12397	1412	0
1527906220.565207000	9.12457	1191	0
1527906220.565821000	9.12518	1412	0
1527906220.566395000	9.12576	209	0
1527906220.566558000	9.12592	110	1
1527906220.567057000	9.12642	1412	0
1527906220.567635000	9.127	1412	0
1527906220.568247000	9.12761	1412	0
1527906220.568902000	9.12826	1293	0
1527906220.569519000	9.12888	1412	0
1527906220.569607000	9.12897	104	1
1527906220.570124000	9.12949	1412	0
1527906220.570730000	9.13009	1412	0
1527906220.571329000	9.13069	1102	0
1527906220.571942000	9.1313	1412	0
1527906220.572543000	9.1319	1250	0
1527906220.573136000	9.1325	743	0
1527906220.573553000	9.13292	116	1
1527906220.573758000	9.13312	1412	0
1527906220.574360000	9.13372	1326	0
1527906220.576294000	9.13566	1412	0
1527906220.576903000	9.13627	1412	0
1527906220.577496000	9.13686	337	0
1527906220.579600000	9.13896	92	0
1527906220.580204000	9.13957	139	0
1527906220.583577000	9.14294	119	1
1527906223.104852000	11.6642	549	1
1527906223.104932000	11.6643	294	1
1527906223.108232000	11.6676	300	1
1527906223.108309000	11.6677	1412	1
1527906223.108334000	11.6677	1412	1
1527906223.108374000	11.6677	969	1
1527906223.131723000	11.6911	87	0
1527906223.138667000	11.698	87	0
1527906223.219447000	11.7788	463	1
1527906223.244511000	11.8039	87	0
1527906223.251366000	11.8107	371	0
1527906223.251984000	11.8113	1400	0
1527906223.252727000	11.8121	513	0
1527906223.254569000	11.8139	592	0
1527906223.254771000	11.8141	110	1
1527906223.257399000	11.8168	635	0
1527906223.257989000	11.8174	467	0
1527906223.259666000	11.819	697	0
1527906223.259748000	11.8191	101	1
1527906223.262724000	11.8221	98	1
1527906223.263216000	11.8226	484	0
1527906223.263835000	11.8232	835	0
1527906223.264745000	11.8241	649	0
1527906223.265704000	11.8251	104	1
1527906223.266571000	11.8259	519	0
1527906223.268525000	11.8279	439	0
1527906223.269715000	11.8291	101	1
1527906223.271634000	11.831	701	0
1527906223.272222000	11.8316	616	0
1527906223.273006000	11.8324	558	0
1527906223.273607000	11.833	654	0
1527906223.275153000	11.8345	583	0
1527906223.275791000	11.8352	689	0
1527906223.276654000	11.836	113	1
1527906223.278101000	11.8375	375	0
1527906223.280859000	11.8402	98	1
1527906223.282063000	11.8414	102	0
1527906223.282675000	11.842	127	0
1527906223.284541000	11.8439	80	0
1527906223.284750000	11.8441	104	1
1527906223.343099000	11.9025	287	0
1527906223.343680000	11.903	103	0
1527906223.345851000	11.9052	101	1
1527906223.349128000	11.9085	227	0
1527906223.351723000	11.9111	98	1
1527906224.669706000	13.2291	393	1
1527906224.669787000	13.2291	109	1
1527906224.678935000	13.2383	300	1
1527906224.681798000	13.2412	474	1
1527906224.681861000	13.2412	87	1
1527906224.695508000	13.2549	87	0
1527906224.704431000	13.2638	87	0
1527906224.716956000	13.2763	87	0
1527906224.848258000	13.4076	309	0
1527906224.848939000	13.4083	151	0
1527906224.850814000	13.4102	110	1
1527906224.851815000	13.4112	92	0
1527906224.852418000	13.4118	215	0
1527906224.854825000	13.4142	101	1
1527906224.904993000	13.4644	243	0
1527906224.905586000	13.4649	103	0
1527906224.907818000	13.4672	101	1
1527906224.907986000	13.4673	233	0
1527906224.908689000	13.4681	140	0
1527906224.910690000	13.4701	92	0
1527906224.910847000	13.4702	104	1
1527906224.911332000	13.4707	319	0
1527906224.913658000	13.473	92	0
1527906224.914342000	13.4737	301	0
1527906224.914983000	13.4743	104	1
1527906224.922631000	13.482	483	1
1527906224.922704000	13.4821	94	1
1527906224.948165000	13.5075	87	0
1527906225.101371000	13.6607	266	0
1527906225.101967000	13.6613	367	0
1527906225.103828000	13.6632	104	1
1527906225.105731000	13.6651	304	0
1527906225.108847000	13.6682	98	1
1527906225.465867000	14.0252	493	1
1527906225.465927000	14.0253	257	1
1527906225.498493000	14.0579	87	0
1527906226.043023000	14.6024	368	1
1527906226.043155000	14.6025	1412	1
1527906226.043181000	14.6025	1412	1
1527906226.043223000	14.6026	1412	1
1527906226.043275000	14.6026	1412	1
1527906226.043297000	14.6027	1412	1
1527906226.043319000	14.6027	1412	1
1527906226.043362000	14.6027	1412	1
1527906226.043400000	14.6028	1412	1
1527906226.043429000	14.6028	1412	1
1527906226.043467000	14.6028	1412	1
1527906226.043518000	14.6029	1412	1
1527906226.044881000	14.6042	1412	1
1527906226.044913000	14.6043	1412	1
1527906226.046999000	14.6064	1412	1
1527906226.047058000	14.6064	1412	1
1527906226.049076000	14.6084	1412	1
1527906226.049135000	14.6085	1412	1
1527906226.050892000	14.6103	1412	1
1527906226.050954000	14.6103	1412	1
1527906226.052895000	14.6123	1412	1
1527906226.071789000	14.6312	87	0
1527906226.072081000	14.6314	1412	1
1527906226.072121000	14.6315	1412	1
1527906226.073768000	14.6331	87	0
1527906226.073885000	14.6332	1412	1
1527906226.073910000	14.6333	1412	1
1527906226.075882000	14.6352	1412	1
1527906226.075936000	14.6353	1412	1
1527906226.077869000	14.6372	87	0
1527906226.077895000	14.6373	1412	1
1527906226.077969000	14.6373	1412	1
1527906226.079962000	14.6393	1412	1
1527906226.080046000	14.6394	1412	1
1527906226.081891000	14.6413	1412	1
1527906226.081949000	14.6413	1412	1
1527906226.083936000	14.6433	1412	1
1527906226.083987000	14.6433	780	1
1527906226.098420000	14.6578	87	0
1527906226.105502000	14.6649	87	0
1527906226.109348000	14.6687	87	0
1527906226.212858000	14.7722	290	0
1527906226.213459000	14.7728	146	0
1527906226.215919000	14.7753	110	1
1527906226.218513000	14.7779	92	0
1527906226.219134000	14.7785	301	0
1527906226.220890000	14.7803	101	1
1527906226.243035000	14.8024	456	0
1527906226.245909000	14.8053	98	1
1527906226.250771000	14.8101	80	0
1527906226.253913000	14.8133	98	1
1527906226.288106000	14.8475	358	1
1527906226.292487000	14.8518	292	1
1527906226.313950000	14.8733	87	0
1527906226.417814000	14.9772	1196	1
1527906226.418768000	14.9781	237	0
1527906226.419386000	14.9787	279	0
1527906226.421912000	14.9813	104	1
1527906226.423405000	14.9828	92	0
1527906226.424013000	14.9834	184	0
1527906226.425904000	14.9853	101	1
1527906226.426808000	14.9862	413	1
1527906226.426904000	14.9863	260	1
1527906226.446560000	15.0059	87	0
1527906226.453126000	15.0125	87	0
1527906226.454945000	15.0143	275	0
1527906226.455590000	15.015	118	0
1527906226.457918000	15.0173	107	1
1527906226.459397000	15.0188	92	0
1527906226.461814000	15.0212	167	0
1527906226.461961000	15.0213	98	1
1527906226.464928000	15.0243	98	1
1527906226.614462000	15.1738	288	0
1527906226.615047000	15.1744	146	0
1527906226.617922000	15.1773	101	1
1527906226.618611000	15.178	92	0
1527906226.619223000	15.1786	98	0
1527906226.620898000	15.1803	101	1
1527906226.623230000	15.1826	576	0
1527906226.623839000	15.1832	800	0
1527906226.625135000	15.1845	92	0
1527906226.625754000	15.1851	305	0
1527906226.625926000	15.1853	104	1
1527906226.628920000	15.1883	98	1
1527906226.781237000	15.3406	450	1
1527906226.781327000	15.3407	257	1
1527906226.809538000	15.3689	87	0
1527906226.964337000	15.5237	302	0
1527906226.964940000	15.5243	146	0
1527906226.966919000	15.5263	104	1
1527906226.971918000	15.5313	92	0
1527906226.972518000	15.5319	316	0
1527906226.974960000	15.5343	101	1
1527906227.174332000	15.7337	571	1
1527906227.174422000	15.7338	256	1
1527906227.202286000	15.7616	87	0
1527906227.212923000	15.7723	87	0
1527906227.356297000	15.9157	236	0
1527906227.356876000	15.9162	146	0
1527906227.358975000	15.9183	107	1
1527906227.361546000	15.9209	92	0
1527906227.362085000	15.9214	93	0
1527906227.363983000	15.9233	101	1
1527906227.600719000	16.1601	387	1
1527906227.600808000	16.1602	256	1
1527906227.629499000	16.1889	87	0
1527906227.639343000	16.1987	87	0
1527906227.786799000	16.3462	233	0
1527906227.787335000	16.3467	146	0
1527906227.789995000	16.3494	107	1
1527906227.794549000	16.3539	92	0
1527906227.795827000	16.3552	130	0
1527906227.797016000	16.3564	101	1
1527906227.961844000	16.5212	389	1
1527906227.961931000	16.5213	259	1
1527906227.987799000	16.5472	87	0
1527906228.142058000	16.7014	256	0
1527906228.142653000	16.702	146	0
1527906228.145010000	16.7044	104	1
1527906228.147326000	16.7067	92	0
1527906228.147996000	16.7074	209	0
1527906228.150004000	16.7094	101	1
1527906228.174498000	16.7339	389	1
1527906228.174589000	16.734	258	1
1527906228.200790000	16.7602	87	0
1527906228.677867000	17.2372	263	0
1527906228.678402000	17.2378	146	0
1527906228.681063000	17.2404	104	1
1527906228.682741000	17.2421	92	0
1527906228.683354000	17.2427	177	0
1527906228.685019000	17.2444	101	1
1527906228.863496000	17.4229	390	1
1527906228.863587000	17.4229	264	1
1527906228.889933000	17.4493	87	0
1527906229.069927000	17.6293	256	0
1527906229.070465000	17.6298	146	0
1527906229.073064000	17.6324	104	1
1527906229.073188000	17.6326	92	0
1527906229.073840000	17.6332	113	0
1527906229.076110000	17.6355	101	1
1527906229.333623000	17.893	489	1
1527906229.333707000	17.8931	258	1
1527906229.360961000	17.9203	87	0
1527906229.555923000	18.1153	267	0
1527906229.556449000	18.1158	148	0
1527906229.559149000	18.1185	104	1
1527906229.560359000	18.1197	92	0
1527906229.560941000	18.1203	271	0
1527906229.563134000	18.1225	101	1
1527906229.677531000	18.2369	387	1
1527906229.677616000	18.237	256	1
1527906229.703563000	18.2629	87	0
1527906229.890122000	18.4495	328	0
1527906229.890674000	18.45	148	0
1527906229.893162000	18.4525	104	1
1527906229.894753000	18.4541	92	0
1527906229.895370000	18.4547	297	0
1527906229.897150000	18.4565	101	1
1527906230.137329000	18.6967	390	1
1527906230.137425000	18.6968	255	1
1527906230.163130000	18.7225	87	0
1527906230.332574000	18.8919	233	0
1527906230.333114000	18.8925	148	0
1527906230.335191000	18.8946	104	1
1527906230.337525000	18.8969	92	0
1527906230.338142000	18.8975	317	0
1527906230.340183000	18.8995	101	1
1527906230.876637000	19.436	388	1
1527906230.876699000	19.4361	257	1
1527906230.902841000	19.4622	87	0
1527906231.073700000	19.6331	301	0
1527906231.074231000	19.6336	148	0
1527906231.076236000	19.6356	104	1
1527906231.077934000	19.6373	92	0
1527906231.078613000	19.638	329	0
1527906231.080223000	19.6396	101	1
1527906231.179575000	19.7389	1206	1
1527906231.179665000	19.739	260	1
1527906231.201637000	19.761	100	0
1527906231.204156000	19.7635	98	1
1527906231.205696000	19.7651	87	0
1527906231.383489000	19.9429	279	0
1527906231.384034000	19.9434	148	0
1527906231.386249000	19.9456	104	1
1527906231.387217000	19.9466	92	0
1527906231.387826000	19.9472	144	0
1527906231.390238000	19.9496	101	1
1527906231.719634000	20.279	409	1
1527906231.719723000	20.2791	256	1
1527906231.745869000	20.3052	87	0
1527906231.894709000	20.4541	256	0
1527906231.895293000	20.4547	148	0
1527906231.897311000	20.4567	104	1
1527906231.900168000	20.4595	92	0
1527906231.900782000	20.4601	245	0
1527906231.903278000	20.4626	101	1
1527906232.134642000	20.694	455	1
1527906232.134728000	20.6941	260	1
1527906232.161471000	20.7208	87	0
1527906232.329867000	20.8892	232	0
1527906232.330464000	20.8898	148	0
1527906232.332307000	20.8917	104	1
1527906232.336274000	20.8956	92	0
1527906232.336886000	20.8962	119	0
1527906232.339305000	20.8987	101	1
1527906232.661087000	21.2204	570	1
1527906232.661265000	21.2206	256	1
1527906232.687317000	21.2467	87	0
1527906232.847558000	21.4069	277	0
1527906232.848148000	21.4075	148	0
1527906232.850344000	21.4097	104	1
1527906232.852286000	21.4116	92	0
1527906232.852890000	21.4123	97	0
1527906232.855322000	21.4147	101	1
1527906232.960556000	21.5199	385	1
1527906232.960641000	21.52	260	1
1527906232.987642000	21.547	87	0
1527906233.139441000	21.6988	235	0
1527906233.140057000	21.6994	148	0
1527906233.142350000	21.7017	104	1
1527906233.144706000	21.7041	92	0
1527906233.147317000	21.7067	98	1
1527906233.179453000	21.7388	176	0
1527906233.182355000	21.7417	98	1
1527906233.420658000	21.98	387	1
1527906233.420715000	21.9801	260	1
1527906233.445888000	22.0052	87	0
1527906233.603944000	22.1633	282	0
1527906233.604509000	22.1639	148	0
1527906233.606381000	22.1657	104	1
1527906233.609616000	22.169	92	0
1527906233.610231000	22.1696	315	0
1527906233.612369000	22.1717	101	1
1527906233.755687000	22.315	388	1
1527906233.755767000	22.3151	256	1
1527906233.781561000	22.3409	87	0
1527906233.936024000	22.4954	258	0
1527906233.936594000	22.496	148	0
1527906233.939397000	22.4988	104	1
1527906233.940877000	22.5002	92	0
1527906233.941486000	22.5008	122	0
1527906233.943387000	22.5027	101	1
1527906234.178222000	22.7376	390	1
1527906234.178288000	22.7376	261	1
1527906234.204250000	22.7636	87	0
1527906234.315894000	22.8753	233	0
1527906234.316499000	22.8759	148	0
1527906234.318372000	22.8777	104	1
1527906234.320408000	22.8798	92	0
1527906234.321022000	22.8804	264	0
1527906234.323366000	22.8827	101	1
1527906234.603751000	23.1631	489	1
1527906234.603841000	23.1632	260	1
1527906234.629010000	23.1884	87	0
1527906234.741847000	23.3012	235	0
1527906234.742391000	23.3018	148	0
1527906234.744466000	23.3038	104	1
1527906234.747224000	23.3066	92	0
1527906234.747765000	23.3071	218	0
1527906234.750366000	23.3097	101	1
1527906235.045216000	23.6046	387	1
1527906235.045292000	23.6047	260	1
1527906235.070922000	23.6303	87	0
1527906235.185330000	23.7447	286	0
1527906235.185910000	23.7453	148	0
1527906235.188413000	23.7478	104	1
1527906235.192146000	23.7515	92	0
1527906235.192766000	23.7521	310	0
1527906235.194396000	23.7538	101	1
1527906235.475103000	24.0345	386	1
1527906235.475189000	24.0346	256	1
1527906235.501200000	24.0606	87	0
1527906235.653267000	24.2126	233	0
1527906235.653873000	24.2132	148	0
1527906235.656451000	24.2158	104	1
1527906235.657053000	24.2164	92	0
1527906235.657662000	24.217	177	0
1527906235.659489000	24.2189	98	1
1527906235.663491000	24.2229	98	1
1527906236.414618000	24.974	386	1
1527906236.414713000	24.9741	257	1
1527906236.439838000	24.9992	87	0
1527906236.598822000	25.1582	288	0
1527906236.599402000	25.1588	148	0
1527906236.601565000	25.1609	104	1
1527906236.603236000	25.1626	92	0
1527906236.603836000	25.1632	111	0
1527906236.605558000	25.1649	101	1
1527906236.781003000	25.3404	390	1
1527906236.781075000	25.3404	220	1
1527906236.807566000	25.3669	87	0
1527906236.913742000	25.4731	326	0
1527906236.914340000	25.4737	148	0
1527906236.916529000	25.4759	92	0
1527906236.916580000	25.4759	104	1
1527906236.917164000	25.4765	266	0
1527906236.919558000	25.4789	101	1
1527906240.324425000	28.8838	1211	1
1527906240.324517000	28.8839	255	1
1527906240.347298000	28.9067	100	0
1527906240.349757000	28.9091	98	1
1527906240.537863000	29.0972	301	0
1527906240.538505000	29.0979	148	0
1527906240.540821000	29.1002	101	1
1527906240.543476000	29.1028	92	0
1527906240.544098000	29.1035	312	0
1527906240.545771000	29.1051	101	1
1527906240.625082000	29.1844	411	1
1527906240.625176000	29.1845	258	1
1527906240.654944000	29.2143	87	0
1527906240.825799000	29.3852	304	0
1527906240.826391000	29.3858	148	0
1527906240.828818000	29.3882	104	1
1527906240.830941000	29.3903	92	0
1527906240.831603000	29.391	163	0
1527906240.833787000	29.3931	101	1
1527906241.000427000	29.5598	451	1
1527906241.000521000	29.5599	256	1
1527906241.025569000	29.5849	87	0
1527906241.190149000	29.7495	233	0
1527906241.190679000	29.75	148	0
1527906241.192818000	29.7522	104	1
1527906241.193921000	29.7533	92	0
1527906241.194533000	29.7539	168	0
1527906241.196815000	29.7562	101	1
1527906241.542302000	30.1017	570	1
1527906241.542394000	30.1018	256	1
1527906241.561733000	30.1211	300	1
1527906241.561823000	30.1212	1412	1
1527906241.561862000	30.1212	1412	1
1527906241.561903000	30.1213	1412	1
1527906241.561956000	30.1213	1358	1
1527906241.569728000	30.1291	87	0
1527906241.588267000	30.1476	87	0
1527906241.611813000	30.1712	87	0
1527906241.729603000	30.289	389	0
1527906241.732807000	30.2922	107	1
1527906241.737918000	30.2973	80	0
1527906241.740812000	30.3002	98	1
1527906241.747590000	30.307	258	0
1527906241.748899000	30.3083	148	0
1527906241.750794000	30.3102	101	1
1527906241.752331000	30.3117	92	0
1527906241.752936000	30.3123	172	0
1527906241.754775000	30.3141	101	1
1527906241.777941000	30.3373	388	1
1527906241.778030000	30.3374	256	1
1527906241.804085000	30.3634	87	0
1527906241.962339000	30.5217	302	0
1527906241.962917000	30.5223	148	0
1527906241.964866000	30.5242	104	1
1527906241.968930000	30.5283	92	0
1527906241.969601000	30.529	290	0
1527906241.971833000	30.5312	101	1
1527906242.162173000	30.7215	386	1
1527906242.162240000	30.7216	255	1
1527906242.188957000	30.7483	87	0
1527906242.364364000	30.9237	235	0
1527906242.364940000	30.9243	148	0
1527906242.366893000	30.9263	104	1
1527906242.367246000	30.9266	92	0
1527906242.367850000	30.9272	128	0
1527906242.369871000	30.9292	101	1
1527906242.658347000	31.2177	386	1
1527906242.658415000	31.2178	256	1
1527906242.684489000	31.2439	87	0
1527906242.803423000	31.3628	232	0
1527906242.804071000	31.3634	148	0
1527906242.805922000	31.3653	104	1
1527906242.806150000	31.3655	92	0
1527906242.806754000	31.3661	88	0
1527906242.808908000	31.3683	101	1
1527906242.987337000	31.5467	488	1
1527906242.987399000	31.5468	258	1
1527906243.013014000	31.5724	87	0
1527906243.106888000	31.6662	254	0
1527906243.107471000	31.6668	148	0
1527906243.109931000	31.6693	104	1
1527906243.110952000	31.6703	92	0
1527906243.111624000	31.671	164	0
1527906243.113924000	31.6733	101	1
1527906243.390145000	31.9495	384	1
1527906243.390204000	31.9496	255	1
1527906243.416756000	31.9761	87	0
1527906243.584492000	32.1439	263	0
1527906243.585009000	32.1444	148	0
1527906243.586962000	32.1463	104	1
1527906243.590213000	32.1496	92	0
1527906243.590832000	32.1502	232	0
1527906243.592946000	32.1523	101	1
1527906244.103533000	32.6629	387	1
1527906244.103629000	32.663	256	1
1527906244.129337000	32.6887	87	0
1527906244.290894000	32.8503	258	0
1527906244.291424000	32.8508	148	0
1527906244.293995000	32.8534	104	1
1527906244.295505000	32.8549	92	0
1527906244.296065000	32.8554	211	0
1527906244.297977000	32.8573	101	1
1527906244.345430000	32.9048	390	1
1527906244.345524000	32.9049	257	1
1527906244.371475000	32.9308	87	0
1527906244.526752000	33.0861	267	0
1527906244.527328000	33.0867	148	0
1527906244.529963000	33.0893	104	1
1527906244.531553000	33.0909	92	0
1527906244.532166000	33.0915	177	0
1527906244.533945000	33.0933	101	1
1527906244.839304000	33.3987	387	1
1527906244.839393000	33.3988	258	1
1527906244.864431000	33.4238	87	0
1527906245.033628000	33.593	329	0
1527906245.034159000	33.5935	148	0
1527906245.035982000	33.5953	104	1
1527906245.038854000	33.5982	92	0
1527906245.039473000	33.5988	277	0
1527906245.041968000	33.6013	101	1
1527906245.213528000	33.7729	1189	1
1527906245.213609000	33.773	1412	1
1527906245.213634000	33.773	1412	1
1527906245.213657000	33.773	1412	1
1527906245.213716000	33.7731	823	1
1527906245.240155000	33.7995	87	0
1527906245.318294000	33.8777	346	1
1527906245.318361000	33.8777	220	1
1527906245.344699000	33.9041	87	0
1527906245.384688000	33.944	418	0
1527906245.388002000	33.9474	104	1
1527906245.393037000	33.9524	80	0
1527906245.396063000	33.9554	98	1
1527906245.522231000	34.0816	288	0
1527906245.522827000	34.0822	148	0
1527906245.525012000	34.0844	101	1
1527906245.526658000	34.086	92	0
1527906245.527271000	34.0866	105	0
1527906245.528995000	34.0884	101	1
1527906245.568570000	34.1279	388	1
1527906245.568659000	34.128	314	1
1527906245.594938000	34.1543	87	0
1527906245.774771000	34.3341	233	0
1527906245.775307000	34.3347	148	0
1527906245.778026000	34.3374	104	1
1527906245.780278000	34.3396	92	0
1527906245.783014000	34.3424	98	1
1527906245.814873000	34.3742	336	0
1527906245.818015000	34.3774	98	1
1527906245.872254000	34.4316	451	1
1527906245.872327000	34.4317	314	1
1527906245.898155000	34.4575	87	0
1527906246.075189000	34.6346	258	0
1527906246.075783000	34.6351	148	0
1527906246.078056000	34.6374	104	1
1527906246.079553000	34.6389	92	0
1527906246.080098000	34.6395	263	0
1527906246.082057000	34.6414	101	1
1527906247.065844000	35.6252	572	1
1527906247.065903000	35.6253	256	1
1527906247.093584000	35.6529	87	0
1527906247.211597000	35.771	280	0
1527906247.212145000	35.7715	148	0
1527906247.214170000	35.7735	104	1
1527906247.216810000	35.7762	92	0
1527906247.217426000	35.7768	300	0
1527906247.219157000	35.7785	101	1
1527906247.298535000	35.8579	387	1
1527906247.298595000	35.858	256	1
1527906247.324332000	35.8837	87	0
1527906247.489814000	36.0492	233	0
1527906247.490346000	36.0497	148	0
1527906247.493179000	36.0525	104	1
1527906247.496314000	36.0557	92	0
1527906247.496946000	36.0563	241	0
1527906247.499175000	36.0585	101	1
1527906247.541221000	36.1006	388	1
1527906247.541314000	36.1007	258	1
1527906247.572239000	36.1316	87	0
1527906247.752427000	36.3118	278	0
1527906247.753103000	36.3125	148	0
1527906247.755191000	36.3146	104	1
1527906247.756936000	36.3163	92	0
1527906247.757542000	36.3169	136	0
1527906247.760190000	36.3196	101	1
1527906248.073703000	36.6331	385	1
1527906248.073798000	36.6332	257	1
1527906248.099997000	36.6594	87	0
1527906248.213361000	36.7727	399	1
1527906248.213447000	36.7728	1412	1
1527906248.213473000	36.7728	1412	1
1527906248.213512000	36.7729	1412	1
1527906248.213562000	36.7729	823	1
1527906248.241029000	36.8004	87	0
1527906248.287188000	36.8465	256	0
1527906248.287756000	36.8471	148	0
1527906248.289754000	36.8491	92	0
1527906248.290223000	36.8496	110	1
1527906248.290315000	36.8497	112	0
1527906248.293210000	36.8526	98	1
1527906248.383050000	36.9424	383	0
1527906248.386229000	36.9456	98	1
1527906248.392124000	36.9515	80	0
1527906248.395215000	36.9546	98	1
1527906248.405239000	36.9646	390	1
1527906248.405322000	36.9647	252	1
1527906248.432912000	36.9923	87	0
1527906248.533333000	37.0927	263	0
1527906248.533925000	37.0933	148	0
1527906248.536235000	37.0956	104	1
1527906248.538187000	37.0975	92	0
1527906248.538871000	37.0982	308	0
1527906248.541224000	37.1006	101	1
1527906249.386823000	37.9462	387	1
1527906249.386889000	37.9463	256	1
1527906249.413496000	37.9729	87	0
1527906249.603905000	38.1633	258	0
1527906249.604435000	38.1638	148	0
1527906249.607303000	38.1667	104	1
1527906249.608261000	38.1676	92	0
1527906249.608943000	38.1683	296	0
1527906249.611284000	38.1706	101	1
1527906249.648468000	38.2078	387	1
1527906249.648535000	38.2079	256	1
1527906249.675099000	38.2345	87	0
1527906249.865732000	38.4251	360	0
1527906249.866335000	38.4257	148	0
1527906249.868285000	38.4276	104	1
1527906249.871938000	38.4313	92	0
1527906249.872614000	38.432	305	0
1527906249.874273000	38.4336	101	1
1527906250.061143000	38.6205	389	1
1527906250.061205000	38.6206	257	1
1527906250.087691000	38.6471	87	0
1527906250.209441000	38.7688	235	0
1527906250.210056000	38.7694	148	0
1527906250.212328000	38.7717	104	1
1527906250.214989000	38.7744	92	0
1527906250.215726000	38.7751	321	0
1527906250.217322000	38.7767	101	1
1527906250.565801000	39.1252	386	1
1527906250.565895000	39.1253	256	1
1527906250.591457000	39.1508	87	0
1527906250.751644000	39.311	235	0
1527906250.752229000	39.3116	148	0
1527906250.754380000	39.3137	104	1
1527906250.756789000	39.3162	92	0
1527906250.757339000	39.3167	252	0
1527906250.759363000	39.3187	101	1
1527906250.896618000	39.456	1207	1
1527906250.896693000	39.4561	256	1
1527906250.924349000	39.4837	87	0
1527906251.104373000	39.6637	302	0
1527906251.105046000	39.6644	148	0
1527906251.107377000	39.6667	104	1
1527906251.109691000	39.6691	92	0
1527906251.110323000	39.6697	292	0
1527906251.112367000	39.6717	101	1
1527906251.428740000	39.9881	409	1
1527906251.428830000	39.9882	256	1
1527906251.454841000	40.0142	87	0
1527906251.611508000	40.1709	279	0
1527906251.612110000	40.1715	148	0
1527906251.614429000	40.1738	104	1
1527906251.617854000	40.1772	92	0
1527906251.618473000	40.1778	163	0
1527906251.620412000	40.1798	101	1
1527906251.780753000	40.3401	386	1
1527906251.780842000	40.3402	256	1
1527906251.806177000	40.3655	87	0
1527906251.984876000	40.5442	256	0
1527906251.985418000	40.5448	148	0
1527906251.987434000	40.5468	104	1
1527906251.991346000	40.5507	92	0
1527906251.991945000	40.5513	213	0
1527906251.994418000	40.5538	101	1
1527906252.131607000	40.691	451	1
1527906252.131703000	40.6911	258	1
1527906252.158037000	40.7174	87	0
1527906252.344545000	40.9039	235	0
1527906252.347401000	40.9068	148	0
1527906252.347497000	40.9069	101	1
1527906252.349772000	40.9091	92	0
1527906252.350378000	40.9097	251	0
1527906252.350399000	40.9098	101	1
1527906252.353442000	40.9128	98	1
1527906252.675136000	41.2345	568	1
1527906252.675223000	41.2346	257	1
1527906252.701605000	41.261	87	0
1527906252.859754000	41.4191	277	0
1527906252.860360000	41.4197	148	0
1527906252.862485000	41.4218	104	1
1527906252.864442000	41.4238	92	0
1527906252.867463000	41.4268	98	1
1527906252.902436000	41.4618	179	0
1527906252.905479000	41.4648	98	1
1527906252.948553000	41.5079	389	1
1527906252.948615000	41.508	256	1
1527906252.973926000	41.5333	87	0
1527906253.270374000	41.8297	281	0
1527906253.270909000	41.8303	148	0
1527906253.273533000	41.8329	104	1
1527906253.276242000	41.8356	92	0
1527906253.277262000	41.8366	255	0
1527906253.279514000	41.8389	101	1
1527906253.581720000	42.1411	387	1
1527906253.581804000	42.1412	257	1
1527906253.609496000	42.1689	87	0
1527906253.713552000	42.2729	235	0
1527906253.714170000	42.2735	148	0
1527906253.716526000	42.2759	104	1
1527906253.719729000	42.2791	92	0
1527906253.720340000	42.2797	179	0
1527906253.722525000	42.2819	101	1
1527906253.867634000	42.427	390	1
1527906253.867702000	42.4271	258	1
1527906253.893396000	42.4528	87	0
1527906254.052734000	42.6121	256	0
1527906254.053337000	42.6127	148	0
1527906254.055495000	42.6149	104	1
1527906254.057395000	42.6168	92	0
1527906254.058009000	42.6174	232	0
1527906254.060496000	42.6199	101	1
1527906254.366602000	42.926	489	1
1527906254.366667000	42.926	258	1
1527906254.392983000	42.9523	87	0
1527906254.485962000	43.0453	233	0
1527906254.486553000	43.0459	148	0
1527906254.488597000	43.048	104	1
1527906254.491679000	43.051	92	0
1527906254.492296000	43.0517	290	0
1527906254.494562000	43.0539	101	1
1527906255.956178000	44.5155	386	1
1527906255.956273000	44.5156	256	1
1527906255.983377000	44.5427	87	0
1527906256.161197000	44.7206	287	0
1527906256.161715000	44.7211	148	0
1527906256.163677000	44.723	104	1
1527906256.166148000	44.7255	92	0
1527906256.166755000	44.7261	109	0
1527906256.168661000	44.728	101	1
1527906256.258686000	44.818	388	1
1527906256.258778000	44.8181	256	1
1527906256.285107000	44.8445	87	0
1527906256.435838000	44.9952	237	0
1527906256.436974000	44.9963	148	0
1527906256.438691000	44.9981	104	1
1527906256.440425000	44.9998	92	0
1527906256.442151000	45.0015	339	0
1527906256.443686000	45.003	101	1
1527906256.701140000	45.2605	388	1
1527906256.701200000	45.2606	258	1
1527906256.727909000	45.2873	87	0
1527906256.845999000	45.4054	256	0
1527906256.846594000	45.406	148	0
1527906256.848717000	45.4081	104	1
1527906256.850976000	45.4103	92	0
1527906256.851640000	45.411	133	0
1527906256.853700000	45.4131	101	1
1527906257.125045000	45.6844	386	1
1527906257.125109000	45.6845	258	1
1527906257.150728000	45.7101	87	0
1527906257.272016000	45.8314	337	0
1527906257.272593000	45.832	148	0
1527906257.274672000	45.834	104	1
1527906257.276370000	45.8357	92	0
1527906257.276944000	45.8363	179	0
1527906257.278751000	45.8381	101	1
1527906257.646619000	46.206	1211	1
1527906257.646702000	46.2061	257	1
1527906257.672770000	46.2321	87	0
1527906257.793698000	46.3531	235	0
1527906257.794221000	46.3536	148	0
1527906257.796768000	46.3561	104	1
1527906257.798513000	46.3579	92	0
1527906257.799139000	46.3585	295	0
1527906257.801752000	46.3611	101	1
1527906258.130534000	46.6899	413	1
1527906258.130598000	46.69	259	1
1527906258.157788000	46.7171	87	0
1527906258.250814000	46.8102	258	0
1527906258.251415000	46.8108	148	0
1527906258.253807000	46.8132	104	1
1527906258.257702000	46.8171	92	0
1527906258.258321000	46.8177	312	0
1527906258.260779000	46.8201	101	1
1527906258.567952000	47.1273	386	1
1527906258.568047000	47.1274	256	1
1527906258.594276000	47.1536	87	0
1527906258.795406000	47.3548	281	0
1527906258.795934000	47.3553	148	0
1527906258.797798000	47.3572	92	0
1527906258.797925000	47.3573	104	1
1527906258.798482000	47.3578	155	0
1527906258.800750000	47.3601	101	1
1527906258.836211000	47.3956	452	1
1527906258.836302000	47.3957	257	1
1527906258.862791000	47.4222	87	0
1527906259.027385000	47.5867	302	0
1527906259.027911000	47.5873	148	0
1527906259.029848000	47.5892	104	1
1527906259.031941000	47.5913	92	0
1527906259.032562000	47.5919	210	0
1527906259.034821000	47.5942	101	1
1527906259.163418000	47.7228	570	1
1527906259.163480000	47.7228	314	1
1527906259.190165000	47.7495	87	0
1527906259.342465000	47.9018	233	0
1527906259.343046000	47.9024	148	0
1527906259.345869000	47.9052	104	1
1527906259.347697000	47.9071	92	0
1527906259.348431000	47.9078	134	0
1527906259.350847000	47.9102	101	1
1527906259.465983000	48.0253	386	1
1527906259.466080000	48.0254	314	1
1527906259.491629000	48.051	87	0
1527906259.586627000	48.146	233	0
1527906259.587156000	48.1465	148	0
1527906259.589864000	48.1492	104	1
1527906259.591337000	48.1507	92	0
1527906259.591900000	48.1513	322	0
1527906259.593863000	48.1532	101	1
1527906260.721075000	49.2804	390	1
1527906260.721140000	49.2805	256	1
1527906260.747161000	49.3065	87	0
1527906260.872100000	49.4315	278	0
1527906260.872633000	49.432	148	0
1527906260.874550000	49.4339	104	1
1527906260.877434000	49.4368	92	0
1527906260.877991000	49.4374	276	0
1527906260.880528000	49.4399	101	1
1527906260.975935000	49.5353	386	1
1527906260.976002000	49.5354	259	1
1527906261.001702000	49.5611	87	0
1527906261.165861000	49.7252	279	0
1527906261.166411000	49.7258	158	0
1527906261.168561000	49.7279	104	1
1527906261.168945000	49.7283	206	0
1527906261.171543000	49.7309	98	1
1527906261.511988000	50.0713	489	1
1527906261.512053000	50.0714	257	1
1527906261.537286000	50.0966	87	0
1527906261.644716000	50.2041	235	0
1527906261.645317000	50.2047	148	0
1527906261.647581000	50.2069	104	1
1527906261.650094000	50.2095	92	0
1527906261.650711000	50.2101	331	0
1527906261.652568000	50.2119	101	1
1527906261.774024000	50.3334	390	1
1527906261.774118000	50.3335	258	1
1527906261.798939000	50.3583	87	0
1527906261.913806000	50.4732	256	0
1527906261.914346000	50.4737	148	0
1527906261.916591000	50.476	104	1
1527906261.918568000	50.4779	92	0
1527906261.919204000	50.4786	110	0
1527906261.921582000	50.4809	101	1
1527906261.960176000	50.5195	367	1
1527906261.960276000	50.5196	1412	1
1527906261.960314000	50.5197	1412	1
1527906261.960342000	50.5197	1412	1
1527906261.960363000	50.5197	823	1
1527906261.985536000	50.5449	87	0
1527906262.072302000	50.6317	389	0
1527906262.075622000	50.635	101	1
1527906262.080129000	50.6395	80	0
1527906262.082600000	50.642	98	1
1527906262.274822000	50.8342	386	1
1527906262.274898000	50.8343	257	1
1527906262.302600000	50.862	87	0
1527906262.457288000	51.0166	260	0
1527906262.457817000	51.0172	148	0
1527906262.460652000	51.02	104	1
1527906262.463410000	51.0228	92	0
1527906262.463970000	51.0233	333	0
1527906262.466633000	51.026	101	1
1527906262.697064000	51.2564	1206	1
1527906262.697152000	51.2565	256	1
1527906262.723328000	51.2827	87	0
1527906262.828346000	51.3877	258	0
1527906262.828949000	51.3883	148	0
1527906262.831585000	51.3909	104	1
1527906262.834132000	51.3935	92	0
1527906262.834749000	51.3941	335	0
1527906262.836574000	51.3959	101	1
1527906263.133974000	51.6933	413	1
1527906263.134063000	51.6934	257	1
1527906263.160693000	51.7201	87	0
1527906263.171154000	51.7305	87	0
1527906263.256755000	51.8161	337	0
1527906263.257355000	51.8167	148	0
1527906263.259669000	51.819	107	1
1527906263.262074000	51.8214	92	0
1527906263.262691000	51.8221	153	0
1527906263.264674000	51.824	101	1
1527906263.475852000	52.0352	387	1
1527906263.475920000	52.0353	256	1
1527906263.503889000	52.0633	87	0
1527906263.608226000	52.1676	233	0
1527906263.608841000	52.1682	148	0
1527906263.610691000	52.1701	104	1
1527906263.612260000	52.1716	92	0
1527906263.612863000	52.1722	309	0
1527906263.614694000	52.1741	101	1
1527906263.964692000	52.5241	450	1
1527906263.964780000	52.5241	256	1
1527906263.992498000	52.5519	87	0
1527906264.082741000	52.6421	256	0
1527906264.083339000	52.6427	148	0
1527906264.085719000	52.6451	104	1
1527906264.087778000	52.6471	92	0
1527906264.088526000	52.6479	320	0
1527906264.090709000	52.6501	101	1
1527906264.255170000	52.8145	570	1
1527906264.255231000	52.8146	314	1
1527906264.281387000	52.8407	87	0
1527906264.286477000	52.8458	87	0
1527906264.457730000	53.0171	278	0
1527906264.458333000	53.0177	148	0
1527906264.460742000	53.0201	107	1
1527906264.462709000	53.0221	92	0
1527906264.463347000	53.0227	141	0
1527906264.465729000	53.0251	101	1
1527906264.559803000	53.1192	389	1
1527906264.559899000	53.1193	252	1
1527906264.597717000	53.1571	87	0
1527906264.689012000	53.2484	281	0
1527906264.689608000	53.249	148	0
1527906264.691756000	53.2511	104	1
1527906264.693396000	53.2528	92	0
1527906264.693946000	53.2533	92	0
1527906264.695767000	53.2551	101	1
1527906265.067491000	53.6269	368	1
1527906265.067586000	53.6269	1412	1
1527906265.067632000	53.627	1412	1
1527906265.067656000	53.627	1412	1
1527906265.067696000	53.6271	1357	1
1527906265.093498000	53.6529	87	0
1527906265.167954000	53.7273	397	0
1527906265.170782000	53.7301	101	1
1527906265.174748000	53.7341	80	0
1527906265.177771000	53.7371	98	1
1527906265.624565000	54.1839	492	1
1527906265.624656000	54.184	256	1
1527906265.650179000	54.2095	87	0
1527906265.807891000	54.3673	255	0
1527906265.808479000	54.3678	148	0
1527906265.810737000	54.3701	92	0
1527906265.811216000	54.3706	107	1
1527906265.811298000	54.3707	307	0
1527906265.814211000	54.3736	98	1
1527906265.947806000	54.5072	389	1
1527906265.947882000	54.5072	259	1
1527906265.974109000	54.5335	87	0
1527906266.132922000	54.6923	304	0
1527906266.133529000	54.6929	148	0
1527906266.136229000	54.6956	104	1
1527906266.136666000	54.696	92	0
1527906266.137213000	54.6966	315	0
1527906266.139220000	54.6986	101	1
1527906266.454498000	55.0139	387	1
1527906266.454585000	55.0139	257	1
1527906266.480057000	55.0394	87	0
1527906266.646319000	55.2057	233	0
1527906266.646911000	55.2063	148	0
1527906266.649261000	55.2086	104	1
1527906266.655209000	55.2146	92	0
1527906266.655824000	55.2152	273	0
1527906266.658263000	55.2176	101	1
1527906266.782789000	55.3422	385	1
1527906266.782887000	55.3422	257	1
1527906266.808664000	55.368	87	0
1527906266.918989000	55.4784	256	0
1527906266.919573000	55.4789	148	0
1527906266.922305000	55.4817	104	1
1527906266.924441000	55.4838	92	0
1527906266.925023000	55.4844	137	0
1527906266.927265000	55.4866	101	1
1527906267.222118000	55.7815	385	1
1527906267.222204000	55.7816	259	1
1527906267.248769000	55.8081	87	0
1527906267.343936000	55.9033	235	0
1527906267.344471000	55.9038	148	0
1527906267.347330000	55.9067	104	1
1527906267.348943000	55.9083	92	0
1527906267.349583000	55.9089	134	0
1527906267.351290000	55.9107	101	1
1527906267.735594000	56.295	1208	1
1527906267.735686000	56.295	256	1
1527906267.762646000	56.322	87	0
1527906267.884304000	56.4437	283	0
1527906267.884862000	56.4442	148	0
1527906267.887346000	56.4467	104	1
1527906267.889644000	56.449	92	0
1527906267.890259000	56.4496	178	0
1527906267.892320000	56.4517	101	1
1527906268.297890000	56.8573	412	1
1527906268.297955000	56.8573	220	1
1527906268.323598000	56.883	87	0
1527906268.476696000	57.0361	235	0
1527906268.477293000	57.0367	148	0
1527906268.479382000	57.0387	104	1
1527906268.482094000	57.0415	92	0
1527906268.482712000	57.0421	339	0
1527906268.485371000	57.0447	101	1
1527906272.903491000	61.4629	386	1
1527906272.903579000	61.4629	259	1
1527906272.928428000	61.4878	87	0
1527906272.937330000	61.4967	87	0
1527906273.037686000	61.597	256	0
1527906273.038349000	61.5977	148	0
1527906273.040568000	61.5999	107	1
1527906273.041980000	61.6013	92	0
1527906273.042589000	61.602	244	0
1527906273.045637000	61.605	101	1
1527906273.444971000	62.0043	453	1
1527906273.445047000	62.0044	257	1
1527906273.470622000	62.03	87	0
1527906273.507832000	62.0672	481	1
1527906273.507914000	62.0673	1412	1
1527906273.507949000	62.0673	1412	1
1527906273.507989000	62.0674	1412	1
1527906273.508029000	62.0674	240	1
1527906273.533995000	62.0934	87	0
1527906273.566325000	62.1257	335	0
1527906273.566925000	62.1263	148	0
1527906273.568596000	62.128	107	1
1527906273.575657000	62.135	92	0
1527906273.576269000	62.1356	260	0
1527906273.578593000	62.138	101	1
1527906273.633660000	62.193	432	0
1527906273.636663000	62.196	98	1
1527906273.643859000	62.2032	80	0
1527906273.646694000	62.2061	98	1
1527906273.904267000	62.4636	391	1
1527906273.904364000	62.4637	438	1
1527906273.929841000	62.4892	87	0
1527906274.039351000	62.5987	304	0
1527906274.039882000	62.5992	148	0
1527906274.042683000	62.602	104	1
1527906274.044812000	62.6042	92	0
1527906274.045826000	62.6052	99	0
1527906274.047677000	62.607	101	1
1527906274.181116000	62.7405	389	1
1527906274.181177000	62.7405	314	1
1527906274.206952000	62.7663	87	0
1527906274.361352000	62.9207	232	0
1527906274.361963000	62.9213	148	0
1527906274.364709000	62.9241	104	1
1527906274.365493000	62.9249	92	0
1527906274.366110000	62.9255	340	0
1527906274.368702000	62.9281	101	1
1527906274.622790000	63.1822	384	1
1527906274.622853000	63.1822	314	1
1527906274.655131000	63.2145	87	0
1527906274.820970000	63.3803	258	0
1527906274.821558000	63.3809	148	0
1527906274.823729000	63.3831	104	1
1527906274.825188000	63.3845	92	0
1527906274.825870000	63.3852	325	0
1527906274.827736000	63.3871	101	1
1527906275.385240000	63.9446	493	1
1527906275.385300000	63.9447	256	1
1527906275.411007000	63.9704	87	0
1527906275.501827000	64.0612	257	0
1527906275.502424000	64.0618	148	0
1527906275.504799000	64.0642	104	1
1527906275.507095000	64.0665	92	0
1527906275.507710000	64.0671	242	0
1527906275.509756000	64.0691	101	1
1527906275.616071000	64.1754	389	1
1527906275.616150000	64.1755	259	1
1527906275.640926000	64.2003	87	0
1527906275.759684000	64.319	233	0
1527906275.760215000	64.3196	148	0
1527906275.762791000	64.3222	104	1
1527906275.765243000	64.3246	92	0
1527906275.765856000	64.3252	279	0
1527906275.767773000	64.3271	101	1
1527906276.052193000	64.6116	385	1
1527906276.052253000	64.6116	257	1
1527906276.078752000	64.6381	87	0
1527906276.242931000	64.8023	302	0
1527906276.243540000	64.8029	148	0
1527906276.245817000	64.8052	104	1
1527906276.246779000	64.8061	92	0
1527906276.247414000	64.8068	338	0
1527906276.249801000	64.8092	101	1
1527906276.544225000	65.1036	386	1
1527906276.544309000	65.1037	259	1
1527906276.569583000	65.1289	87	0
1527906276.662680000	65.222	233	0
1527906276.663220000	65.2226	148	0
1527906276.665857000	65.2252	104	1
1527906276.669496000	65.2289	92	0
1527906276.670114000	65.2295	286	0
1527906276.671823000	65.2312	101	1
1527906276.885106000	65.4445	1209	1
1527906276.885198000	65.4446	258	1
1527906276.911265000	65.4706	87	0
1527906277.136256000	65.6956	255	0
1527906277.136785000	65.6961	148	0
1527906277.138864000	65.6982	104	1
1527906277.139829000	65.6992	92	0
1527906277.140859000	65.7002	321	0
1527906277.142856000	65.7022	101	1
1527906277.214231000	65.7736	408	1
1527906277.214292000	65.7737	257	1
1527906277.239841000	65.7992	87	0
1527906277.330564000	65.8899	236	0
1527906277.331090000	65.8905	148	0
1527906277.333894000	65.8933	104	1
1527906277.335842000	65.8952	92	0
1527906277.336527000	65.8959	313	0
1527906277.338874000	65.8982	101	1
1527906277.626278000	66.1856	388	1
1527906277.626344000	66.1857	256	1
1527906277.651303000	66.2107	87	0
1527906277.758830000	66.3182	263	0
1527906277.759361000	66.3187	148	0
1527906277.761929000	66.3213	104	1
1527906277.763867000	66.3232	92	0
1527906277.764511000	66.3239	181	0
1527906277.766891000	66.3263	101	1
1527906277.857288000	66.4166	454	1
1527906277.857350000	66.4167	257	1
1527906277.882876000	66.4422	87	0
1527906277.999414000	66.5588	256	0
1527906278.000079000	66.5594	148	0
1527906278.001836000	66.5612	104	1
1527906278.004898000	66.5643	92	0
1527906278.005510000	66.5649	259	0
1527906278.007875000	66.5672	101	1
1527906278.211296000	66.7707	571	1
1527906278.211363000	66.7707	221	1
1527906278.236379000	66.7957	87	0
1527906278.350053000	66.9094	233	0
1527906278.350620000	66.91	148	0
1527906278.352930000	66.9123	104	1
1527906278.356413000	66.9158	92	0
1527906278.356980000	66.9163	279	0
1527906278.358946000	66.9183	101	1
1527906278.652839000	67.2122	389	1
1527906278.652931000	67.2123	378	1
1527906278.682362000	67.2417	87	0
1527906278.782831000	67.3422	337	0
1527906278.783362000	67.3427	148	0
1527906278.785960000	67.3453	104	1
1527906278.789429000	67.3488	92	0
1527906278.789984000	67.3493	178	0
1527906278.791959000	67.3513	101	1
1527906279.394851000	67.9542	391	1
1527906279.394972000	67.9543	260	1
1527906279.420578000	67.9799	87	0
1527906279.516626000	68.076	255	0
1527906279.517253000	68.0766	148	0
1527906279.518979000	68.0783	104	1
1527906279.521165000	68.0805	92	0
1527906279.521785000	68.0811	137	0
1527906279.523998000	68.0834	101	1
1527906279.668254000	68.2276	385	1
1527906279.668317000	68.2277	258	1
1527906279.694605000	68.254	87	0
1527906279.794625000	68.354	281	0
1527906279.795207000	68.3546	148	0
1527906279.797966000	68.3573	104	1
1527906279.799965000	68.3593	92	0
1527906279.800592000	68.36	165	0
1527906279.802968000	68.3623	101	1
1527906279.995174000	68.5545	490	1
1527906279.995264000	68.5546	258	1
1527906280.022466000	68.5818	87	0
1527906280.183054000	68.7424	302	0
1527906280.183655000	68.743	148	0
1527906280.185982000	68.7453	104	1
1527906280.188470000	68.7478	92	0
1527906280.189254000	68.7486	173	0
1527906280.190972000	68.7503	101	1
1527906280.419107000	68.9785	385	1
1527906280.419173000	68.9785	258	1
1527906280.444544000	69.0039	87	0
1527906280.707631000	69.267	233	0
1527906280.708171000	69.2675	148	0
1527906280.710015000	69.2694	104	1
1527906280.711202000	69.2706	92	0
1527906280.711819000	69.2712	186	0
1527906280.714021000	69.2734	101	1
1527906280.887525000	69.4469	389	1
1527906280.887592000	69.447	259	1
1527906280.913992000	69.4734	87	0
1527906281.006969000	69.5663	256	0
1527906281.007570000	69.5669	148	0
1527906281.010024000	69.5694	104	1
1527906281.010939000	69.5703	92	0
1527906281.011552000	69.5709	125	0
1527906281.014041000	69.5734	101	1
1527906281.270891000	69.8303	386	1
1527906281.270952000	69.8303	259	1
1527906281.296003000	69.8554	87	0
1527906281.411931000	69.9713	254	0
1527906281.412530000	69.9719	148	0
1527906281.415045000	69.9744	104	1
1527906281.415991000	69.9754	92	0
1527906281.416603000	69.976	163	0
1527906281.419082000	69.9784	101	1
1527906281.604714000	70.1641	1210	1
1527906281.604806000	70.1642	261	1
1527906281.629679000	70.189	87	0
1527906281.725555000	70.2849	232	0
1527906281.726102000	70.2855	148	0
1527906281.728172000	70.2875	104	1
1527906281.730888000	70.2902	92	0
1527906281.731495000	70.2909	103	0
1527906281.734129000	70.2935	101	1
1527906281.994175000	70.5535	408	1
1527906281.994250000	70.5536	261	1
1527906282.021969000	70.5813	87	0
1527906282.128095000	70.6875	302	0
1527906282.128703000	70.6881	148	0
1527906282.130476000	70.6898	92	0
1527906282.131093000	70.6905	313	0
1527906282.131177000	70.6905	107	1
1527906282.134136000	70.6935	98	1
1527906282.564337000	71.1237	389	1
1527906282.564434000	71.1238	258	1
1527906282.589901000	71.1493	87	0
1527906282.702518000	71.2619	233	0
1527906282.703050000	71.2624	148	0
1527906282.705187000	71.2645	104	1
1527906282.707833000	71.2672	92	0
1527906282.708546000	71.2679	144	0
1527906282.710171000	71.2695	101	1
1527906282.955924000	71.5153	451	1
1527906282.956010000	71.5154	261	1
1527906282.981153000	71.5405	87	0
1527906283.017019000	71.5764	481	1
1527906283.017124000	71.5765	1412	1
1527906283.017171000	71.5765	1412	1
1527906283.017193000	71.5766	1351	1
1527906283.044149000	71.6035	87	0
1527906283.097248000	71.6566	256	0
1527906283.097869000	71.6572	148	0
1527906283.100202000	71.6596	107	1
1527906283.103624000	71.663	92	0
1527906283.104184000	71.6635	229	0
1527906283.106150000	71.6655	101	1
1527906283.127694000	71.6871	389	0
1527906283.130193000	71.6896	98	1
1527906283.136052000	71.6954	90	0
1527906283.139197000	71.6986	98	1
1527906283.527406000	72.0868	385	1
1527906283.527467000	72.0868	258	1
1527906283.554561000	72.1139	87	0
1527906283.646969000	72.2063	261	0
1527906283.647553000	72.2069	148	0
1527906283.650266000	72.2096	104	1
1527906283.652744000	72.2121	92	0
1527906283.653294000	72.2127	186	0
1527906283.655222000	72.2146	101	1
1527906283.748651000	72.308	386	1
1527906283.748734000	72.3081	258	1
1527906283.774232000	72.3336	87	0
1527906283.864581000	72.4239	256	0
1527906283.865178000	72.4245	148	0
1527906283.867195000	72.4266	104	1
1527906283.869274000	72.4286	92	0
1527906283.869895000	72.4293	200	0
1527906283.872210000	72.4316	101	1
1527906284.061433000	72.6208	389	1
1527906284.061521000	72.6209	254	1
1527906284.102905000	72.6623	87	0
1527906284.273045000	72.8324	333	0
1527906284.273642000	72.833	148	0
1527906284.276217000	72.8356	104	1
1527906284.278553000	72.8379	92	0
1527906284.279159000	72.8385	95	0
1527906284.281226000	72.8406	101	1
1527906284.522610000	73.082	388	1
1527906284.522677000	73.082	502	1
1527906284.548827000	73.1082	87	0
1527906284.644779000	73.2041	233	0
1527906284.645312000	73.2047	148	0
1527906284.647317000	73.2067	104	1
1527906284.654969000	73.2143	92	0
1527906284.655640000	73.215	110	0
1527906284.657281000	73.2166	101	1
1527906286.018378000	74.5777	471	1
1527906286.018486000	74.5778	1412	1
1527906286.018511000	74.5779	1412	1
1527906286.018549000	74.5779	1412	1
1527906286.018577000	74.5779	1412	1
1527906286.018628000	74.578	1412	1
1527906286.018649000	74.578	1412	1
1527906286.018679000	74.578	1412	1
1527906286.018716000	74.5781	1412	1
1527906286.018738000	74.5781	1412	1
1527906286.018779000	74.5781	1412	1
1527906286.018817000	74.5782	1412	1
1527906286.020364000	74.5797	1412	1
1527906286.020424000	74.5798	1412	1
1527906286.022359000	74.5817	768	1
1527906286.044799000	74.6042	87	0
1527906286.048344000	74.6077	87	0
1527906286.168664000	74.728	444	0
1527906286.171436000	74.7308	104	1
1527906286.175476000	74.7348	80	0
1527906286.178384000	74.7377	98	1
1527906287.428032000	75.9874	387	1
1527906287.428099000	75.9875	261	1
1527906287.454015000	76.0134	87	0
1527906287.554789000	76.1142	302	0
1527906287.555336000	76.1147	148	0
1527906287.557473000	76.1168	104	1
1527906287.559489000	76.1189	92	0
1527906287.560143000	76.1195	306	0
1527906287.562386000	76.1217	101	1
1527906287.659829000	76.2192	389	1
1527906287.659891000	76.2193	259	1
1527906287.695953000	76.2553	87	0
1527906287.795602000	76.355	255	0
1527906287.796198000	76.3556	148	0
1527906287.798488000	76.3578	104	1
1527906287.799854000	76.3592	92	0
1527906287.800443000	76.3598	94	0
1527906287.802467000	76.3618	101	1
1527906288.083840000	76.6432	1211	1
1527906288.083933000	76.6433	260	1
1527906288.110319000	76.6697	87	0
1527906288.216380000	76.7757	256	0
1527906288.216913000	76.7763	148	0
1527906288.219503000	76.7789	104	1
1527906288.221654000	76.781	92	0
1527906288.222267000	76.7816	238	0
1527906288.224494000	76.7839	101	1
1527906288.504842000	77.0642	408	1
1527906288.504909000	77.0643	258	1
1527906288.531623000	77.091	87	0
1527906288.706200000	77.2656	279	0
1527906288.706730000	77.2661	148	0
1527906288.709540000	77.2689	104	1
1527906288.711349000	77.2707	92	0
1527906288.711893000	77.2713	234	0
1527906288.714521000	77.2739	101	1
1527906288.784901000	77.3443	390	1
1527906288.784964000	77.3443	261	1
1527906288.810961000	77.3703	87	0
1527906288.919570000	77.4789	259	0
1527906288.920171000	77.4795	148	0
1527906288.922548000	77.4819	104	1
1527906288.924669000	77.484	92	0
1527906288.925282000	77.4846	126	0
1527906288.927530000	77.4869	101	1
1527906289.079950000	77.6393	452	1
1527906289.080044000	77.6394	259	1
1527906289.106282000	77.6656	87	0
1527906289.363946000	77.9233	235	0
1527906289.364482000	77.9238	148	0
1527906289.366592000	77.926	104	1
1527906289.370299000	77.9297	92	0
1527906289.370909000	77.9303	334	0
1527906289.373567000	77.9329	101	1
1527906289.409582000	77.9689	386	1
1527906289.409666000	77.969	261	1
1527906289.435353000	77.9947	87	0
1527906289.589787000	78.1491	232	0
1527906289.590391000	78.1498	148	0
1527906289.592528000	78.1519	104	1
1527906289.593771000	78.1531	92	0
1527906289.594416000	78.1538	93	0
1527906289.596522000	78.1559	101	1
1527906289.641801000	78.2012	565	1
1527906289.641899000	78.2013	261	1
1527906289.669109000	78.2285	87	0
1527906289.775587000	78.3349	233	0
1527906289.776201000	78.3356	148	0
1527906289.778597000	78.338	104	1
1527906289.779891000	78.3393	92	0
1527906289.780457000	78.3398	272	0
1527906289.782545000	78.3419	101	1
1527906289.953964000	78.5133	386	1
1527906289.954055000	78.5134	259	1
1527906289.980347000	78.5397	87	0
1527906290.088564000	78.6479	286	0
1527906290.089791000	78.6492	148	0
1527906290.091608000	78.651	104	1
1527906290.094376000	78.6537	92	0
1527906290.096033000	78.6554	337	0
1527906290.097602000	78.657	101	1
1527906290.365834000	78.9252	387	1
1527906290.365930000	78.9253	259	1
1527906290.391632000	78.951	87	0
1527906290.499850000	79.0592	235	0
1527906290.500454000	79.0598	148	0
1527906290.502562000	79.0619	104	1
1527906290.504256000	79.0636	92	0
1527906290.504864000	79.0642	289	0
1527906290.506579000	79.0659	101	1
1527906290.709617000	79.269	386	1
1527906290.709684000	79.269	259	1
1527906290.734961000	79.2943	87	0
1527906290.831952000	79.3913	256	0
1527906290.832514000	79.3919	148	0
1527906290.834592000	79.394	104	1
1527906290.835561000	79.3949	92	0
1527906290.836173000	79.3955	318	0
1527906290.838616000	79.398	101	1
1527906291.204724000	79.7641	390	1
1527906291.204792000	79.7642	262	1
1527906291.230335000	79.7897	87	0
1527906291.338580000	79.8979	337	0
1527906291.339112000	79.8985	148	0
1527906291.341710000	79.9011	104	1
1527906291.343318000	79.9027	92	0
1527906291.343869000	79.9032	336	0
1527906291.345702000	79.9051	101	1
1527906291.463166000	80.0225	490	1
1527906291.463235000	80.0226	262	1
1527906291.489992000	80.0494	87	0
1527906291.664412000	80.2238	233	0
1527906291.665014000	80.2244	148	0
1527906291.667661000	80.227	104	1
1527906291.669395000	80.2288	92	0
1527906291.670005000	80.2294	142	0
1527906291.672665000	80.232	101	1
1527906291.737196000	80.2966	386	1
1527906291.737263000	80.2966	259	1
1527906291.763304000	80.3227	87	0
1527906291.886618000	80.446	258	0
1527906291.887147000	80.4465	148	0
1527906291.889743000	80.4491	104	1
1527906291.891182000	80.4505	92	0
1527906291.891795000	80.4512	165	0
1527906291.893701000	80.4531	101	1
1527906292.051936000	80.6113	387	1
1527906292.052019000	80.6114	262	1
1527906292.078161000	80.6375	87	0
1527906292.170694000	80.7301	278	0
1527906292.171253000	80.7306	148	0
1527906292.173731000	80.7331	104	1
1527906292.175512000	80.7349	92	0
1527906292.176126000	80.7355	278	0
1527906292.178665000	80.738	101	1
1527906292.370924000	80.9303	1206	1
1527906292.370996000	80.9304	261	1
1527906292.396931000	80.9563	87	0
1527906292.486897000	81.0463	281	0
1527906292.487422000	81.0468	148	0
1527906292.489766000	81.0491	104	1
1527906292.491970000	81.0513	92	0
1527906292.492947000	81.0523	138	0
1527906292.494671000	81.054	101	1
1527906292.594760000	81.1541	414	1
1527906292.594837000	81.1542	260	1
1527906292.621175000	81.1805	87	0
1527906292.718106000	81.2775	257	0
1527906292.718770000	81.2781	148	0
1527906292.720759000	81.2801	104	1
1527906292.722520000	81.2819	92	0
1527906292.723136000	81.2825	290	0
1527906292.725764000	81.2851	101	1
1527906292.906269000	81.4656	390	1
1527906292.906334000	81.4657	259	1
1527906292.932741000	81.4921	87	0
1527906293.048557000	81.6079	256	0
1527906293.049099000	81.6085	148	0
1527906293.049696000	81.6091	92	0
1527906293.051160000	81.6105	170	0
1527906293.051694000	81.6111	110	1
1527906293.658280000	82.2176	455	1
1527906293.658367000	82.2177	261	1
1527906293.701876000	82.2612	455	1
1527906293.745813000	82.3052	261	1
1527906293.945872000	82.5052	455	1
1527906293.945960000	82.5053	261	1
1527906294.345843000	82.9052	455	1
1527906294.345883000	82.9052	261	1
1527906295.145946000	83.7053	455	1
1527906295.146034000	83.7054	261	1
1527906296.746031000	85.3054	455	1
1527906296.746088000	85.3054	261	1
1527906299.946217000	88.5056	154	1
