1527952721.367966000	0	275	1
1527952721.386763000	0.0187972	67	0
1527952721.586753000	0.218787	287	0
1527952721.586985000	0.219019	1392	0
1527952721.587069000	0.219103	1392	0
1527952721.587277000	0.219311	1392	0
1527952721.587279000	0.219313	160	0
1527952721.587379000	0.219413	1392	0
1527952721.587584000	0.219618	1392	0
1527952721.587947000	0.219981	1392	0
1527952721.587949000	0.219983	168	0
1527952721.588022000	0.220056	676	0
1527952721.588180000	0.220214	110	1
1527952721.589217000	0.221251	1392	0
1527952721.589487000	0.221521	1392	0
1527952721.589590000	0.221624	674	0
1527952721.591013000	0.223047	1392	0
1527952721.591213000	0.223247	89	1
1527952721.591334000	0.223368	1392	0
1527952721.591615000	0.223649	1392	0
1527952721.591617000	0.223651	168	0
1527952721.592669000	0.224703	1175	0
1527952721.594158000	0.226192	89	1
1527952721.594644000	0.226678	1392	0
1527952721.594961000	0.226995	1392	0
1527952721.595240000	0.227274	1392	0
1527952721.595243000	0.227277	168	0
1527952721.596113000	0.228147	89	1
1527952721.596358000	0.228392	1219	0
1527952721.596638000	0.228672	1392	0
1527952721.596641000	0.228675	232	0
1527952721.598258000	0.230292	1392	0
1527952721.598353000	0.230387	782	0
1527952721.600352000	0.232386	1392	0
1527952721.600545000	0.232579	981	0
1527952721.603799000	0.235833	1392	0
1527952721.604092000	0.236126	1392	0
1527952721.604402000	0.236436	1392	0
1527952721.604404000	0.236438	168	0
1527952721.604730000	0.236764	1392	0
1527952721.604732000	0.236766	151	0
1527952721.607782000	0.239816	1392	0
1527952721.607866000	0.2399	1392	0
1527952721.608039000	0.240073	1392	0
1527952721.608042000	0.240076	168	0
1527952721.608393000	0.240427	1392	0
1527952721.608395000	0.240429	136	0
1527952721.609363000	0.241397	98	1
1527952721.609651000	0.241685	1392	0
1527952721.609836000	0.24187	1392	0
1527952721.610147000	0.242181	1392	0
1527952721.610150000	0.242184	178	0
1527952721.610350000	0.242384	771	0
1527952721.613193000	0.245227	1392	0
1527952721.613485000	0.245519	1392	0
1527952721.613786000	0.24582	1392	0
1527952721.613788000	0.245822	168	0
1527952721.613913000	0.245947	637	0
1527952721.613984000	0.246018	86	0
1527952721.620097000	0.252131	107	1
1527952721.620319000	0.252353	107	1
1527952721.622296000	0.25433	86	1
1527952722.032230000	0.664264	347	1
1527952722.032321000	0.664355	1392	1
1527952722.032350000	0.664384	886	1
1527952722.043818000	0.675852	197	1
1527952722.052140000	0.684174	67	0
1527952722.063710000	0.695744	67	0
1527952722.213300000	0.845334	353	0
1527952722.216245000	0.848279	86	1
1527952722.216769000	0.848803	60	0
1527952722.218219000	0.850253	80	1
1527952722.239415000	0.871449	267	0
1527952722.239689000	0.871723	1392	0
1527952722.239828000	0.871862	1392	0
1527952722.239982000	0.872016	1392	0
1527952722.239985000	0.872019	160	0
1527952722.240161000	0.872195	1392	0
1527952722.240295000	0.872329	1392	0
1527952722.240429000	0.872463	1051	0
1527952722.244148000	0.876182	72	0
1527952722.244244000	0.876278	306	0
1527952722.245989000	0.878023	107	1
1527952722.343536000	0.97557	195	1
1527952722.363808000	0.995842	67	0
1527952722.534761000	1.1668	445	0
1527952722.535288000	1.16732	1096	0
1527952722.536654000	1.16869	72	0
1527952722.536724000	1.16876	228	0
1527952722.542210000	1.17424	92	1
1527952722.824465000	1.4565	374	1
1527952722.844206000	1.47624	67	0
1527952722.863722000	1.49576	262	0
1527952722.863831000	1.49587	483	0
1527952722.866226000	1.49826	86	1
1527952723.147073000	1.77911	225	1
1527952723.147148000	1.77918	124	1
1527952723.166649000	1.79868	67	0
1527952723.218400000	1.85043	738	1
1527952723.218491000	1.85053	170	1
1527952723.239143000	1.87118	67	0
1527952723.253097000	1.88513	1392	0
1527952723.253356000	1.88539	1392	0
1527952723.253666000	1.8857	1392	0
1527952723.253738000	1.88577	573	0
1527952723.253805000	1.88584	145	0
1527952723.255232000	1.88727	98	1
1527952723.355485000	1.98752	572	0
1527952723.355487000	1.98752	72	0
1527952723.355604000	1.98764	261	0
1527952723.357239000	1.98927	86	1
1527952724.101804000	2.73384	224	1
1527952724.120242000	2.75228	67	0
1527952724.248953000	2.88099	258	0
1527952724.249229000	2.88126	1392	0
1527952724.249453000	2.88149	975	0
1527952724.250627000	2.88266	72	0
1527952724.250719000	2.88275	316	0
1527952724.251364000	2.8834	86	1
1527952724.253297000	2.88533	86	1
1527952724.539829000	3.17186	1392	1
1527952724.539873000	3.17191	961	1
1527952724.539943000	3.17198	823	1
1527952724.562259000	3.19429	67	0
1527952724.588878000	3.22091	463	0
1527952724.588967000	3.221	312	0
1527952724.590302000	3.22234	86	1
1527952725.202453000	3.83449	1343	1
1527952725.202567000	3.8346	1392	1
1527952725.202608000	3.83464	1392	1
1527952725.202642000	3.83468	1392	1
1527952725.202681000	3.83472	1392	1
1527952725.202729000	3.83476	1392	1
1527952725.202755000	3.83479	1392	1
1527952725.202797000	3.83483	1392	1
1527952725.202830000	3.83486	1392	1
1527952725.202868000	3.8349	1392	1
1527952725.202909000	3.83494	1392	1
1527952725.202941000	3.83498	1392	1
1527952725.202978000	3.83501	1392	1
1527952725.203016000	3.83505	1250	1
1527952725.222911000	3.85494	67	0
1527952725.226276000	3.85831	67	0
1527952725.411892000	4.04393	360	0
1527952725.416066000	4.0481	60	0
1527952725.424378000	4.05641	89	1
1527952727.254956000	5.88699	325	1
1527952727.255040000	5.88707	1392	1
1527952727.255066000	5.8871	961	1
1527952727.259892000	5.89193	204	1
1527952727.259981000	5.89201	1392	1
1527952727.260021000	5.89206	1392	1
1527952727.260065000	5.8921	738	1
1527952727.276464000	5.9085	67	0
1527952727.277918000	5.90995	231	1
1527952727.283659000	5.91569	67	0
1527952727.290395000	5.92243	100	1
1527952727.297568000	5.9296	67	0
1527952727.306628000	5.93866	74	0
1527952727.308357000	5.94039	83	1
1527952727.309934000	5.94197	67	0
1527952727.388692000	6.02073	378	0
1527952727.390358000	6.02239	83	1
1527952727.393309000	6.02534	60	0
1527952727.432598000	6.06463	80	1
1527952727.700611000	6.33265	590	0
1527952727.700741000	6.33278	419	0
1527952727.703777000	6.33581	83	1
1527952727.704185000	6.33622	81	1
1527952727.707631000	6.33967	231	1
1527952727.724326000	6.35636	67	0
1527952727.728777000	6.36081	67	0
1527952728.144386000	6.77642	894	0
1527952728.144566000	6.7766	1392	0
1527952728.144637000	6.77667	1392	0
1527952728.144880000	6.77691	1392	0
1527952728.144882000	6.77692	160	0
1527952728.144968000	6.777	1392	0
1527952728.145245000	6.77728	1330	0
1527952728.147402000	6.77944	92	1
1527952728.149593000	6.78163	1392	0
1527952728.149866000	6.7819	1392	0
1527952728.150161000	6.7822	1392	0
1527952728.150164000	6.7822	168	0
1527952728.150394000	6.78243	101	1
1527952728.150487000	6.78252	1199	0
1527952728.152412000	6.78445	80	1
1527952728.153988000	6.78602	1392	0
1527952728.154287000	6.78632	1392	0
1527952728.154372000	6.78641	1392	0
1527952728.154379000	6.78641	168	0
1527952728.154634000	6.78667	1392	0
1527952728.154734000	6.78677	720	0
1527952728.155378000	6.78741	95	1
1527952728.176574000	6.80861	1392	0
1527952728.176853000	6.80889	1392	0
1527952728.177152000	6.80919	1392	0
1527952728.177154000	6.80919	178	0
1527952728.178083000	6.81012	772	0
1527952728.180446000	6.81248	92	1
1527952728.180454000	6.81249	1392	0
1527952728.180782000	6.81282	1392	0
1527952728.181078000	6.81311	1392	0
1527952728.181080000	6.81311	168	0
1527952728.182400000	6.81443	89	1
1527952728.182542000	6.81458	955	0
1527952728.184383000	6.81642	80	1
1527952728.184830000	6.81686	1392	0
1527952728.185115000	6.81715	1392	0
1527952728.185186000	6.81722	1392	0
1527952728.185188000	6.81722	168	0
1527952728.185468000	6.8175	1392	0
1527952728.185470000	6.8175	165	0
1527952728.186386000	6.81842	95	1
1527952728.188631000	6.82067	1392	0
1527952728.188912000	6.82095	1392	0
1527952728.189242000	6.82128	1392	0
1527952728.189244000	6.82128	168	0
1527952728.190420000	6.82245	64	0
1527952728.190534000	6.82257	89	1
1527952728.190884000	6.82292	1175	0
1527952728.192402000	6.82444	83	1
1527952728.192721000	6.82475	1392	0
1527952728.193006000	6.82504	1392	0
1527952728.193306000	6.82534	1392	0
1527952728.193309000	6.82534	168	0
1527952728.193381000	6.82542	64	0
1527952728.194376000	6.82641	92	1
1527952728.194776000	6.82681	944	0
1527952728.195109000	6.82714	1392	0
1527952728.195387000	6.82742	1279	0
1527952728.196516000	6.82855	86	1
1527952728.197942000	6.82998	729	0
1527952728.198288000	6.83032	1392	0
1527952728.198573000	6.83061	1307	0
1527952728.199273000	6.83131	1392	0
1527952728.199422000	6.83146	89	1
1527952728.199696000	6.83173	1392	0
1527952728.199699000	6.83173	340	0
1527952728.199771000	6.8318	85	0
1527952728.201422000	6.83346	86	1
1527952729.511426000	8.14346	286	1
1527952729.511520000	8.14355	124	1
1527952729.530596000	8.16263	67	0
1527952729.604169000	8.2362	1392	0
1527952729.604369000	8.2364	1392	0
1527952729.604672000	8.23671	1392	0
1527952729.604748000	8.23678	526	0
1527952729.604751000	8.23679	72	0
1527952729.604818000	8.23685	226	0
1527952729.606482000	8.23852	98	1
1527952730.633279000	9.26531	356	1
1527952730.633369000	9.2654	274	1
1527952730.635966000	9.268	279	1
1527952730.636054000	9.26809	1392	1
1527952730.636083000	9.26812	1392	1
1527952730.636122000	9.26816	949	1
1527952730.654501000	9.28654	67	0
1527952730.659313000	9.29135	67	0
1527952730.696237000	9.32827	378	1
1527952730.717092000	9.34913	67	0
1527952730.794284000	9.42632	284	0
1527952730.794586000	9.42662	1380	0
1527952730.795052000	9.42709	493	0
1527952730.796521000	9.42856	572	0
1527952730.796649000	9.42868	89	1
1527952730.797514000	9.42955	615	0
1527952730.798532000	9.43057	83	1
1527952730.799073000	9.43111	447	0
1527952730.800586000	9.43262	80	1
1527952730.801741000	9.43377	677	0
1527952730.801832000	9.43387	464	0
1527952730.803342000	9.43538	815	0
1527952730.803553000	9.43559	86	1
1527952730.804967000	9.437	629	0
1527952730.807546000	9.43958	80	1
1527952730.807920000	9.43995	499	0
1527952730.807999000	9.44003	419	0
1527952730.809225000	9.44126	681	0
1527952730.809527000	9.44156	86	1
1527952730.810876000	9.44291	596	0
1527952730.812553000	9.44459	538	0
1527952730.812634000	9.44467	80	1
1527952730.813561000	9.4456	634	0
1527952730.814765000	9.4468	83	1
1527952730.814993000	9.44703	573	0
1527952730.815480000	9.44751	669	0
1527952730.816553000	9.44859	83	1
1527952730.823002000	9.45504	368	0
1527952730.824553000	9.45659	80	1
1527952730.828467000	9.4605	60	0
1527952730.830683000	9.46272	80	1
1527952730.847895000	9.47993	82	0
1527952730.848009000	9.48004	242	0
1527952730.849569000	9.4816	83	1
1527952730.912941000	9.54498	1392	1
1527952730.913018000	9.54505	1392	1
1527952730.913040000	9.54507	240	1
1527952730.913100000	9.54513	823	1
1527952730.933544000	9.56558	67	0
1527952730.954340000	9.58637	439	0
1527952730.954452000	9.58649	179	0
1527952730.956585000	9.58862	86	1
1527952731.029877000	9.66191	255	0
1527952731.029964000	9.662	83	0
1527952731.031700000	9.66373	83	1
1527952731.033338000	9.66537	279	0
1527952731.035614000	9.66765	80	1
1527952732.525519000	11.1576	967	1
1527952732.525599000	11.1576	89	1
1527952732.546069000	11.1781	279	1
1527952732.546458000	11.1785	67	0
1527952732.550649000	11.1827	453	1
1527952732.550730000	11.1828	67	1
1527952732.565623000	11.1977	67	0
1527952732.573620000	11.2057	67	0
1527952732.840689000	11.4727	417	1
1527952732.840778000	11.4728	74	1
1527952732.859052000	11.4911	318	0
1527952732.860305000	11.4923	131	0
1527952732.860664000	11.4927	83	1
1527952732.863341000	11.4954	72	0
1527952732.863428000	11.4955	98	0
1527952732.864661000	11.4967	83	1
1527952732.915182000	11.5472	369	1
1527952732.915260000	11.5473	243	1
1527952732.934089000	11.5661	67	0
1527952733.094525000	11.7266	247	0
1527952733.094828000	11.7269	121	0
1527952733.098721000	11.7308	72	0
1527952733.099416000	11.7315	237	0
1527952733.121385000	11.7534	92	1
1527952733.135918000	11.768	247	0
1527952733.137823000	11.7699	80	1
1527952733.148299000	11.7803	283	0
1527952733.148424000	11.7805	83	0
1527952733.150744000	11.7828	83	1
1527952733.152980000	11.785	72	0
1527952733.153077000	11.7851	281	0
1527952733.154679000	11.7867	83	1
1527952733.171327000	11.8034	228	0
1527952733.172412000	11.8044	347	0
1527952733.172695000	11.8047	83	1
1527952733.175279000	11.8073	68	0
1527952733.176682000	11.8087	80	1
1527952733.499497000	12.1315	348	1
1527952733.499641000	12.1317	1392	1
1527952733.499697000	12.1317	1392	1
1527952733.499723000	12.1318	1392	1
1527952733.499772000	12.1318	1392	1
1527952733.499810000	12.1318	1392	1
1527952733.499852000	12.1319	1392	1
1527952733.499889000	12.1319	1392	1
1527952733.499930000	12.132	1392	1
1527952733.499962000	12.132	1392	1
1527952733.500001000	12.132	1392	1
1527952733.500049000	12.1321	1392	1
1527952733.500074000	12.1321	1392	1
1527952733.500124000	12.1322	1392	1
1527952733.500162000	12.1322	1392	1
1527952733.501709000	12.1337	1392	1
1527952733.501758000	12.1338	1392	1
1527952733.501814000	12.1338	1392	1
1527952733.501840000	12.1339	1392	1
1527952733.501889000	12.1339	1392	1
1527952733.501915000	12.1339	1392	1
1527952733.501963000	12.134	1392	1
1527952733.501989000	12.134	1392	1
1527952733.503709000	12.1357	1392	1
1527952733.503746000	12.1358	1392	1
1527952733.503787000	12.1358	1392	1
1527952733.503834000	12.1359	1392	1
1527952733.503872000	12.1359	1392	1
1527952733.503905000	12.1359	1392	1
1527952733.503943000	12.136	1392	1
1527952733.503989000	12.136	1392	1
1527952733.505716000	12.1378	1392	1
1527952733.505781000	12.1378	1392	1
1527952733.505824000	12.1379	1392	1
1527952733.505857000	12.1379	728	1
1527952733.518791000	12.1508	80	0
1527952733.520820000	12.1529	67	0
1527952733.521709000	12.1537	83	1
1527952733.525467000	12.1575	67	0
1527952733.528859000	12.1609	67	0
1527952733.848969000	12.481	236	0
1527952733.848971000	12.481	126	0
1527952733.850742000	12.4828	89	1
1527952733.852201000	12.4842	72	0
1527952733.852270000	12.4843	205	0
1527952733.853705000	12.4857	83	1
1527952733.920242000	12.5523	365	0
1527952733.921803000	12.5538	80	1
1527952733.926610000	12.5586	60	0
1527952733.929384000	12.5614	80	1
1527952734.051684000	12.6837	336	1
1527952734.052520000	12.6846	272	1
1527952734.071511000	12.7035	67	0
1527952734.105292000	12.7373	355	1
1527952734.125427000	12.7575	67	0
1527952734.210116000	12.8421	320	1
1527952734.210205000	12.8422	258	1
1527952734.229769000	12.8618	67	0
1527952734.316584000	12.9486	581	0
1527952734.316700000	12.9487	782	0
1527952734.318762000	12.9508	72	0
1527952734.318843000	12.9509	275	0
1527952734.318959000	12.951	86	1
1527952734.320788000	12.9528	83	1
1527952734.388723000	13.0208	298	0
1527952734.388851000	13.0209	98	0
1527952734.390865000	13.0229	83	1
1527952734.392426000	13.0245	72	0
1527952734.392513000	13.0245	225	0
1527952734.393745000	13.0258	83	1
1527952734.443456000	13.0755	223	0
1527952734.443571000	13.0756	259	0
1527952734.445775000	13.0778	83	1
1527952734.448650000	13.0807	72	0
1527952734.449011000	13.081	67	0
1527952734.450794000	13.0828	80	1
1527952734.452763000	13.0848	80	1
1527952734.561124000	13.1932	246	0
1527952734.561214000	13.1932	126	0
1527952734.562766000	13.1948	83	1
1527952734.565063000	13.1971	72	0
1527952734.565133000	13.1972	247	0
1527952734.566745000	13.1988	83	1
1527952734.733143000	13.3652	368	1
1527952734.733221000	13.3653	247	1
1527952734.753861000	13.3859	67	0
1527952735.091844000	13.7239	213	0
1527952735.091935000	13.724	126	0
1527952735.093795000	13.7258	86	1
1527952735.095704000	13.7277	72	0
1527952735.095778000	13.7278	316	0
1527952735.097786000	13.7298	83	1
1527952735.157672000	13.7897	369	1
1527952735.157789000	13.7898	244	1
1527952735.179764000	13.8118	67	0
1527952735.507100000	14.1391	306	0
1527952735.507337000	14.1394	126	0
1527952735.508902000	14.1409	86	1
1527952735.511568000	14.1436	72	0
1527952735.511946000	14.144	268	0
1527952735.512833000	14.1449	83	1
1527952735.608076000	14.2401	490	1
1527952735.608164000	14.2402	245	1
1527952735.628796000	14.2608	67	0
1527952736.041442000	14.6735	247	0
1527952736.041529000	14.6736	126	0
1527952736.042885000	14.6749	86	1
1527952736.045530000	14.6776	72	0
1527952736.045532000	14.6776	91	0
1527952736.046851000	14.6789	83	1
1527952736.224680000	14.8567	850	1
1527952736.224774000	14.8568	228	1
1527952736.245372000	14.8774	67	0
1527952736.562730000	15.1948	305	0
1527952736.562827000	15.1949	126	0
1527952736.564923000	15.197	86	1
1527952736.567224000	15.1993	72	0
1527952736.568874000	15.2009	80	1
1527952736.573865000	15.2059	76	0
1527952736.575904000	15.2079	80	1
1527952740.329105000	18.9611	960	1
1527952740.329187000	18.9612	233	1
1527952740.351406000	18.9834	67	0
1527952740.697132000	19.3292	238	0
1527952740.697134000	19.3292	126	0
1527952740.698810000	19.3308	86	1
1527952740.702074000	19.3341	72	0
1527952740.702077000	19.3341	200	0
1527952740.703775000	19.3358	83	1
1527952740.866260000	19.4983	369	1
1527952740.866349000	19.4984	237	1
1527952740.886982000	19.519	67	0
1527952741.205794000	19.8378	213	0
1527952741.205917000	19.838	126	0
1527952741.207781000	19.8398	86	1
1527952741.210163000	19.8422	72	0
1527952741.210165000	19.8422	263	0
1527952741.211818000	19.8439	83	1
1527952741.281284000	19.9133	368	1
1527952741.281360000	19.9134	238	1
1527952741.301181000	19.9332	67	0
1527952741.621320000	20.2534	238	0
1527952741.621409000	20.2534	128	0
1527952741.622814000	20.2548	86	1
1527952741.626012000	20.258	72	0
1527952741.626085000	20.2581	319	0
1527952741.627832000	20.2599	83	1
1527952741.774391000	20.4064	370	1
1527952741.774467000	20.4065	240	1
1527952741.794113000	20.4261	67	0
1527952742.119696000	20.7517	211	0
1527952742.119786000	20.7518	128	0
1527952742.121794000	20.7538	86	1
1527952742.123042000	20.7551	72	0
1527952742.123129000	20.7552	302	0
1527952742.124792000	20.7568	83	1
1527952742.281508000	20.9135	363	1
1527952742.281576000	20.9136	237	1
1527952742.301784000	20.9338	67	0
1527952742.655083000	21.2871	238	0
1527952742.655086000	21.2871	128	0
1527952742.656855000	21.2889	86	1
1527952742.659386000	21.2914	72	0
1527952742.659783000	21.2918	258	0
1527952742.660810000	21.2928	83	1
1527952742.740111000	21.3721	369	1
1527952742.740188000	21.3722	239	1
1527952742.760188000	21.3922	67	0
1527952743.097217000	21.7293	213	0
1527952743.097359000	21.7294	128	0
1527952743.098873000	21.7309	86	1
1527952743.101247000	21.7333	72	0
1527952743.101249000	21.7333	114	0
1527952743.102873000	21.7349	83	1
1527952743.327653000	21.9597	365	1
1527952743.327752000	21.9598	240	1
1527952743.351875000	21.9839	67	0
1527952743.509338000	22.1414	236	0
1527952743.509427000	22.1415	128	0
1527952743.510914000	22.1429	86	1
1527952743.513996000	22.146	72	0
1527952743.514591000	22.1466	206	0
1527952743.515863000	22.1479	83	1
1527952746.359399000	24.9914	368	1
1527952746.359476000	24.9915	236	1
1527952746.379169000	25.0112	67	0
1527952746.714987000	25.347	284	0
1527952746.714990000	25.347	128	0
1527952746.717152000	25.3492	86	1
1527952746.722039000	25.3541	72	0
1527952746.722041000	25.3541	285	0
1527952746.724062000	25.3561	83	1
1527952746.884459000	25.5165	369	1
1527952746.884541000	25.5166	257	1
1527952746.904103000	25.5361	67	0
1527952747.236030000	25.8681	288	0
1527952747.236126000	25.8682	128	0
1527952747.238120000	25.8702	86	1
1527952747.240997000	25.873	72	0
1527952747.241402000	25.8734	281	0
1527952747.243147000	25.8752	83	1
1527952747.348934000	25.981	492	1
1527952747.348996000	25.981	242	1
1527952747.369393000	26.0014	67	0
1527952747.688084000	26.3201	236	0
1527952747.688176000	26.3202	128	0
1527952747.690136000	26.3222	86	1
1527952747.692075000	26.3241	72	0
1527952747.693175000	26.3252	173	0
1527952747.694098000	26.3261	83	1
1527952747.778401000	26.4104	850	1
1527952747.778482000	26.4105	480	1
1527952747.799274000	26.4313	67	0
1527952747.976680000	26.6087	871	1
1527952747.976768000	26.6088	1392	1
1527952747.976798000	26.6088	1392	1
1527952747.976837000	26.6089	1392	1
1527952747.976875000	26.6089	522	1
1527952747.998999000	26.631	67	0
1527952748.145171000	26.7772	212	0
1527952748.145173000	26.7772	128	0
1527952748.147240000	26.7793	89	1
1527952748.150277000	26.7823	72	0
1527952748.150632000	26.7827	146	0
1527952748.152213000	26.7842	83	1
1527952748.179592000	26.8116	421	0
1527952748.181195000	26.8132	80	1
1527952748.186425000	26.8185	60	0
1527952748.188203000	26.8202	80	1
1527952748.281586000	26.9136	365	1
1527952748.281681000	26.9137	236	1
1527952748.303319000	26.9354	67	0
1527952748.429458000	27.0615	275	0
1527952748.429459000	27.0615	128	0
1527952748.431213000	27.0632	86	1
1527952748.434018000	27.0661	72	0
1527952748.434573000	27.0666	267	0
1527952748.436219000	27.0683	83	1
1527952748.798031000	27.4301	365	1
1527952748.798093000	27.4301	240	1
1527952748.818928000	27.451	67	0
1527952749.140014000	27.772	305	0
1527952749.140160000	27.7722	128	0
1527952749.142274000	27.7743	86	1
1527952749.146355000	27.7784	72	0
1527952749.147608000	27.7796	192	0
1527952749.148210000	27.7802	83	1
1527952749.238840000	27.8709	364	1
1527952749.238934000	27.871	239	1
1527952749.259399000	27.8914	67	0
1527952749.580581000	28.2126	236	0
1527952749.580584000	28.2126	128	0
1527952749.582318000	28.2144	86	1
1527952749.584641000	28.2167	72	0
1527952749.585515000	28.2175	318	0
1527952749.586211000	28.2182	83	1
1527952749.660932000	28.293	365	1
1527952749.661011000	28.293	239	1
1527952749.682127000	28.3142	67	0
1527952749.882106000	28.5141	212	0
1527952749.882184000	28.5142	128	0
1527952749.884270000	28.5163	86	1
1527952749.888954000	28.521	72	0
1527952749.889425000	28.5215	316	0
1527952749.890219000	28.5223	83	1
1527952750.115567000	28.7476	364	1
1527952750.115662000	28.7477	239	1
1527952750.136468000	28.7685	67	0
1527952750.460197000	29.0922	213	0
1527952750.460298000	29.0923	128	0
1527952750.462351000	29.0944	86	1
1527952750.464831000	29.0969	72	0
1527952750.464914000	29.0969	276	0
1527952750.466334000	29.0984	83	1
1527952750.550742000	29.1828	369	1
1527952750.550805000	29.1828	241	1
1527952750.573650000	29.2057	67	0
1527952750.713849000	29.3459	235	0
1527952750.713994000	29.346	128	0
1527952750.716365000	29.3484	86	1
1527952750.718614000	29.3506	72	0
1527952750.718616000	29.3507	310	0
1527952750.720337000	29.3524	83	1
1527952750.799494000	29.4315	367	1
1527952750.799594000	29.4316	238	1
1527952750.821275000	29.4533	67	0
1527952750.959108000	29.5911	213	0
1527952750.960124000	29.5922	128	0
1527952750.961366000	29.5934	86	1
1527952750.964031000	29.5961	72	0
1527952750.964032000	29.5961	108	0
1527952750.965291000	29.5973	83	1
1527952750.976619000	29.6087	345	1
1527952750.976702000	29.6087	1392	1
1527952750.976730000	29.6088	1392	1
1527952750.976772000	29.6088	1392	1
1527952750.976826000	29.6089	1392	1
1527952750.976847000	29.6089	296	1
1527952750.998861000	29.6309	67	0
1527952751.117295000	29.7493	353	0
1527952751.119394000	29.7514	83	1
1527952751.123878000	29.7559	60	0
1527952751.125455000	29.7575	80	1
1527952751.213847000	29.8459	365	1
1527952751.213928000	29.846	238	1
1527952751.234113000	29.8661	67	0
1527952751.395844000	30.0279	260	0
1527952751.397219000	30.0293	128	0
1527952751.397333000	30.0294	83	1
1527952751.399350000	30.0314	72	0
1527952751.399403000	30.0314	80	1
1527952751.400567000	30.0326	252	0
1527952751.401310000	30.0333	83	1
1527952751.550655000	30.1827	369	1
1527952751.550739000	30.1828	237	1
1527952751.569702000	30.2017	67	0
1527952751.898467000	30.5305	307	0
1527952751.899250000	30.5313	128	0
1527952751.900350000	30.5324	86	1
1527952751.903066000	30.5351	72	0
1527952751.903541000	30.5356	309	0
1527952751.904346000	30.5364	83	1
1527952752.076526000	30.7086	489	1
1527952752.076604000	30.7086	240	1
1527952752.097330000	30.7294	67	0
1527952752.421014000	31.053	215	0
1527952752.421016000	31.0531	128	0
1527952752.422414000	31.0544	86	1
1527952752.428117000	31.0602	72	0
1527952752.429298000	31.0613	104	0
1527952752.429397000	31.0614	83	1
1527952752.692920000	31.325	851	1
1527952752.693016000	31.3251	243	1
1527952752.713662000	31.3457	67	0
1527952753.045097000	31.6771	236	0
1527952753.045188000	31.6772	128	0
1527952753.046473000	31.6785	86	1
1527952753.049501000	31.6815	72	0
1527952753.049591000	31.6816	120	0
1527952753.051403000	31.6834	83	1
1527952753.232911000	31.8649	961	1
1527952753.233006000	31.865	242	1
1527952753.254257000	31.8863	67	0
1527952753.577834000	32.2099	277	0
1527952753.578088000	32.2101	128	0
1527952753.579524000	32.2116	86	1
1527952753.581809000	32.2138	72	0
1527952753.582283000	32.2143	287	0
1527952753.583435000	32.2155	83	1
1527952753.746104000	32.3781	364	1
1527952753.746206000	32.3782	241	1
1527952753.765643000	32.3977	67	0
1527952753.904349000	32.5364	275	0
1527952753.904440000	32.5365	128	0
1527952753.906485000	32.5385	86	1
1527952753.909519000	32.5416	72	0
1527952753.909522000	32.5416	212	0
1527952753.911526000	32.5436	83	1
1527952754.090906000	32.7229	366	1
1527952754.090968000	32.723	238	1
1527952754.110347000	32.7424	67	0
1527952754.436087000	33.0681	286	0
1527952754.436179000	33.0682	128	0
1527952754.437505000	33.0695	86	1
1527952754.440281000	33.0723	72	0
1527952754.440430000	33.0725	281	0
1527952754.441488000	33.0735	83	1
1527952754.453547000	33.0856	367	1
1527952754.453629000	33.0857	237	1
1527952754.476936000	33.109	67	0
1527952754.800993000	33.433	239	0
1527952754.801085000	33.4331	128	0
1527952754.802536000	33.4346	86	1
1527952754.807687000	33.4397	72	0
1527952754.809580000	33.4416	80	1
1527952754.810147000	33.4422	83	0
1527952754.811488000	33.4435	80	1
1527952755.072992000	33.705	371	1
1527952755.073084000	33.7051	232	1
1527952755.093704000	33.7257	67	0
1527952755.415598000	34.0476	213	0
1527952755.415679000	34.0477	128	0
1527952755.417631000	34.0497	86	1
1527952755.421045000	34.0531	72	0
1527952755.421502000	34.0535	221	0
1527952755.422539000	34.0546	83	1
1527952758.715130000	37.3472	346	1
1527952758.715216000	37.3472	1392	1
1527952758.715243000	37.3473	1392	1
1527952758.715291000	37.3473	1392	1
1527952758.715325000	37.3474	525	1
1527952758.737575000	37.3696	67	0
1527952758.916349000	37.5484	301	1
1527952758.916416000	37.5484	238	1
1527952758.937765000	37.5698	67	0
1527952759.072648000	37.7047	376	0
1527952759.074203000	37.7062	86	1
1527952759.077352000	37.7094	60	0
1527952759.079199000	37.7112	80	1
1527952759.266966000	37.899	223	0
1527952759.266968000	37.899	128	0
1527952759.269236000	37.9013	83	1
1527952759.270612000	37.9026	72	0
1527952759.270703000	37.9027	169	0
1527952759.272226000	37.9043	83	1
1527952759.497833000	38.1299	364	1
1527952759.497927000	38.13	237	1
1527952759.519193000	38.1512	67	0
1527952759.672933000	38.305	235	0
1527952759.673017000	38.3051	128	0
1527952759.675239000	38.3073	86	1
1527952759.678366000	38.3104	72	0
1527952759.678457000	38.3105	111	0
1527952759.680228000	38.3123	83	1
1527952761.251235000	39.8833	366	1
1527952761.251332000	39.8834	239	1
1527952761.271070000	39.9031	67	0
1527952761.593231000	40.2253	236	0
1527952761.593538000	40.2256	128	0
1527952761.595365000	40.2274	86	1
1527952761.596324000	40.2284	72	0
1527952761.596422000	40.2285	241	0
1527952761.598347000	40.2304	83	1
1527952761.620388000	40.2524	369	1
1527952761.620448000	40.2525	236	1
1527952761.641316000	40.2734	67	0
1527952761.974880000	40.6069	258	0
1527952761.974992000	40.607	128	0
1527952761.976390000	40.6084	86	1
1527952761.979054000	40.6111	72	0
1527952761.979474000	40.6115	109	0
1527952761.980289000	40.6123	83	1
1527952762.121472000	40.7535	487	1
1527952762.121549000	40.7536	236	1
1527952762.143827000	40.7759	67	0
1527952762.488228000	41.1203	311	0
1527952762.488332000	41.1204	128	0
1527952762.490411000	41.1224	86	1
1527952762.492958000	41.125	72	0
1527952762.492960000	41.125	190	0
1527952762.494386000	41.1264	83	1
1527952763.717769000	42.3498	849	1
1527952763.717869000	42.3499	237	1
1527952763.738536000	42.3706	67	0
1527952764.072213000	42.7042	236	0
1527952764.072319000	42.7044	128	0
1527952764.074269000	42.7063	86	1
1527952764.076223000	42.7083	72	0
1527952764.076309000	42.7083	125	0
1527952764.078262000	42.7103	83	1
1527952764.110357000	42.7424	377	1
1527952764.110454000	42.7425	236	1
1527952764.131850000	42.7639	67	0
1527952764.473836000	43.1059	238	0
1527952764.473838000	43.1059	128	0
1527952764.475288000	43.1073	86	1
1527952764.478255000	43.1103	72	0
1527952764.478256000	43.1103	100	0
1527952764.480280000	43.1123	83	1
1527952764.721838000	43.3539	950	1
1527952764.721931000	43.354	240	1
1527952764.742843000	43.3749	67	0
1527952764.993628000	43.6257	279	1
1527952764.993720000	43.6258	1392	1
1527952764.993747000	43.6258	1392	1
1527952764.993788000	43.6258	1392	1
1527952764.993818000	43.6259	1085	1
1527952765.015291000	43.6473	67	0
1527952765.063035000	43.6951	255	0
1527952765.063131000	43.6952	128	0
1527952765.065325000	43.6974	89	1
1527952765.067545000	43.6996	72	0
1527952765.068602000	43.7006	102	0
1527952765.069213000	43.7012	83	1
1527952765.279773000	43.9118	365	1
1527952765.279836000	43.9119	237	1
1527952765.300586000	43.9326	67	0
1527952765.333275000	43.9653	355	0
1527952765.335327000	43.9674	83	1
1527952765.340509000	43.9725	60	0
1527952765.342290000	43.9743	80	1
1527952765.627136000	44.2592	375	0
1527952765.627285000	44.2593	128	0
1527952765.629290000	44.2613	83	1
1527952765.630361000	44.2624	72	0
1527952765.630709000	44.2627	314	0
1527952765.632332000	44.2644	83	1
1527952765.816878000	44.4489	364	1
1527952765.816970000	44.449	236	1
1527952765.836185000	44.4682	67	0
1527952766.173361000	44.8054	215	0
1527952766.173451000	44.8055	128	0
1527952766.175487000	44.8075	86	1
1527952766.177345000	44.8094	72	0
1527952766.177348000	44.8094	204	0
1527952766.179326000	44.8114	83	1
1527952766.240481000	44.8725	365	1
1527952766.240577000	44.8726	237	1
1527952766.260349000	44.8924	67	0
1527952766.603021000	45.2351	238	0
1527952766.603023000	45.2351	128	0
1527952766.605411000	45.2374	86	1
1527952766.605827000	45.2379	72	0
1527952766.606216000	45.2383	197	0
1527952766.607326000	45.2394	83	1
1527952767.028749000	45.6608	365	1
1527952767.028841000	45.6609	236	1
1527952767.048110000	45.6801	67	0
1527952767.174567000	45.8066	215	0
1527952767.174654000	45.8067	128	0
1527952767.176460000	45.8085	86	1
1527952767.178635000	45.8107	72	0
1527952767.178636000	45.8107	113	0
1527952767.180364000	45.8124	83	1
1527952767.351828000	45.9839	365	1
1527952767.351904000	45.9839	238	1
1527952767.372743000	46.0048	67	0
1527952767.704348000	46.3364	238	0
1527952767.704351000	46.3364	128	0
1527952767.706504000	46.3385	86	1
1527952767.708657000	46.3407	72	0
1527952767.708659000	46.3407	269	0
1527952767.710453000	46.3425	83	1
1527952767.851704000	46.4837	365	1
1527952767.851793000	46.4838	236	1
1527952767.871852000	46.5039	67	0
1527952768.221821000	46.8539	213	0
1527952768.221921000	46.854	128	0
1527952768.223511000	46.8555	86	1
1527952768.226045000	46.8581	72	0
1527952768.226858000	46.8589	154	0
1527952768.227412000	46.8594	83	1
1527952768.296709000	46.9287	365	1
1527952768.296771000	46.9288	236	1
1527952768.317993000	46.95	67	0
1527952768.643490000	47.2755	234	0
1527952768.643493000	47.2755	128	0
1527952768.645547000	47.2776	86	1
1527952768.648289000	47.2803	72	0
1527952768.648292000	47.2803	125	0
1527952768.650534000	47.2826	83	1
1527952769.989780000	48.6218	366	1
1527952769.989876000	48.6219	238	1
1527952770.009834000	48.6419	67	0
1527952770.328836000	48.9609	281	0
1527952770.328924000	48.961	128	0
1527952770.330968000	48.963	86	1
1527952770.333096000	48.9651	72	0
1527952770.333496000	48.9655	108	0
1527952770.334938000	48.967	83	1
1527952770.505045000	49.1371	490	1
1527952770.505137000	49.1372	236	1
1527952770.525756000	49.1578	67	0
1527952770.849810000	49.4818	309	0
1527952770.849813000	49.4818	128	0
1527952770.852056000	49.4841	86	1
1527952770.854160000	49.4862	72	0
1527952770.854599000	49.4866	264	0
1527952770.856014000	49.488	83	1
1527952771.017628000	49.6497	848	1
1527952771.017692000	49.6497	237	1
1527952771.037492000	49.6695	67	0
1527952771.380642000	50.0127	212	0
1527952771.380738000	50.0128	128	0
1527952771.381996000	50.014	86	1
1527952771.385217000	50.0173	72	0
1527952771.385729000	50.0178	82	0
1527952771.386991000	50.019	83	1
1527952771.522333000	50.1544	375	1
1527952771.522395000	50.1544	238	1
1527952771.543262000	50.1753	67	0
1527952771.866989000	50.499	236	0
1527952771.867083000	50.4991	128	0
1527952771.869102000	50.5011	86	1
1527952771.871835000	50.5039	72	0
1527952771.871837000	50.5039	269	0
1527952771.874099000	50.5061	83	1
1527952771.986526000	50.6186	945	1
1527952771.986599000	50.6186	237	1
1527952772.007849000	50.6399	67	0
1527952772.334996000	50.967	255	0
1527952772.334998000	50.967	128	0
1527952772.337121000	50.9692	86	1
1527952772.339072000	50.9711	72	0
1527952772.339479000	50.9715	104	0
1527952772.341097000	50.9731	83	1
1527952772.432365000	51.0644	365	1
1527952772.432438000	51.0645	236	1
1527952772.453324000	51.0854	67	0
1527952772.577948000	51.21	236	0
1527952772.577950000	51.21	128	0
1527952772.580131000	51.2122	86	1
1527952772.582517000	51.2146	72	0
1527952772.582519000	51.2146	288	0
1527952772.584109000	51.2161	83	1
1527952772.911203000	51.5432	367	1
1527952772.911289000	51.5433	239	1
1527952772.931011000	51.563	67	0
1527952773.266839000	51.8989	213	0
1527952773.266842000	51.8989	128	0
1527952773.269187000	51.9012	86	1
1527952773.270437000	51.9025	72	0
1527952773.270439000	51.9025	222	0
1527952773.272153000	51.9042	83	1
1527952773.560582000	52.1926	364	1
1527952773.560654000	52.1927	236	1
1527952773.580812000	52.2128	67	0
1527952773.924714000	52.5567	366	0
1527952773.924716000	52.5568	128	0
1527952773.926149000	52.5582	86	1
1527952773.927584000	52.5596	72	0
1527952773.928236000	52.5603	132	0
1527952773.929376000	52.5614	83	1
1527952774.064779000	52.6968	364	1
1527952774.064839000	52.6969	239	1
1527952774.084393000	52.7164	67	0
1527952774.405272000	53.0373	212	0
1527952774.405274000	53.0373	128	0
1527952774.407244000	53.0393	86	1
1527952774.409866000	53.0419	72	0
1527952774.409956000	53.042	209	0
1527952774.411153000	53.0432	83	1
1527952775.014946000	53.647	365	1
1527952775.015032000	53.6471	238	1
1527952775.035225000	53.6673	67	0
1527952775.380805000	54.0128	239	0
1527952775.380959000	54.013	128	0
1527952775.383306000	54.0153	86	1
1527952775.384685000	54.0167	72	0
1527952775.385101000	54.0171	123	0
1527952775.386206000	54.0182	83	1
1527952775.742809000	54.3748	366	1
1527952775.742901000	54.3749	236	1
1527952775.763637000	54.3957	67	0
1527952776.098438000	54.7305	238	0
1527952776.098567000	54.7306	128	0
1527952776.100273000	54.7323	86	1
1527952776.102370000	54.7344	72	0
1527952776.103277000	54.7353	77	0
1527952776.104245000	54.7363	83	1
1527952776.245572000	54.8776	365	1
1527952776.245670000	54.8777	236	1
1527952776.270001000	54.902	67	0
1527952776.602355000	55.2344	239	0
1527952776.602696000	55.2347	128	0
1527952776.604305000	55.2363	86	1
1527952776.606035000	55.2381	72	0
1527952776.606465000	55.2385	115	0
1527952776.607273000	55.2393	83	1
1527952776.610510000	55.2425	367	1
1527952776.610597000	55.2426	236	1
1527952776.630895000	55.2629	67	0
1527952776.759217000	55.3913	215	0
1527952776.759220000	55.3913	128	0
1527952776.761311000	55.3933	86	1
1527952776.762220000	55.3943	72	0
1527952776.762222000	55.3943	175	0
1527952776.764288000	55.3963	83	1
1527952776.871495000	55.5035	368	1
1527952776.871593000	55.5036	238	1
1527952776.891461000	55.5235	67	0
1527952777.248549000	55.8806	212	0
1527952777.248649000	55.8807	128	0
1527952777.250346000	55.8824	86	1
1527952777.253293000	55.8853	72	0
1527952777.253597000	55.8856	71	0
1527952777.255440000	55.8875	83	1
1527952777.262603000	55.8946	486	1
1527952777.262688000	55.8947	237	1
1527952777.284558000	55.9166	67	0
1527952777.618071000	56.2501	281	0
1527952777.618073000	56.2501	128	0
1527952777.620418000	56.2525	86	1
1527952777.621917000	56.254	72	0
1527952777.622001000	56.254	98	0
1527952777.623334000	56.2554	83	1
1527952777.829994000	56.462	845	1
1527952777.830089000	56.4621	238	1
1527952777.852121000	56.4842	67	0
1527952778.185583000	56.8176	285	0
1527952778.185669000	56.8177	128	0
1527952778.187463000	56.8195	86	1
1527952778.189404000	56.8214	72	0
1527952778.189488000	56.8215	214	0
1527952778.191430000	56.8235	83	1
1527952778.264552000	56.8966	379	1
1527952778.264648000	56.8967	236	1
1527952778.284354000	56.9164	67	0
1527952778.606549000	57.2386	238	0
1527952778.606550000	57.2386	128	0
1527952778.608478000	57.2405	86	1
1527952778.611432000	57.2435	72	0
1527952778.611434000	57.2435	184	0
1527952778.613463000	57.2455	83	1
1527952778.772917000	57.405	948	1
1527952778.772980000	57.405	237	1
1527952778.804442000	57.4365	67	0
1527952779.126001000	57.758	213	0
1527952779.126003000	57.758	128	0
1527952779.127436000	57.7595	86	1
1527952779.130180000	57.7622	72	0
1527952779.130578000	57.7626	195	0
1527952779.131416000	57.7635	83	1
1527952779.143392000	57.7754	364	1
1527952779.143475000	57.7755	238	1
1527952779.164031000	57.7961	67	0
1527952779.308259000	57.9403	257	0
1527952779.308371000	57.9404	128	0
1527952779.310541000	57.9426	86	1
1527952779.311739000	57.9438	72	0
1527952779.311816000	57.9439	230	0
1527952779.313511000	57.9455	83	1
1527952779.494804000	58.1268	366	1
1527952779.494881000	58.1269	236	1
1527952779.515464000	58.1475	67	0
1527952779.854533000	58.4866	238	0
1527952779.854539000	58.4866	128	0
1527952779.856552000	58.4886	86	1
1527952779.859371000	58.4914	72	0
1527952779.859820000	58.4919	256	0
1527952779.861524000	58.4936	83	1
1527952779.999027000	58.6311	366	1
1527952779.999122000	58.6312	237	1
1527952780.018373000	58.6504	67	0
1527952780.359537000	58.9916	213	0
1527952780.359696000	58.9917	128	0
1527952780.361499000	58.9935	86	1
1527952780.362142000	58.9942	72	0
1527952780.362647000	58.9947	198	0
1527952780.363484000	58.9955	83	1
1527952780.570596000	59.2026	365	1
1527952780.570696000	59.2027	238	1
1527952780.590758000	59.2228	67	0
1527952780.717785000	59.3498	368	0
1527952780.717888000	59.3499	128	0
1527952780.719596000	59.3516	86	1
1527952780.721491000	59.3535	72	0
1527952780.721916000	59.354	257	0
1527952780.723578000	59.3556	83	1
1527952781.043850000	59.6759	369	1
1527952781.043945000	59.676	239	1
1527952781.063019000	59.6951	67	0
1527952781.187527000	59.8196	212	0
1527952781.187652000	59.8197	128	0
1527952781.189621000	59.8217	86	1
1527952781.191231000	59.8233	72	0
1527952781.191686000	59.8237	183	0
1527952781.192517000	59.8246	83	1
1527952781.472015000	60.104	364	1
1527952781.472109000	60.1041	236	1
1527952781.491369000	60.1234	67	0
1527952781.626232000	60.2583	236	0
1527952781.626361000	60.2584	128	0
1527952781.628672000	60.2607	86	1
1527952781.628755000	60.2608	72	0
1527952781.629285000	60.2613	201	0
1527952781.630575000	60.2626	83	1
1527952781.885083000	60.5171	365	1
1527952781.885178000	60.5172	239	1
1527952781.910545000	60.5426	67	0
1527952782.029996000	60.662	213	0
1527952782.030256000	60.6623	128	0
1527952782.031672000	60.6637	86	1
1527952782.034131000	60.6662	72	0
1527952782.034133000	60.6662	281	0
1527952782.035679000	60.6677	83	1
1527952782.630604000	61.2626	365	1
1527952782.630696000	61.2627	237	1
1527952782.651515000	61.2835	67	0
1527952782.656449000	61.2885	67	0
1527952782.777302000	61.4093	236	0
1527952782.777453000	61.4095	128	0
1527952782.779720000	61.4118	89	1
1527952782.781263000	61.4133	72	0
1527952782.781265000	61.4133	94	0
1527952782.782708000	61.4147	83	1
1527952783.039330000	61.6714	365	1
1527952783.039421000	61.6715	237	1
1527952783.059744000	61.6918	67	0
1527952783.191538000	61.8236	215	0
1527952783.191540000	61.8236	128	0
1527952783.193741000	61.8258	86	1
1527952783.195837000	61.8279	72	0
1527952783.195839000	61.8279	278	0
1527952783.197733000	61.8298	83	1
1527952783.411123000	62.0432	488	1
1527952783.411186000	62.0432	236	1
1527952783.432718000	62.0648	67	0
1527952783.561361000	62.1934	236	0
1527952783.561364000	62.1934	128	0
1527952783.562780000	62.1948	86	1
1527952783.565464000	62.1975	72	0
1527952783.565880000	62.1979	114	0
1527952783.566668000	62.1987	83	1
1527952784.044458000	62.6765	845	1
1527952784.044539000	62.6766	236	1
1527952784.065440000	62.6975	67	0
1527952784.201059000	62.8331	235	0
1527952784.201319000	62.8334	128	0
1527952784.202747000	62.8348	86	1
1527952784.205488000	62.8375	72	0
1527952784.205571000	62.8376	124	0
1527952784.206724000	62.8388	83	1
1527952784.485925000	63.118	379	1
1527952784.485989000	63.118	236	1
1527952784.507880000	63.1399	67	0
1527952784.647199000	63.2792	258	0
1527952784.647201000	63.2792	128	0
1527952784.648820000	63.2809	86	1
1527952784.650735000	63.2828	72	0
1527952784.650737000	63.2828	105	0
1527952784.652743000	63.2848	83	1
1527952784.860113000	63.4921	947	1
1527952784.860194000	63.4922	238	1
1527952784.882217000	63.5143	67	0
1527952785.030154000	63.6622	286	0
1527952785.030157000	63.6622	128	0
1527952785.031836000	63.6639	86	1
1527952785.036361000	63.6684	72	0
1527952785.036363000	63.6684	70	0
1527952785.037822000	63.6699	83	1
1527952785.773379000	64.4054	365	1
1527952785.773466000	64.4055	236	1
1527952785.794094000	64.4261	67	0
1527952785.937014000	64.569	236	0
1527952785.937017000	64.5691	128	0
1527952785.938844000	64.5709	86	1
1527952785.942579000	64.5746	72	0
1527952785.942581000	64.5746	209	0
1527952785.943826000	64.5759	83	1
1527952786.117843000	64.7499	365	1
1527952786.117933000	64.75	236	1
1527952786.137548000	64.7696	67	0
1527952786.294531000	64.9266	257	0
1527952786.294533000	64.9266	128	0
1527952786.296880000	64.9289	86	1
1527952786.298230000	64.9303	72	0
1527952786.298233000	64.9303	79	0
1527952786.299831000	64.9319	83	1
1527952786.553554000	65.1856	366	1
1527952786.553634000	65.1857	236	1
1527952786.573034000	65.2051	67	0
1527952786.694417000	65.3265	236	0
1527952786.694525000	65.3266	128	0
1527952786.695882000	65.3279	86	1
1527952786.698828000	65.3309	72	0
1527952786.698830000	65.3309	106	0
1527952786.700883000	65.3329	83	1
1527952787.185583000	65.8176	364	1
1527952787.185662000	65.8177	236	1
1527952787.220949000	65.853	364	1
1527952787.245665000	65.8777	67	0
1527952787.289751000	65.9218	67	0
1527952787.346155000	65.9782	213	0
1527952787.346157000	65.9782	128	0
1527952787.347925000	65.98	89	1
1527952787.349911000	65.9819	72	0
1527952787.350008000	65.982	309	0
1527952787.351923000	65.984	83	1
1527952787.710490000	66.3425	368	1
1527952787.710582000	66.3426	237	1
1527952787.729242000	66.3613	67	0
1527952787.850894000	66.4829	368	0
1527952787.850896000	66.4829	128	0
1527952787.852959000	66.485	86	1
1527952787.855189000	66.4872	72	0
1527952787.855710000	66.4877	313	0
1527952787.856918000	66.489	83	1
1527952788.074172000	66.7062	365	1
1527952788.074267000	66.7063	236	1
1527952788.096017000	66.7281	67	0
1527952788.257151000	66.8892	213	0
1527952788.257303000	66.8893	128	0
1527952788.257305000	66.8893	72	0
1527952788.257308000	66.8893	251	0
1527952788.258955000	66.891	92	1
1527952788.477805000	67.1098	365	1
1527952788.477947000	67.11	237	1
1527952788.502231000	67.1343	67	0
1527952788.647483000	67.2795	239	0
1527952788.647630000	67.2797	128	0
1527952788.650076000	67.2821	86	1
1527952788.653989000	67.286	72	0
1527952788.654079000	67.2861	80	0
1527952788.655972000	67.288	83	1
1527952788.713261000	67.3453	239	0
1527952788.715052000	67.3471	80	1
1527952788.862324000	67.4944	366	1
1527952788.862384000	67.4944	236	1
1527952788.883157000	67.5152	67	0
1527952789.008030000	67.6401	216	0
1527952789.008159000	67.6402	128	0
1527952789.010114000	67.6421	86	1
1527952789.012229000	67.6443	72	0
1527952789.012231000	67.6443	208	0
1527952789.013997000	67.646	83	1
1527952789.385535000	68.0176	367	1
1527952789.385602000	68.0176	236	1
1527952789.434103000	68.0661	367	1
1527952789.455172000	68.0872	67	0
1527952789.468815000	68.1008	67	0
1527952789.529090000	68.1611	235	0
1527952789.529192000	68.1612	128	0
1527952789.531130000	68.1632	89	1
1527952789.534872000	68.1669	72	0
1527952789.535371000	68.1674	241	0
1527952789.537079000	68.1691	83	1
1527952789.888516000	68.5206	489	1
1527952789.888611000	68.5206	239	1
1527952789.908811000	68.5408	67	0
1527952790.085326000	68.7174	215	0
1527952790.085426000	68.7175	128	0
1527952790.087047000	68.7191	86	1
1527952790.089791000	68.7218	72	0
1527952790.089889000	68.7219	120	0
1527952790.091051000	68.7231	83	1
1527952790.122660000	68.7547	215	0
1527952790.124134000	68.7562	80	1
1527952790.297397000	68.9294	847	1
1527952790.297482000	68.9295	237	1
1527952790.319603000	68.9516	67	0
1527952790.453427000	69.0855	213	0
1527952790.453521000	69.0856	128	0
1527952790.455150000	69.0872	86	1
1527952790.458499000	69.0905	72	0
1527952790.458934000	69.091	256	0
1527952790.460069000	69.0921	83	1
1527952790.489131000	69.1212	358	1
1527952790.489223000	69.1213	1392	1
1527952790.489260000	69.1213	1392	1
1527952790.489303000	69.1213	1392	1
1527952790.489356000	69.1214	1337	1
1527952790.511321000	69.1434	67	0
1527952790.520632000	69.1527	67	0
1527952790.630747000	69.2628	392	0
1527952790.633163000	69.2652	86	1
1527952790.635613000	69.2676	60	0
1527952790.637147000	69.2692	80	1
1527952790.682235000	69.3143	947	1
1527952790.682326000	69.3144	236	1
1527952790.699125000	69.3312	80	0
1527952790.701159000	69.3332	80	1
1527952790.702483000	69.3345	67	0
1527952790.829188000	69.4612	256	0
1527952790.829283000	69.4613	128	0
1527952790.831177000	69.4632	86	1
1527952790.832129000	69.4642	72	0
1527952790.832131000	69.4642	198	0
1527952790.834173000	69.4662	83	1
1527952791.005327000	69.6374	363	1
1527952791.005395000	69.6374	236	1
1527952791.025809000	69.6578	67	0
1527952791.167282000	69.7993	288	0
1527952791.167285000	69.7993	128	0
1527952791.169116000	69.8012	86	1
1527952791.171416000	69.8035	72	0
1527952791.171509000	69.8035	185	0
1527952791.173111000	69.8051	83	1
1527952791.378459000	70.0105	366	1
1527952791.378553000	70.0106	236	1
1527952791.398832000	70.0309	67	0
1527952791.533632000	70.1657	276	0
1527952791.533785000	70.1658	128	0
1527952791.536218000	70.1683	86	1
1527952791.538174000	70.1702	72	0
1527952791.538270000	70.1703	245	0
1527952791.540197000	70.1722	83	1
1527952791.861734000	70.4938	363	1
1527952791.861796000	70.4938	237	1
1527952791.881441000	70.5135	67	0
1527952792.008005000	70.64	213	0
1527952792.008117000	70.6402	128	0
1527952792.010263000	70.6423	86	1
1527952792.012199000	70.6442	72	0
1527952792.012201000	70.6442	99	0
1527952792.014260000	70.6463	83	1
1527952792.291115000	70.9231	368	1
1527952792.291214000	70.9232	237	1
1527952792.310628000	70.9427	67	0
1527952792.457161000	71.0892	213	0
1527952792.457309000	71.0893	128	0
1527952792.459266000	71.0913	86	1
1527952792.463805000	71.0958	72	0
1527952792.463807000	71.0958	274	0
1527952792.465256000	71.0973	83	1
1527952792.745026000	71.3771	365	1
1527952792.745105000	71.3771	236	1
1527952792.765041000	71.3971	67	0
1527952792.902212000	71.5342	236	0
1527952792.902364000	71.5344	128	0
1527952792.904295000	71.5363	86	1
1527952792.906530000	71.5386	72	0
1527952792.907422000	71.5395	222	0
1527952792.908206000	71.5402	83	1
1527952793.057373000	71.6894	365	1
1527952793.057441000	71.6895	236	1
1527952793.076905000	71.7089	67	0
1527952793.083520000	71.7156	67	0
1527952793.194768000	71.8268	343	0
1527952793.194771000	71.8268	128	0
1527952793.196327000	71.8284	89	1
1527952793.197730000	71.8298	72	0
1527952793.197731000	71.8298	241	0
1527952793.199287000	71.8313	83	1
1527952793.488723000	72.1208	347	1
1527952793.488818000	72.1209	1392	1
1527952793.488845000	72.1209	1392	1
1527952793.488896000	72.1209	1392	1
1527952793.488921000	72.121	1392	1
1527952793.488960000	72.121	1392	1
1527952793.488999000	72.121	1392	1
1527952793.489038000	72.1211	1392	1
1527952793.489071000	72.1211	1392	1
1527952793.489109000	72.1211	1392	1
1527952793.489152000	72.1212	1392	1
1527952793.489210000	72.1212	1392	1
1527952793.489235000	72.1213	1392	1
1527952793.489278000	72.1213	1392	1
1527952793.489312000	72.1213	726	1
1527952793.514284000	72.1463	67	0
1527952793.514287000	72.1463	67	0
1527952793.674029000	72.3061	375	0
1527952793.676338000	72.3084	86	1
1527952793.677848000	72.3099	60	0
1527952793.679249000	72.3113	80	1
1527952795.377327000	74.0094	367	1
1527952795.377417000	74.0095	238	1
1527952795.398071000	74.0301	67	0
1527952795.726607000	74.3586	238	0
1527952795.726767000	74.3588	128	0
1527952795.728792000	74.3608	86	1
1527952795.732021000	74.3641	72	0
1527952795.732023000	74.3641	288	0
1527952795.733837000	74.3659	83	1
1527952795.890042000	74.5221	487	1
1527952795.890105000	74.5221	236	1
1527952795.908380000	74.5404	80	0
1527952795.909831000	74.5419	80	1
1527952796.049700000	74.6817	215	0
1527952796.049702000	74.6817	128	0
1527952796.051861000	74.6839	83	1
1527952796.054815000	74.6868	72	0
1527952796.054817000	74.6869	279	0
1527952796.056841000	74.6889	83	1
1527952796.389343000	75.0214	847	1
1527952796.389436000	75.0215	237	1
1527952796.410848000	75.0429	67	0
1527952796.544834000	75.1769	238	0
1527952796.544836000	75.1769	128	0
1527952796.546908000	75.1789	86	1
1527952796.547306000	75.1793	72	0
1527952796.547702000	75.1797	118	0
1527952796.548804000	75.1808	83	1
1527952796.892063000	75.5241	378	1
1527952796.892142000	75.5242	238	1
1527952796.912192000	75.5442	67	0
1527952797.034923000	75.667	216	0
1527952797.035030000	75.6671	128	0
1527952797.036909000	75.6689	86	1
1527952797.037495000	75.6695	72	0
1527952797.037497000	75.6695	140	0
1527952797.038887000	75.6709	83	1
1527952797.505359000	76.1374	366	1
1527952797.505451000	76.1375	238	1
1527952797.525180000	76.1572	67	0
1527952797.657652000	76.2897	235	0
1527952797.657742000	76.2898	128	0
1527952797.659972000	76.292	86	1
1527952797.662480000	76.2945	72	0
1527952797.662482000	76.2945	212	0
1527952797.663881000	76.2959	83	1
1527952797.848280000	76.4803	948	1
1527952797.848345000	76.4804	241	1
1527952797.868189000	76.5002	67	0
1527952798.189676000	76.8217	258	0
1527952798.189831000	76.8219	128	0
1527952798.191936000	76.824	86	1
1527952798.194513000	76.8265	72	0
1527952798.194879000	76.8269	222	0
1527952798.195903000	76.8279	83	1
1527952798.337432000	76.9695	368	1
1527952798.337530000	76.9696	239	1
1527952798.358413000	76.9904	67	0
1527952798.678212000	77.3102	312	0
1527952798.678214000	77.3102	128	0
1527952798.679930000	77.312	86	1
1527952798.682833000	77.3149	72	0
1527952798.682834000	77.3149	294	0
1527952798.684980000	77.317	83	1
1527952798.988597000	77.6206	367	1
1527952798.988646000	77.6207	239	1
1527952799.012413000	77.6444	67	0
1527952799.134793000	77.7668	258	0
1527952799.134795000	77.7668	128	0
1527952799.137034000	77.7691	86	1
1527952799.137838000	77.7699	72	0
1527952799.137928000	77.77	316	0
1527952799.140041000	77.7721	83	1
1527952799.587379000	78.2194	367	1
1527952799.587442000	78.2195	238	1
1527952799.607234000	78.2393	67	0
1527952799.725365000	78.3574	236	0
1527952799.725496000	78.3575	128	0
1527952799.727006000	78.359	86	1
1527952799.730448000	78.3625	72	0
1527952799.730838000	78.3629	314	0
1527952799.731990000	78.364	83	1
1527952800.059337000	78.6914	365	1
1527952800.059436000	78.6915	238	1
1527952800.097113000	78.7291	365	1
1527952800.097129000	78.7292	67	0
1527952800.117523000	78.7496	67	0
1527952800.235963000	78.868	213	0
1527952800.236057000	78.8681	128	0
1527952800.238110000	78.8701	89	1
1527952800.239822000	78.8719	72	0
1527952800.239824000	78.8719	105	0
1527952800.242076000	78.8741	83	1
1527952800.553180000	79.1852	365	1
1527952800.553242000	79.1853	239	1
1527952800.573846000	79.2059	67	0
1527952800.689707000	79.3217	238	0
1527952800.690044000	79.3221	128	0
1527952800.691129000	79.3232	86	1
1527952800.692194000	79.3242	72	0
1527952800.692196000	79.3242	172	0
1527952800.694139000	79.3262	83	1
1527952800.908711000	79.5407	370	1
1527952800.908805000	79.5408	240	1
1527952800.929300000	79.5613	67	0
1527952801.048550000	79.6806	343	0
1527952801.049439000	79.6815	128	0
1527952801.050068000	79.6821	86	1
1527952801.052316000	79.6844	72	0
1527952801.052389000	79.6844	118	0
1527952801.054046000	79.6861	83	1
1527952801.374012000	80.006	365	1
1527952801.374111000	80.0061	239	1
1527952801.393356000	80.0254	67	0
1527952801.525333000	80.1574	238	0
1527952801.525450000	80.1575	128	0
1527952801.527183000	80.1592	86	1
1527952801.528349000	80.1604	72	0
1527952801.528351000	80.1604	94	0
1527952801.530159000	80.1622	83	1
1527952801.926616000	80.5587	369	1
1527952801.926705000	80.5587	238	1
1527952801.946155000	80.5782	67	0
1527952802.075783000	80.7078	215	0
1527952802.076583000	80.7086	128	0
1527952802.077125000	80.7092	86	1
1527952802.079161000	80.7112	72	0
1527952802.079634000	80.7117	190	0
1527952802.081218000	80.7133	83	1
1527952802.332690000	80.9647	488	1
1527952802.332745000	80.9648	238	1
1527952802.353371000	80.9854	67	0
1527952802.491866000	81.1239	238	0
1527952802.491988000	81.124	128	0
1527952802.494370000	81.1264	86	1
1527952802.495509000	81.1275	72	0
1527952802.495870000	81.1279	67	0
1527952802.497167000	81.1292	83	1
1527952802.572842000	81.2049	847	1
1527952802.572928000	81.205	239	1
1527952802.593154000	81.2252	67	0
1527952802.770108000	81.4021	213	0
1527952802.770442000	81.4025	128	0
1527952802.772248000	81.4043	86	1
1527952802.774691000	81.4067	72	0
1527952802.774693000	81.4067	202	0
1527952802.776237000	81.4083	83	1
1527952803.140503000	81.7725	377	1
1527952803.140576000	81.7726	239	1
1527952803.161110000	81.7931	67	0
1527952803.503570000	82.1356	236	0
1527952803.503572000	82.1356	128	0
1527952803.505212000	82.1372	86	1
1527952803.507629000	82.1397	72	0
1527952803.508246000	82.1403	243	0
1527952803.509202000	82.1412	83	1
1527952803.587505000	82.2195	364	1
1527952803.587584000	82.2196	239	1
1527952803.609341000	82.2414	67	0
1527952803.623319000	82.2554	67	0
1527952803.936434000	82.5685	213	0
1527952803.936560000	82.5686	128	0
1527952803.938337000	82.5704	89	1
1527952803.940839000	82.5729	72	0
1527952803.940841000	82.5729	186	0
1527952803.942294000	82.5743	83	1
1527952804.176456000	82.8085	949	1
1527952804.176533000	82.8086	243	1
1527952804.196856000	82.8289	67	0
1527952804.523042000	83.1551	238	0
1527952804.523454000	83.1555	128	0
1527952804.525361000	83.1574	86	1
1527952804.526553000	83.1586	72	0
1527952804.526630000	83.1587	147	0
1527952804.528339000	83.1604	83	1
1527952804.737719000	83.3698	368	1
1527952804.737781000	83.3698	239	1
1527952804.758294000	83.3903	67	0
1527952805.094559000	83.7266	258	0
1527952805.094705000	83.7267	128	0
1527952805.096317000	83.7284	86	1
1527952805.098340000	83.7304	72	0
1527952805.098434000	83.7305	219	0
1527952805.100376000	83.7324	83	1
1527952805.584959000	84.217	369	1
1527952805.585021000	84.2171	241	1
1527952805.603947000	84.236	67	0
1527952805.746503000	84.3785	309	0
1527952805.746505000	84.3785	128	0
1527952805.748425000	84.3805	86	1
1527952805.753101000	84.3851	72	0
1527952805.753176000	84.3852	214	0
1527952805.754338000	84.3864	83	1
1527952805.775833000	84.4079	72	0
1527952805.777393000	84.4094	80	1
1527952806.019752000	84.6518	365	1
1527952806.019827000	84.6519	238	1
1527952806.041213000	84.6732	67	0
1527952806.189476000	84.8215	257	0
1527952806.189579000	84.8216	128	0
1527952806.191442000	84.8235	86	1
1527952806.193813000	84.8258	72	0
1527952806.194217000	84.8263	70	0
1527952806.195360000	84.8274	83	1
1527952806.283573000	84.9156	366	1
1527952806.283664000	84.9157	239	1
1527952806.303064000	84.9351	67	0
1527952806.430411000	85.0624	215	0
1527952806.430503000	85.0625	128	0
1527952806.432467000	85.0645	86	1
1527952806.436697000	85.0687	72	0
1527952806.438427000	85.0705	80	1
1527952806.438831000	85.0709	94	0
1527952806.440436000	85.0725	80	1
1527952806.961053000	85.5931	366	1
1527952806.961151000	85.5932	238	1
1527952806.980844000	85.6129	67	0
1527952807.125372000	85.7574	239	0
1527952807.125486000	85.7575	128	0
1527952807.127423000	85.7595	86	1
1527952807.128364000	85.7604	72	0
1527952807.128457000	85.7605	73	0
1527952807.130440000	85.7625	83	1
1527952807.574920000	86.207	366	1
1527952807.575004000	86.207	241	1
1527952807.595103000	86.2271	67	0
1527952807.746863000	86.3789	238	0
1527952807.746960000	86.379	128	0
1527952807.748466000	86.3805	86	1
1527952807.753153000	86.3852	72	0
1527952807.753155000	86.3852	288	0
1527952807.755456000	86.3875	83	1
1527952807.938898000	86.5709	368	1
1527952807.938962000	86.571	296	1
1527952807.958638000	86.5907	67	0
1527952808.089254000	86.7213	343	0
1527952808.089418000	86.7215	128	0
1527952808.091494000	86.7235	86	1
1527952808.093059000	86.7251	72	0
1527952808.093060000	86.7251	97	0
1527952808.094478000	86.7265	83	1
1527952808.270689000	86.9027	490	1
1527952808.270758000	86.9028	234	1
1527952808.291145000	86.9232	67	0
1527952808.412582000	87.0446	213	0
1527952808.412583000	87.0446	128	0
1527952808.414527000	87.0466	86	1
1527952808.416320000	87.0484	72	0
1527952808.416783000	87.0488	248	0
1527952808.418484000	87.0505	83	1
1527952808.817941000	87.45	826	1
1527952808.818046000	87.4501	1392	1
1527952808.818086000	87.4501	1392	1
1527952808.818120000	87.4502	1392	1
1527952808.818155000	87.4502	815	1
1527952808.838206000	87.4702	67	0
1527952808.841853000	87.4739	67	0
1527952808.956969000	87.589	394	0
1527952808.958591000	87.5906	86	1
1527952808.963836000	87.5959	60	0
1527952808.965590000	87.5976	80	1
1527952809.321917000	87.954	380	1
1527952809.321979000	87.954	238	1
1527952809.353950000	87.986	67	0
1527952809.469148000	88.1012	236	0
1527952809.469276000	88.1013	128	0
1527952809.471430000	88.1035	86	1
1527952809.472637000	88.1047	72	0
1527952809.473042000	88.1051	211	0
1527952809.474418000	88.1065	83	1
1527952809.760869000	88.3929	365	1
1527952809.760956000	88.393	238	1
1527952809.781256000	88.4133	67	0
1527952809.912286000	88.5443	213	0
1527952809.912288000	88.5443	128	0
1527952809.914467000	88.5465	86	1
1527952809.916272000	88.5483	72	0
1527952809.916274000	88.5483	67	0
1527952809.918436000	88.5505	83	1
1527952810.380107000	89.0121	949	1
1527952810.380170000	89.0122	240	1
1527952810.401710000	89.0337	67	0
1527952810.530545000	89.1626	236	0
1527952810.530935000	89.163	128	0
1527952810.532501000	89.1645	86	1
1527952810.535154000	89.1672	72	0
1527952810.535157000	89.1672	248	0
1527952810.536495000	89.1685	83	1
1527952810.642111000	89.2741	365	1
1527952810.642207000	89.2742	238	1
1527952810.662464000	89.2945	67	0
1527952810.804986000	89.437	213	0
1527952810.804988000	89.437	128	0
1527952810.806443000	89.4385	86	1
1527952810.809314000	89.4413	72	0
1527952810.809317000	89.4414	144	0
1527952810.811489000	89.4435	83	1
1527952810.934568000	89.5666	365	1
1527952810.934622000	89.5667	238	1
1527952810.954233000	89.5863	67	0
1527952811.275857000	89.9079	258	0
1527952811.276003000	89.908	128	0
1527952811.277462000	89.9095	86	1
1527952811.278458000	89.9105	72	0
1527952811.278460000	89.9105	169	0
1527952811.280508000	89.9125	83	1
1527952811.558213000	90.1902	368	1
1527952811.558308000	90.1903	239	1
1527952811.578446000	90.2105	67	0
1527952811.587503000	90.2195	67	0
1527952811.750107000	90.3821	311	0
1527952811.750110000	90.3821	128	0
1527952811.752575000	90.3846	89	1
1527952811.756642000	90.3887	72	0
1527952811.756644000	90.3887	304	0
1527952811.758544000	90.3906	83	1
1527952811.943720000	90.5758	365	1
1527952811.943787000	90.5758	238	1
1527952811.967887000	90.5999	67	0
1527952812.093899000	90.7259	255	0
1527952812.094223000	90.7263	128	0
1527952812.095579000	90.7276	86	1
1527952812.098534000	90.7306	72	0
1527952812.098841000	90.7309	105	0
1527952812.100571000	90.7326	83	1
1527952812.388111000	91.0201	369	1
1527952812.388202000	91.0202	242	1
1527952812.407706000	91.0397	67	0
1527952812.730099000	91.3621	238	0
1527952812.730101000	91.3621	128	0
1527952812.731619000	91.3637	86	1
1527952812.734452000	91.3665	72	0
1527952812.734454000	91.3665	162	0
1527952812.736594000	91.3686	83	1
1527952812.795796000	91.4278	366	1
1527952812.795856000	91.4279	240	1
1527952812.816028000	91.4481	67	0
1527952813.141184000	91.7732	216	0
1527952813.141585000	91.7736	128	0
1527952813.143632000	91.7757	86	1
1527952813.145020000	91.7771	72	0
1527952813.145491000	91.7775	200	0
1527952813.146551000	91.7786	83	1
1527952813.428893000	92.0609	367	1
1527952813.428985000	92.061	238	1
1527952813.448615000	92.0806	67	0
1527952813.775074000	92.4071	236	0
1527952813.775077000	92.4071	128	0
1527952813.776633000	92.4087	86	1
1527952813.779304000	92.4113	72	0
1527952813.779306000	92.4113	196	0
1527952813.780659000	92.4127	83	1
1527952813.883833000	92.5159	491	1
1527952813.883900000	92.5159	241	1
1527952813.904037000	92.5361	67	0
1527952814.085778000	92.7178	345	0
1527952814.085781000	92.7178	128	0
1527952814.087698000	92.7197	86	1
1527952814.092179000	92.7242	72	0
1527952814.092270000	92.7243	168	0
1527952814.093690000	92.7257	83	1
1527952814.145448000	92.7775	345	0
1527952814.147693000	92.7797	80	1
1527952814.327935000	92.96	847	1
1527952814.328031000	92.9601	238	1
1527952814.348923000	92.981	67	0
1527952814.489256000	93.1213	238	0
1527952814.489375000	93.1214	128	0
1527952814.490672000	93.1227	86	1
1527952814.493202000	93.1252	72	0
1527952814.494021000	93.1261	239	0
1527952814.494622000	93.1267	83	1
1527952814.761224000	93.3933	381	1
1527952814.761330000	93.3934	238	1
1527952814.780394000	93.4124	67	0
1527952814.927595000	93.5596	215	0
1527952814.927597000	93.5596	128	0
1527952814.929732000	93.5618	86	1
1527952814.931088000	93.5631	72	0
1527952814.931638000	93.5637	254	0
1527952814.932654000	93.5647	83	1
1527952815.478034000	94.1101	369	1
1527952815.478117000	94.1102	482	1
1527952815.498310000	94.1303	67	0
1527952815.626553000	94.2586	236	0
1527952815.626555000	94.2586	128	0
1527952815.628774000	94.2608	86	1
1527952815.629205000	94.2612	72	0
1527952815.629207000	94.2612	153	0
1527952815.630766000	94.2628	83	1
1527952822.879076000	101.511	926	1
1527952822.879184000	101.511	1392	1
1527952822.879230000	101.511	1392	1
1527952822.879277000	101.511	1392	1
1527952822.879309000	101.511	531	1
1527952822.901749000	101.534	67	0
1527952823.016032000	101.648	392	0
1527952823.018143000	101.65	83	1
1527952823.020510000	101.653	60	0
1527952823.022135000	101.654	80	1
1527952823.082418000	101.714	364	1
1527952823.082487000	101.715	241	1
1527952823.102860000	101.735	67	0
1527952823.229455000	101.861	215	0
1527952823.229551000	101.862	128	0
1527952823.231243000	101.863	86	1
1527952823.233182000	101.865	72	0
1527952823.233671000	101.866	85	0
1527952823.235196000	101.867	83	1
1527952823.397542000	102.03	365	1
1527952823.397603000	102.03	239	1
1527952823.418185000	102.05	67	0
1527952823.559015000	102.191	236	0
1527952823.559298000	102.191	128	0
1527952823.561230000	102.193	86	1
1527952823.562653000	102.195	72	0
1527952823.564206000	102.196	80	1
1527952823.564307000	102.196	236	0
1527952823.566229000	102.198	80	1
1527952823.897709000	102.53	367	1
1527952823.897780000	102.53	239	1
1527952823.917322000	102.549	67	0
1527952824.063043000	102.695	257	0
1527952824.063044000	102.695	128	0
1527952824.065282000	102.697	86	1
1527952824.066444000	102.698	72	0
1527952824.066845000	102.699	234	0
1527952824.068182000	102.7	83	1
1527952824.220557000	102.853	368	1
1527952824.220651000	102.853	243	1
1527952824.241013000	102.873	67	0
1527952824.364606000	102.997	288	0
1527952824.365012000	102.997	128	0
1527952824.366291000	102.998	86	1
1527952824.370065000	103.002	72	0
1527952824.370067000	103.002	182	0
1527952824.372263000	103.004	83	1
1527952824.479630000	103.112	370	1
1527952824.479692000	103.112	234	1
1527952824.515314000	103.147	370	1
1527952824.527473000	103.16	67	0
1527952824.537535000	103.17	67	0
1527952824.663544000	103.296	280	0
1527952824.663681000	103.296	128	0
1527952824.665297000	103.297	89	1
1527952824.670098000	103.302	72	0
1527952824.670100000	103.302	114	0
1527952824.672304000	103.304	83	1
1527952825.090652000	103.723	365	1
1527952825.090748000	103.723	238	1
1527952825.111744000	103.744	67	0
1527952825.236622000	103.869	213	0
1527952825.236989000	103.869	128	0
1527952825.238332000	103.87	86	1
1527952825.240681000	103.873	72	0
1527952825.240683000	103.873	301	0
1527952825.242311000	103.874	83	1
1527952825.308455000	103.94	491	1
1527952825.308521000	103.941	240	1
1527952825.329145000	103.961	67	0
1527952825.469623000	104.102	236	0
1527952825.469625000	104.102	128	0
1527952825.471345000	104.103	86	1
1527952825.474569000	104.107	72	0
1527952825.474571000	104.107	311	0
1527952825.476268000	104.108	83	1
1527952826.448367000	105.08	846	1
1527952826.448462000	105.08	239	1
1527952826.488825000	105.121	846	1
1527952826.488900000	105.121	67	0
1527952826.509353000	105.141	67	0
1527952826.614945000	105.247	238	0
1527952826.614947000	105.247	128	0
1527952826.616806000	105.249	89	1
1527952826.618576000	105.251	72	0
1527952826.618578000	105.251	146	0
1527952826.620808000	105.253	83	1
1527952827.867849000	106.5	377	1
1527952827.867942000	106.5	239	1
1527952827.888265000	106.52	67	0
1527952828.025858000	106.658	366	0
1527952828.025860000	106.658	128	0
1527952828.027279000	106.659	86	1
1527952828.031228000	106.663	72	0
1527952828.031230000	106.663	203	0
1527952828.033280000	106.665	83	1
1527952828.337722000	106.97	365	1
1527952828.337817000	106.97	239	1
1527952828.359129000	106.991	67	0
1527952828.365584000	106.998	279	1
1527952828.365681000	106.998	1392	1
1527952828.365727000	106.998	1392	1
1527952828.365753000	106.998	1392	1
1527952828.365793000	106.998	812	1
1527952828.386453000	107.018	67	0
1527952828.506827000	107.139	376	0
1527952828.508307000	107.14	86	1
1527952828.513267000	107.145	60	0
1527952828.515292000	107.147	80	1
1527952828.690449000	107.322	222	0
1527952828.690451000	107.322	128	0
1527952828.692292000	107.324	83	1
1527952828.693453000	107.325	72	0
1527952828.693840000	107.326	69	0
1527952828.695303000	107.327	83	1
1527952828.739600000	107.372	368	1
1527952828.739692000	107.372	202	1
1527952828.760792000	107.393	67	0
1527952828.881411000	107.513	212	0
1527952828.881508000	107.514	128	0
1527952828.883335000	107.515	86	1
1527952828.884080000	107.516	72	0
1527952828.884554000	107.517	310	0
1527952828.886313000	107.518	83	1
1527952828.978768000	107.611	947	1
1527952828.978830000	107.611	296	1
1527952829.001404000	107.633	67	0
1527952829.152096000	107.784	215	0
1527952829.152356000	107.784	128	0
1527952829.154368000	107.786	86	1
1527952829.155759000	107.788	72	0
1527952829.156210000	107.788	140	0
1527952829.157258000	107.789	83	1
1527952829.418506000	108.051	366	1
1527952829.418562000	108.051	234	1
1527952829.439495000	108.072	67	0
1527952829.562859000	108.195	238	0
1527952829.563004000	108.195	128	0
1527952829.565368000	108.197	86	1
1527952829.566811000	108.199	72	0
1527952829.567278000	108.199	251	0
1527952829.568281000	108.2	83	1
1527952830.248193000	108.88	370	1
1527952830.248273000	108.88	241	1
1527952830.268176000	108.9	67	0
1527952830.406590000	109.039	215	0
1527952830.406985000	109.039	128	0
1527952830.408363000	109.04	86	1
1527952830.410843000	109.043	72	0
1527952830.411333000	109.043	282	0
1527952830.412330000	109.044	83	1
1527952830.718912000	109.351	369	1
1527952830.719012000	109.351	239	1
1527952830.741272000	109.373	67	0
1527952830.889060000	109.521	281	0
1527952830.889155000	109.521	128	0
1527952830.890469000	109.523	86	1
1527952830.893754000	109.526	72	0
1527952830.894069000	109.526	65	0
1527952830.895368000	109.527	83	1
1527952831.005075000	109.637	365	1
1527952831.005170000	109.637	239	1
1527952831.025511000	109.658	67	0
1527952831.151585000	109.784	288	0
1527952831.151683000	109.784	128	0
1527952831.153466000	109.786	86	1
1527952831.156572000	109.789	72	0
1527952831.156574000	109.789	316	0
1527952831.158466000	109.791	83	1
1527952831.365322000	109.997	347	1
1527952831.365431000	109.997	1392	1
1527952831.365457000	109.997	1392	1
1527952831.365505000	109.998	1392	1
1527952831.365529000	109.998	1346	1
1527952831.386703000	110.019	67	0
1527952831.388523000	110.021	298	1
1527952831.388571000	110.021	241	1
1527952831.397228000	110.029	67	0
1527952831.409754000	110.042	67	0
1527952831.522203000	110.154	419	0
1527952831.524409000	110.156	89	1
1527952831.527254000	110.159	60	0
1527952831.529427000	110.161	80	1
1527952831.561800000	110.194	223	0
1527952831.561897000	110.194	128	0
1527952831.563416000	110.195	83	1
1527952831.566281000	110.198	72	0
1527952831.566283000	110.198	186	0
1527952831.568494000	110.201	83	1
1527952831.929665000	110.562	490	1
1527952831.929757000	110.562	238	1
1527952831.951071000	110.583	67	0
1527952832.075024000	110.707	213	0
1527952832.075121000	110.707	128	0
1527952832.076456000	110.708	86	1
1527952832.081867000	110.714	72	0
1527952832.082064000	110.714	89	0
1527952832.084431000	110.716	83	1
1527952832.267730000	110.9	846	1
1527952832.267824000	110.9	238	1
1527952832.288235000	110.92	67	0
1527952832.418197000	111.05	314	0
1527952832.418348000	111.05	128	0
1527952832.420533000	111.053	86	1
1527952832.422220000	111.054	72	0
1527952832.422785000	111.055	126	0
1527952832.423429000	111.055	83	1
1527952832.711167000	111.343	376	1
1527952832.711261000	111.343	241	1
1527952832.731182000	111.363	67	0
1527952832.902021000	111.534	263	0
1527952832.902616000	111.535	128	0
1527952832.903559000	111.536	86	1
1527952832.903917000	111.536	72	0
1527952832.904363000	111.536	203	0
1527952832.905472000	111.538	83	1
1527952832.968578000	111.601	364	1
1527952832.968644000	111.601	238	1
1527952832.989768000	111.622	67	0
1527952833.113674000	111.746	215	0
1527952833.113755000	111.746	128	0
1527952833.115577000	111.748	86	1
1527952833.118355000	111.75	72	0
1527952833.118683000	111.751	147	0
1527952833.120549000	111.753	83	1
1527952833.469152000	112.101	366	1
1527952833.469213000	112.101	238	1
1527952833.489395000	112.121	67	0
1527952833.618916000	112.251	235	0
1527952833.619441000	112.251	128	0
1527952833.620596000	112.253	86	1
1527952833.624093000	112.256	72	0
1527952833.624094000	112.256	142	0
1527952833.625594000	112.258	83	1
1527952833.888026000	112.52	368	1
1527952833.888090000	112.52	242	1
1527952833.907484000	112.54	67	0
1527952834.042237000	112.674	216	0
1527952834.042240000	112.674	128	0
1527952834.044626000	112.677	86	1
1527952834.048170000	112.68	72	0
1527952834.048417000	112.68	191	0
1527952834.049542000	112.682	83	1
1527952834.319948000	112.952	947	1
1527952834.320023000	112.952	239	1
1527952834.340719000	112.973	67	0
1527952834.484492000	113.117	236	0
1527952834.484494000	113.117	128	0
1527952834.486670000	113.119	86	1
1527952834.489372000	113.121	72	0
1527952834.489582000	113.122	215	0
1527952834.491665000	113.124	83	1
1527952834.567859000	113.2	365	1
1527952834.567954000	113.2	239	1
1527952834.593614000	113.226	67	0
1527952834.736787000	113.369	213	0
1527952834.736888000	113.369	128	0
1527952834.738615000	113.371	86	1
1527952834.740972000	113.373	72	0
1527952834.740974000	113.373	195	0
1527952834.742594000	113.375	83	1
1527952834.838088000	113.47	368	1
1527952834.838151000	113.47	241	1
1527952834.858268000	113.49	67	0
1527952834.987517000	113.62	215	0
1527952834.987610000	113.62	128	0
1527952834.989675000	113.622	86	1
1527952834.995600000	113.628	72	0
1527952834.995941000	113.628	68	0
1527952834.997657000	113.63	83	1
1527952835.414856000	114.047	366	1
1527952835.414917000	114.047	238	1
1527952835.435660000	114.068	67	0
1527952835.585216000	114.217	238	0
1527952835.585313000	114.217	128	0
1527952835.586702000	114.219	86	1
1527952835.589662000	114.222	72	0
1527952835.589664000	114.222	218	0
1527952835.591702000	114.224	83	1
1527952835.702935000	114.335	366	1
1527952835.703034000	114.335	238	1
1527952835.733677000	114.366	67	0
1527952835.856115000	114.488	260	0
1527952835.856117000	114.488	128	0
1527952835.857715000	114.49	86	1
1527952835.860893000	114.493	72	0
1527952835.860988000	114.493	72	0
1527952835.862732000	114.495	83	1
1527952836.195009000	114.827	366	1
1527952836.195103000	114.827	238	1
1527952836.214598000	114.847	67	0
1527952836.227225000	114.859	67	0
1527952836.351213000	114.983	288	0
1527952836.351365000	114.983	128	0
1527952836.353762000	114.986	89	1
1527952836.355579000	114.988	72	0
1527952836.355581000	114.988	110	0
1527952836.357765000	114.99	83	1
1527952836.543027000	115.175	366	1
1527952836.543120000	115.175	238	1
1527952836.562833000	115.195	67	0
1527952836.967751000	115.6	235	0
1527952836.967753000	115.6	128	0
1527952836.969814000	115.602	86	1
1527952836.971500000	115.604	72	0
1527952836.971502000	115.604	118	0
1527952836.972709000	115.605	83	1
1527952837.077920000	115.71	490	1
1527952837.078016000	115.71	240	1
1527952837.097561000	115.73	67	0
1527952837.233981000	115.866	255	0
1527952837.233983000	115.866	128	0
1527952837.235814000	115.868	86	1
1527952837.237586000	115.87	72	0
1527952837.239568000	115.872	128	0
1527952837.239805000	115.872	83	1
