1527767486.454154000	0	276	1
1527767486.477871000	0.0237169	67	0
1527767486.879878000	0.425724	283	0
1527767486.880158000	0.426004	1392	0
1527767486.880228000	0.426074	1392	0
1527767486.880509000	0.426355	1392	0
1527767486.880511000	0.426357	160	0
1527767486.880579000	0.426425	1392	0
1527767486.880786000	0.426632	1392	0
1527767486.880852000	0.426698	1392	0
1527767486.880854000	0.4267	168	0
1527767486.880922000	0.426768	704	0
1527767486.881243000	0.427089	110	1
1527767486.885877000	0.431723	1392	0
1527767486.886226000	0.432072	1392	0
1527767486.886228000	0.432074	674	0
1527767486.889135000	0.434981	1392	0
1527767486.889371000	0.435217	89	1
1527767486.889785000	0.435631	1392	0
1527767486.889969000	0.435815	1392	0
1527767486.889971000	0.435817	168	0
1527767486.893308000	0.439154	86	1
1527767486.915613000	0.461459	1183	0
1527767486.916655000	0.462501	1392	0
1527767486.916942000	0.462788	1392	0
1527767486.917279000	0.463125	1392	0
1527767486.917282000	0.463128	168	0
1527767486.919259000	0.465105	1221	0
1527767486.919316000	0.465162	92	1
1527767486.919827000	0.465673	1392	0
1527767486.919830000	0.465676	232	0
1527767486.921198000	0.467044	1392	0
1527767486.921288000	0.467134	782	0
1527767486.921656000	0.467502	1392	0
1527767486.921781000	0.467627	977	0
1527767486.923304000	0.46915	98	1
1527767486.925021000	0.470867	1392	0
1527767486.925309000	0.471155	1392	0
1527767486.925657000	0.471503	1392	0
1527767486.925659000	0.471505	168	0
1527767486.925661000	0.471507	64	0
1527767486.926416000	0.472262	1392	0
1527767486.926502000	0.472348	148	0
1527767486.928226000	0.474072	1392	0
1527767486.928282000	0.474128	98	1
1527767486.928613000	0.474459	1392	0
1527767486.928804000	0.47465	1392	0
1527767486.928808000	0.474654	168	0
1527767486.929980000	0.475826	1392	0
1527767486.929983000	0.475829	133	0
1527767486.931541000	0.477387	1392	0
1527767486.931849000	0.477695	1392	0
1527767486.932160000	0.478006	1392	0
1527767486.932162000	0.478008	168	0
1527767486.932261000	0.478107	107	1
1527767486.932977000	0.478823	774	0
1527767486.934956000	0.480802	1392	0
1527767486.935596000	0.481442	1392	0
1527767486.936179000	0.482025	1392	0
1527767486.936181000	0.482027	168	0
1527767486.936328000	0.482174	770	0
1527767486.936350000	0.482196	92	1
1527767486.940241000	0.486087	80	1
1527767487.458779000	1.00463	301	1
1527767487.458922000	1.00477	1392	1
1527767487.458951000	1.0048	898	1
1527767487.477704000	1.02355	200	1
1527767487.480381000	1.02623	67	0
1527767487.483959000	1.0298	67	0
1527767487.506057000	1.0519	67	0
1527767487.579469000	1.12531	376	0
1527767487.582276000	1.12812	60	0
1527767487.620941000	1.16679	376	0
1527767487.659647000	1.20549	60	0
1527767487.854218000	1.40006	336	0
1527767487.854539000	1.40038	1392	0
1527767487.854542000	1.40039	1392	0
1527767487.854838000	1.40068	1392	0
1527767487.854841000	1.40069	160	0
1527767487.855138000	1.40098	1392	0
1527767487.855457000	1.4013	1392	0
1527767487.855599000	1.40144	1051	0
1527767487.857254000	1.4031	72	0
1527767487.857256000	1.4031	186	0
1527767488.057655000	1.6035	376	0
1527767488.057657000	1.6035	60	0
1527767488.290290000	1.83614	89	1
1527767488.290891000	1.83674	107	1
1527767488.294368000	1.84021	92	1
1527767488.306909000	1.85276	336	0
1527767488.313454000	1.8593	80	1
1527767488.593964000	2.13981	200	1
1527767488.618755000	2.1646	67	0
1527767488.771355000	2.3172	485	1
1527767488.775115000	2.32096	1300	1
1527767488.791827000	2.33767	67	0
1527767488.796779000	2.34262	67	0
1527767488.911914000	2.45776	381	0
1527767488.912118000	2.45796	1094	0
1527767488.914490000	2.46034	72	0
1527767488.914870000	2.46072	233	0
1527767488.915365000	2.46121	98	1
1527767488.960337000	2.50618	487	0
1527767488.964488000	2.51033	80	1
1527767488.986491000	2.53234	1317	0
1527767488.990386000	2.53623	80	1
1527767490.109982000	3.65583	223	1
1527767490.130339000	3.67618	67	0
1527767490.212844000	3.75869	376	0
1527767490.213172000	3.75902	1392	0
1527767490.213346000	3.75919	980	0
1527767490.214968000	3.76081	72	0
1527767490.215457000	3.7613	104	0
1527767490.216561000	3.76241	95	1
1527767490.242804000	3.78865	1392	1
1527767490.242897000	3.78874	1392	1
1527767490.242936000	3.78878	446	1
1527767490.243000000	3.78885	825	1
1527767490.245264000	3.79111	1392	1
1527767490.245299000	3.79115	195	1
1527767490.263480000	3.80933	80	0
1527767490.266563000	3.81241	67	0
1527767490.267445000	3.81329	83	1
1527767490.286208000	3.83205	462	0
1527767490.286326000	3.83217	264	0
1527767490.290460000	3.83631	83	1
1527767490.395612000	3.94146	1321	1
1527767490.419879000	3.96572	67	0
1527767490.610345000	4.15619	1024	0
1527767490.610348000	4.15619	226	0
1527767490.614487000	4.16033	86	1
1527767490.626168000	4.17201	219	0
1527767490.626542000	4.17239	1392	0
1527767490.626720000	4.17257	1392	0
1527767490.627036000	4.17288	1392	0
1527767490.627038000	4.17288	168	0
1527767490.627110000	4.17296	165	0
1527767490.630467000	4.17631	95	1
1527767490.643696000	4.18954	100	0
1527767490.647486000	4.19333	80	1
1527767490.769779000	4.31562	507	1
1527767490.769881000	4.31573	1392	1
1527767490.769922000	4.31577	1392	1
1527767490.769956000	4.3158	948	1
1527767490.792239000	4.33808	67	0
1527767490.950903000	4.49675	356	0
1527767490.954524000	4.50037	83	1
1527767490.954586000	4.50043	60	0
1527767490.958505000	4.50435	80	1
1527767491.380481000	4.92633	1372	1
1527767491.401297000	4.94714	67	0
1527767491.569476000	5.11532	315	0
1527767491.569478000	5.11532	205	0
1527767491.574332000	5.12018	86	1
1527767492.353377000	5.89922	315	1
1527767492.353478000	5.89932	1392	1
1527767492.353518000	5.89936	970	1
1527767492.361776000	5.90762	207	1
1527767492.361884000	5.90773	1392	1
1527767492.361925000	5.90777	1392	1
1527767492.361958000	5.9078	1392	1
1527767492.361996000	5.90784	1392	1
1527767492.362048000	5.90789	1392	1
1527767492.362086000	5.90793	1392	1
1527767492.362119000	5.90796	1392	1
1527767492.362159000	5.908	1392	1
1527767492.362200000	5.90805	1392	1
1527767492.362234000	5.90808	1392	1
1527767492.362273000	5.90812	1392	1
1527767492.362319000	5.90816	1392	1
1527767492.362342000	5.90819	528	1
1527767492.373947000	5.91979	232	1
1527767492.375062000	5.92091	67	0
1527767492.381800000	5.92765	67	0
1527767492.381953000	5.9278	82	1
1527767492.387218000	5.93306	67	0
1527767492.394215000	5.94006	67	0
1527767492.397577000	5.94342	74	0
1527767492.401118000	5.94696	92	1
1527767492.401482000	5.94733	67	0
1527767492.533013000	6.07886	377	0
1527767492.535987000	6.08183	60	0
1527767492.537105000	6.08295	86	1
1527767492.553220000	6.09907	488	0
1527767492.553332000	6.09918	283	0
1527767492.553404000	6.09925	171	0
1527767492.555037000	6.10088	103	1
1527767492.557644000	6.10349	233	1
1527767492.574062000	6.11991	67	0
1527767492.886691000	6.43254	968	0
1527767492.887019000	6.43286	1392	0
1527767492.887270000	6.43312	1392	0
1527767492.887337000	6.43318	1392	0
1527767492.887339000	6.43319	166	0
1527767492.887939000	6.43378	1392	0
1527767492.888235000	6.43408	1329	0
1527767492.888959000	6.4348	1392	0
1527767492.889311000	6.43516	1392	0
1527767492.889381000	6.43523	1392	0
1527767492.889383000	6.43523	168	0
1527767492.889554000	6.4354	1199	0
1527767492.890288000	6.43613	110	1
1527767492.890806000	6.43665	1392	0
1527767492.891090000	6.43694	1392	0
1527767492.891394000	6.43724	1392	0
1527767492.891397000	6.43724	168	0
1527767492.891471000	6.43732	64	0
1527767492.894143000	6.43999	98	1
1527767492.894280000	6.44013	1392	0
1527767492.894428000	6.44027	724	0
1527767492.895165000	6.44101	1392	0
1527767492.895485000	6.44133	1392	0
1527767492.895768000	6.44161	1392	0
1527767492.895771000	6.44162	168	0
1527767492.895924000	6.44177	772	0
1527767492.897122000	6.44297	1392	0
1527767492.897656000	6.4435	1392	0
1527767492.898010000	6.44386	1392	0
1527767492.898153000	6.444	107	1
1527767492.898538000	6.44438	168	0
1527767492.898606000	6.44445	951	0
1527767492.898949000	6.44479	1392	0
1527767492.899224000	6.44507	1392	0
1527767492.899607000	6.44545	1392	0
1527767492.899609000	6.44546	162	0
1527767492.899888000	6.44573	1392	0
1527767492.899960000	6.44581	172	0
1527767492.900311000	6.44616	1392	0
1527767492.900608000	6.44645	1392	0
1527767492.900923000	6.44677	1392	0
1527767492.900926000	6.44677	168	0
1527767492.900998000	6.44684	64	0
1527767492.901214000	6.44706	1178	0
1527767492.902118000	6.44796	104	1
1527767492.902425000	6.44827	1392	0
1527767492.902608000	6.44845	1392	0
1527767492.902902000	6.44875	1392	0
1527767492.902905000	6.44875	168	0
1527767492.902980000	6.44883	64	0
1527767492.903090000	6.44894	107	1
1527767492.903125000	6.44897	943	0
1527767492.907537000	6.45338	80	1
1527767492.912347000	6.45819	1392	0
1527767492.912728000	6.45857	1281	0
1527767492.914435000	6.46028	739	0
1527767492.916833000	6.46268	1392	0
1527767492.917120000	6.46297	1311	0
1527767492.920166000	6.46601	92	1
1527767492.922196000	6.46804	1392	0
1527767492.922449000	6.4683	1392	0
1527767492.922762000	6.46861	331	0
1527767492.926158000	6.472	86	1
1527767492.929501000	6.47535	72	0
1527767492.930243000	6.47609	98	0
1527767492.935331000	6.48118	83	1
1527767495.474635000	9.02048	1097	1
1527767495.474713000	9.02056	275	1
1527767495.476679000	9.02253	287	1
1527767495.476729000	9.02257	1392	1
1527767495.476770000	9.02262	1392	1
1527767495.476823000	9.02267	962	1
1527767495.498750000	9.0446	67	0
1527767495.523316000	9.06916	367	1
1527767495.543509000	9.08935	67	0
1527767495.612780000	9.15863	304	0
1527767495.613112000	9.15896	1380	0
1527767495.614758000	9.1606	493	0
1527767495.616505000	9.16235	92	1
1527767495.618688000	9.16453	572	0
1527767495.622502000	9.16835	80	1
1527767495.622553000	9.1684	615	0
1527767495.627276000	9.17312	80	1
1527767495.627590000	9.17344	447	0
1527767495.628817000	9.17466	255	0
1527767495.628889000	9.17474	83	0
1527767495.629478000	9.17532	677	0
1527767495.631251000	9.1771	89	1
1527767495.632461000	9.17831	464	0
1527767495.633516000	9.17936	815	0
1527767495.633595000	9.17944	166	0
1527767495.635675000	9.18152	629	0
1527767495.636270000	9.18212	89	1
1527767495.636863000	9.18271	356	0
1527767495.637376000	9.18322	499	0
1527767495.639114000	9.18496	429	0
1527767495.640330000	9.18618	86	1
1527767495.641776000	9.18762	681	0
1527767495.642704000	9.18855	596	0
1527767495.643883000	9.18973	60	0
1527767495.644866000	9.19071	538	0
1527767495.645295000	9.19114	86	1
1527767495.646284000	9.19213	634	0
1527767495.647607000	9.19345	563	0
1527767495.648575000	9.19442	679	0
1527767495.650476000	9.19632	89	1
1527767495.655600000	9.20145	82	0
1527767495.656039000	9.20188	254	0
1527767495.659316000	9.20516	83	1
1527767495.757861000	9.30371	1392	1
1527767495.757901000	9.30375	1392	1
1527767495.757940000	9.30379	485	1
1527767495.758012000	9.30386	824	1
1527767495.782718000	9.32856	67	0
1527767495.802737000	9.34858	533	0
1527767495.802739000	9.34858	75	0
1527767495.806302000	9.35215	86	1
1527767496.418618000	9.96446	990	1
1527767496.418708000	9.96455	75	1
1527767496.439075000	9.98492	67	0
1527767496.584760000	10.1306	239	0
1527767496.584880000	10.1307	347	0
1527767496.588323000	10.1342	86	1
1527767496.589841000	10.1357	214	0
1527767496.593295000	10.1391	80	1
1527767497.271701000	10.8175	458	1
1527767497.271792000	10.8176	90	1
1527767497.281358000	10.8272	287	1
1527767497.284038000	10.8299	463	1
1527767497.284123000	10.83	68	1
1527767497.292727000	10.8386	67	0
1527767497.300350000	10.8462	67	0
1527767497.372965000	10.9188	289	0
1527767497.373082000	10.9189	131	0
1527767497.376392000	10.9222	89	1
1527767497.379154000	10.925	72	0
1527767497.379696000	10.9255	79	0
1527767497.383519000	10.9294	83	1
1527767497.476907000	11.0228	325	0
1527767497.477008000	11.0229	120	0
1527767497.480388000	11.0262	83	1
1527767497.481488000	11.0273	72	0
1527767497.481575000	11.0274	245	0
1527767497.482407000	11.0283	242	0
1527767497.482481000	11.0283	83	0
1527767497.485478000	11.0313	89	1
1527767497.490652000	11.0365	72	0
1527767497.490654000	11.0365	86	0
1527767497.494416000	11.0403	83	1
1527767497.782526000	11.3284	376	1
1527767497.782622000	11.3285	240	1
1527767497.802532000	11.3484	67	0
1527767498.416766000	11.9626	236	0
1527767498.416881000	11.9627	126	0
1527767498.420454000	11.9663	86	1
1527767498.421840000	11.9677	72	0
1527767498.422684000	11.9685	116	0
1527767498.424035000	11.9699	373	1
1527767498.424157000	11.97	1392	1
1527767498.424184000	11.97	1392	1
1527767498.424236000	11.9701	1392	1
1527767498.424262000	11.9701	1392	1
1527767498.424306000	11.9702	1392	1
1527767498.424339000	11.9702	1392	1
1527767498.424379000	11.9702	1392	1
1527767498.424421000	11.9703	1392	1
1527767498.424455000	11.9703	1392	1
1527767498.424493000	11.9703	1392	1
1527767498.424541000	11.9704	1392	1
1527767498.424568000	11.9704	1392	1
1527767498.424617000	11.9705	1392	1
1527767498.424642000	11.9705	1392	1
1527767498.424692000	11.9705	1392	1
1527767498.424718000	11.9706	1392	1
1527767498.424769000	11.9706	1392	1
1527767498.426431000	11.9723	1392	1
1527767498.426481000	11.9723	1392	1
1527767498.426537000	11.9724	1392	1
1527767498.426562000	11.9724	1392	1
1527767498.426613000	11.9725	1392	1
1527767498.426639000	11.9725	1392	1
1527767498.426687000	11.9725	1392	1
1527767498.426713000	11.9726	1392	1
1527767498.426764000	11.9726	1392	1
1527767498.426789000	11.9726	1392	1
1527767498.426838000	11.9727	1392	1
1527767498.426863000	11.9727	1392	1
1527767498.426906000	11.9728	1392	1
1527767498.426939000	11.9728	1392	1
1527767498.426978000	11.9728	1392	1
1527767498.427010000	11.9729	1392	1
1527767498.428430000	11.9743	783	1
1527767498.442838000	11.9887	80	0
1527767498.445703000	11.9915	67	0
1527767498.446428000	11.9923	83	1
1527767498.447364000	11.9932	67	0
1527767498.451105000	11.997	67	0
1527767498.463339000	12.0092	295	1
1527767498.464363000	12.0102	279	1
1527767498.488090000	12.0339	67	0
1527767498.497930000	12.0438	67	0
1527767498.505092000	12.0509	377	1
1527767498.525868000	12.0717	67	0
1527767498.579675000	12.1255	257	0
1527767498.579828000	12.1257	98	0
1527767498.583500000	12.1293	86	1
1527767498.585903000	12.1317	72	0
1527767498.586289000	12.1321	215	0
1527767498.590468000	12.1363	83	1
1527767498.605120000	12.151	378	1
1527767498.605210000	12.1511	245	1
1527767498.624985000	12.1708	67	0
1527767498.653468000	12.1993	352	0
1527767498.657487000	12.2033	83	1
1527767498.663416000	12.2093	60	0
1527767498.668011000	12.2139	80	1
1527767498.689792000	12.2356	291	0
1527767498.689916000	12.2358	259	0
1527767498.693466000	12.2393	83	1
1527767498.694433000	12.2403	72	0
1527767498.694846000	12.2407	146	0
1527767498.695412000	12.2413	535	0
1527767498.695606000	12.2415	784	0
1527767498.696995000	12.2428	72	0
1527767498.697072000	12.2429	155	0
1527767498.698476000	12.2443	95	1
1527767498.747922000	12.2938	227	0
1527767498.748296000	12.2941	126	0
1527767498.751465000	12.2973	83	1
1527767498.753898000	12.2997	72	0
1527767498.754051000	12.2999	72	0
1527767498.757457000	12.3033	83	1
1527767498.796728000	12.3426	1392	1
1527767498.796769000	12.3426	389	1
1527767498.818736000	12.3646	67	0
1527767499.010473000	12.5563	361	0
1527767499.010957000	12.5568	607	0
1527767499.014570000	12.5604	86	1
1527767499.024087000	12.5699	647	1
1527767499.045002000	12.5908	67	0
1527767499.068964000	12.6148	707	1
1527767499.069041000	12.6149	240	1
1527767499.089217000	12.6351	67	0
1527767499.164737000	12.7106	731	0
1527767499.168513000	12.7144	86	1
1527767499.247855000	12.7937	341	0
1527767499.247857000	12.7937	126	0
1527767499.251566000	12.7974	83	1
1527767499.253820000	12.7997	72	0
1527767499.253822000	12.7997	107	0
1527767499.257462000	12.8033	83	1
1527767499.469322000	13.0152	377	1
1527767499.469405000	13.0153	238	1
1527767499.491678000	13.0375	67	0
1527767499.635060000	13.1809	240	0
1527767499.635845000	13.1817	126	0
1527767499.638525000	13.1844	86	1
1527767499.639623000	13.1855	72	0
1527767499.640107000	13.186	320	0
1527767499.643604000	13.1895	83	1
1527767499.908767000	13.4546	377	1
1527767499.908843000	13.4547	241	1
1527767499.928430000	13.4743	67	0
1527767499.939154000	13.485	67	0
1527767500.083077000	13.6289	213	0
1527767500.083079000	13.6289	126	0
1527767500.086556000	13.6324	89	1
1527767500.089095000	13.6349	72	0
1527767500.089559000	13.6354	74	0
1527767500.092601000	13.6384	83	1
1527767500.312010000	13.8579	377	1
1527767500.312095000	13.8579	242	1
1527767500.332226000	13.8781	67	0
1527767500.498367000	14.0442	278	0
1527767500.498370000	14.0442	126	0
1527767500.502575000	14.0484	72	0
1527767500.502657000	14.0485	86	1
1527767500.503011000	14.0489	68	0
1527767500.506617000	14.0525	83	1
1527767500.748049000	14.2939	377	1
1527767500.748110000	14.294	246	1
1527767500.768111000	14.314	67	0
1527767500.856195000	14.402	215	0
1527767500.856312000	14.4022	126	0
1527767500.859573000	14.4054	86	1
1527767500.860911000	14.4068	72	0
1527767500.861335000	14.4072	256	0
1527767500.864591000	14.4104	83	1
1527767501.184344000	14.7302	378	1
1527767501.184425000	14.7303	244	1
1527767501.205764000	14.7516	67	0
1527767501.312082000	14.8579	234	0
1527767501.312370000	14.8582	126	0
1527767501.315685000	14.8615	86	1
1527767501.317328000	14.8632	72	0
1527767501.317737000	14.8636	77	0
1527767501.321624000	14.8675	83	1
1527767501.511050000	15.0569	371	1
1527767501.511145000	15.057	242	1
1527767501.530358000	15.0762	67	0
1527767501.698260000	15.2441	284	0
1527767501.698262000	15.2441	128	0
1527767501.702640000	15.2485	86	1
1527767501.703050000	15.2489	72	0
1527767501.703337000	15.2492	269	0
1527767501.706612000	15.2525	83	1
1527767501.989055000	15.5349	373	1
1527767501.989118000	15.535	238	1
1527767502.009546000	15.5554	67	0
1527767502.111082000	15.6569	213	0
1527767502.111085000	15.6569	128	0
1527767502.114297000	15.6601	72	0
1527767502.114562000	15.6604	178	0
1527767502.114707000	15.6606	92	1
1527767502.260310000	15.8062	376	1
1527767502.260405000	15.8063	239	1
1527767502.280846000	15.8267	67	0
1527767502.285384000	15.8312	67	0
1527767502.378241000	15.9241	235	0
1527767502.378243000	15.9241	128	0
1527767502.382757000	15.9286	89	1
1527767502.383232000	15.9291	72	0
1527767502.383665000	15.9295	230	0
1527767502.386752000	15.9326	83	1
1527767502.500165000	16.046	371	1
1527767502.500258000	16.0461	241	1
1527767502.523258000	16.0691	67	0
1527767502.678511000	16.2244	213	0
1527767502.678631000	16.2245	128	0
1527767502.682644000	16.2285	72	0
1527767502.682737000	16.2286	194	0
1527767502.682793000	16.2286	86	1
1527767502.686707000	16.2326	83	1
1527767502.868184000	16.414	976	1
1527767502.868278000	16.4141	240	1
1527767502.888923000	16.4348	67	0
1527767502.893467000	16.4393	67	0
1527767503.034983000	16.5808	219	0
1527767503.035097000	16.5809	128	0
1527767503.038711000	16.5846	89	1
1527767503.039573000	16.5854	72	0
1527767503.040073000	16.5859	309	0
1527767503.043701000	16.5895	83	1
1527767503.327538000	16.8734	572	1
1527767503.327613000	16.8735	243	1
1527767503.347802000	16.8936	67	0
1527767503.454059000	16.9999	235	0
1527767503.454062000	16.9999	128	0
1527767503.457804000	17.0036	86	1
1527767503.459490000	17.0053	72	0
1527767503.459580000	17.0054	189	0
1527767503.462720000	17.0086	83	1
1527767503.608952000	17.1548	773	1
1527767503.609048000	17.1549	241	1
1527767503.630556000	17.1764	67	0
1527767503.776868000	17.3227	261	0
1527767503.777911000	17.3238	128	0
1527767503.780830000	17.3267	86	1
1527767503.781834000	17.3277	72	0
1527767503.782310000	17.3282	157	0
1527767503.785816000	17.3317	83	1
1527767503.852292000	17.3981	378	1
1527767503.852387000	17.3982	241	1
1527767503.872254000	17.4181	67	0
1527767503.956519000	17.5024	215	0
1527767503.956638000	17.5025	128	0
1527767503.960777000	17.5066	86	1
1527767503.961482000	17.5073	72	0
1527767503.961566000	17.5074	269	0
1527767503.964824000	17.5107	83	1
1527767504.138192000	17.684	374	1
1527767504.138286000	17.6841	239	1
1527767504.158301000	17.7041	67	0
1527767504.260039000	17.8059	238	0
1527767504.260731000	17.8066	128	0
1527767504.263846000	17.8097	86	1
1527767504.264285000	17.8101	72	0
1527767504.265208000	17.8111	293	0
1527767504.267841000	17.8137	83	1
1527767508.795620000	22.3415	378	1
1527767508.795720000	22.3416	237	1
1527767508.814628000	22.3605	67	0
1527767508.960867000	22.5067	340	0
1527767508.960870000	22.5067	128	0
1527767508.964527000	22.5104	86	1
1527767508.965462000	22.5113	72	0
1527767508.965464000	22.5113	110	0
1527767508.969527000	22.5154	83	1
1527767509.060946000	22.6068	374	1
1527767509.061027000	22.6069	237	1
1527767509.081647000	22.6275	67	0
1527767509.231897000	22.7777	266	0
1527767509.231899000	22.7777	128	0
1527767509.235542000	22.7814	86	1
1527767509.237392000	22.7832	72	0
1527767509.237771000	22.7836	233	0
1527767509.241530000	22.7874	83	1
1527767509.643596000	23.1894	355	1
1527767509.643695000	23.1895	1392	1
1527767509.643723000	23.1896	1392	1
1527767509.643773000	23.1896	1392	1
1527767509.643798000	23.1896	1355	1
1527767509.663106000	23.209	67	0
1527767509.736986000	23.2828	410	0
1527767509.740540000	23.2864	83	1
1527767509.744437000	23.2903	60	0
1527767509.748549000	23.2944	80	1
1527767513.277295000	26.8231	372	1
1527767513.277394000	26.8232	240	1
1527767513.297468000	26.8433	67	0
1527767513.460642000	27.0065	238	0
1527767513.460761000	27.0066	128	0
1527767513.464481000	27.0103	86	1
1527767513.466261000	27.0121	72	0
1527767513.466350000	27.0122	316	0
1527767513.470504000	27.0164	83	1
1527767513.534169000	27.08	378	1
1527767513.534248000	27.0801	242	1
1527767513.554561000	27.1004	67	0
1527767513.719276000	27.2651	284	0
1527767513.719390000	27.2652	128	0
1527767513.723271000	27.2691	72	0
1527767513.723518000	27.2694	89	1
1527767513.723863000	27.2697	164	0
1527767513.727561000	27.2734	80	1
1527767513.803264000	27.3491	373	1
1527767513.803357000	27.3492	240	1
1527767513.823755000	27.3696	67	0
1527767513.915174000	27.461	215	0
1527767513.915290000	27.4611	128	0
1527767513.915433000	27.4613	72	0
1527767513.916300000	27.4621	252	0
1527767513.919505000	27.4654	92	1
1527767514.044786000	27.5906	377	1
1527767514.044875000	27.5907	244	1
1527767514.075440000	27.6213	67	0
1527767514.151768000	27.6976	213	0
1527767514.151770000	27.6976	128	0
1527767514.155604000	27.7014	86	1
1527767514.157224000	27.7031	72	0
1527767514.157227000	27.7031	304	0
1527767514.160598000	27.7064	83	1
1527767514.482137000	28.028	973	1
1527767514.482201000	28.028	242	1
1527767514.502853000	28.0487	67	0
1527767514.591302000	28.1371	238	0
1527767514.591304000	28.1372	128	0
1527767514.595627000	28.1415	86	1
1527767514.596571000	28.1424	72	0
1527767514.596654000	28.1425	136	0
1527767514.600548000	28.1464	83	1
1527767514.906307000	28.4522	569	1
1527767514.906401000	28.4522	242	1
1527767514.925852000	28.4717	67	0
1527767515.075326000	28.6212	216	0
1527767515.075435000	28.6213	128	0
1527767515.079588000	28.6254	86	1
1527767515.081094000	28.6269	72	0
1527767515.081188000	28.627	188	0
1527767515.084608000	28.6305	83	1
1527767515.366737000	28.9126	776	1
1527767515.366827000	28.9127	250	1
1527767515.388605000	28.9345	67	0
1527767515.638483000	29.1843	238	0
1527767515.638486000	29.1843	128	0
1527767515.642616000	29.1885	86	1
1527767515.642699000	29.1885	72	0
1527767515.642785000	29.1886	174	0
1527767515.646603000	29.1924	83	1
1527767515.853255000	29.3991	377	1
1527767515.853315000	29.3992	246	1
1527767515.874205000	29.4201	67	0
1527767515.974929000	29.5208	259	0
1527767515.975039000	29.5209	128	0
1527767515.978691000	29.5245	86	1
1527767515.979505000	29.5254	72	0
1527767515.979904000	29.5257	126	0
1527767515.983712000	29.5296	83	1
1527767516.312188000	29.858	372	1
1527767516.312267000	29.8581	246	1
1527767516.333190000	29.879	67	0
1527767516.475065000	30.0209	235	0
1527767516.475185000	30.021	128	0
1527767516.478661000	30.0245	86	1
1527767516.479633000	30.0255	72	0
1527767516.480094000	30.0259	235	0
1527767516.483665000	30.0295	83	1
1527767516.572772000	30.1186	375	1
1527767516.572872000	30.1187	240	1
1527767516.593170000	30.139	67	0
1527767516.598299000	30.1441	67	0
1527767516.762014000	30.3079	213	0
1527767516.762016000	30.3079	128	0
1527767516.765688000	30.3115	89	1
1527767516.766143000	30.312	72	0
1527767516.767010000	30.3129	107	0
1527767516.769692000	30.3155	83	1
1527767518.264730000	31.8106	377	1
1527767518.264809000	31.8107	245	1
1527767518.285215000	31.8311	67	0
1527767518.453054000	31.9989	338	0
1527767518.453175000	31.999	128	0
1527767518.456588000	32.0024	86	1
1527767518.457597000	32.0034	72	0
1527767518.458396000	32.0042	145	0
1527767518.461570000	32.0074	83	1
1527767518.514754000	32.0606	377	1
1527767518.514853000	32.0607	243	1
1527767518.534533000	32.0804	67	0
1527767518.636277000	32.1821	239	0
1527767518.636392000	32.1822	128	0
1527767518.640586000	32.1864	86	1
1527767518.641251000	32.1871	72	0
1527767518.641332000	32.1872	232	0
1527767518.644580000	32.1904	83	1
1527767518.745795000	32.2916	379	1
1527767518.745872000	32.2917	242	1
1527767518.764858000	32.3107	67	0
1527767518.872756000	32.4186	219	0
1527767518.872760000	32.4186	128	0
1527767518.876673000	32.4225	86	1
1527767518.877379000	32.4232	72	0
1527767518.877796000	32.4236	70	0
1527767518.881652000	32.4275	83	1
1527767519.171977000	32.7178	374	1
1527767519.172055000	32.7179	240	1
1527767519.193862000	32.7397	67	0
1527767519.349814000	32.8957	235	0
1527767519.349927000	32.8958	128	0
1527767519.353627000	32.8995	86	1
1527767519.353923000	32.8998	72	0
1527767519.354425000	32.9003	284	0
1527767519.357636000	32.9035	83	1
1527767519.582875000	33.1287	376	1
1527767519.582946000	33.1288	241	1
1527767519.606236000	33.1521	67	0
1527767519.702452000	33.2483	255	0
1527767519.702574000	33.2484	128	0
1527767519.706144000	33.252	72	0
1527767519.706630000	33.2525	89	1
1527767519.706907000	33.2528	70	0
1527767519.710662000	33.2565	80	1
1527767520.076242000	33.6221	972	1
1527767520.076335000	33.6222	243	1
1527767520.096853000	33.6427	67	0
1527767520.244439000	33.7903	239	0
1527767520.244750000	33.7906	128	0
1527767520.248678000	33.7945	86	1
1527767520.249517000	33.7954	72	0
1527767520.249797000	33.7956	215	0
1527767520.253688000	33.7995	83	1
1527767520.294819000	33.8407	573	1
1527767520.294897000	33.8407	244	1
1527767520.327833000	33.8737	67	0
1527767520.414724000	33.9606	285	0
1527767520.414852000	33.9607	128	0
1527767520.418712000	33.9646	86	1
1527767520.436325000	33.9822	72	0
1527767520.436443000	33.9823	320	0
1527767520.439693000	33.9855	83	1
1527767520.612193000	34.158	776	1
1527767520.612289000	34.1581	243	1
1527767520.632762000	34.1786	67	0
1527767520.783143000	34.329	213	0
1527767520.783269000	34.3291	128	0
1527767520.786920000	34.3328	86	1
1527767520.788918000	34.3348	72	0
1527767520.789404000	34.3352	316	0
1527767520.792717000	34.3386	83	1
1527767520.823879000	34.3697	72	0
1527767520.827708000	34.3736	80	1
1527767521.064374000	34.6102	373	1
1527767521.064453000	34.6103	244	1
1527767521.084449000	34.6303	67	0
1527767521.233067000	34.7789	238	0
1527767521.233183000	34.779	128	0
1527767521.236809000	34.7827	86	1
1527767521.239053000	34.7849	72	0
1527767521.239055000	34.7849	239	0
1527767521.242805000	34.7887	83	1
1527767521.397076000	34.9429	377	1
1527767521.397167000	34.943	237	1
1527767521.420759000	34.9666	67	0
1527767521.422218000	34.9681	67	0
1527767521.524340000	35.0702	213	0
1527767521.524343000	35.0702	128	0
1527767521.527822000	35.0737	89	1
1527767521.529380000	35.0752	72	0
1527767521.529584000	35.0754	185	0
1527767521.532873000	35.0787	83	1
1527767521.852667000	35.3985	377	1
1527767521.852760000	35.3986	246	1
1527767521.872381000	35.4182	67	0
1527767522.021247000	35.5671	217	0
1527767522.021576000	35.5674	128	0
1527767522.024784000	35.5706	86	1
1527767522.026158000	35.572	72	0
1527767522.026252000	35.5721	254	0
1527767522.029774000	35.5756	83	1
1527767522.171495000	35.7173	372	1
1527767522.171597000	35.7174	242	1
1527767522.192048000	35.7379	67	0
1527767522.288554000	35.8344	236	0
1527767522.288557000	35.8344	128	0
1527767522.292805000	35.8387	86	1
1527767522.296529000	35.8424	72	0
1527767522.296644000	35.8425	208	0
1527767522.300787000	35.8466	83	1
1527767522.420209000	35.9661	376	1
1527767522.420292000	35.9661	240	1
1527767522.441404000	35.9873	67	0
1527767522.623294000	36.1691	261	0
1527767522.623423000	36.1693	128	0
1527767522.626837000	36.1727	86	1
1527767522.627132000	36.173	72	0
1527767522.627513000	36.1734	196	0
1527767522.630819000	36.1767	83	1
1527767522.850255000	36.3961	374	1
1527767522.850319000	36.3962	241	1
1527767522.870363000	36.4162	67	0
1527767522.954193000	36.5	213	0
1527767522.954196000	36.5	128	0
1527767522.957891000	36.5037	86	1
1527767522.958229000	36.5041	72	0
1527767522.958231000	36.5041	121	0
1527767522.961882000	36.5077	83	1
1527767523.250139000	36.796	373	1
1527767523.250209000	36.7961	241	1
1527767523.271505000	36.8174	67	0
1527767523.430833000	36.9767	236	0
1527767523.430836000	36.9767	128	0
1527767523.434908000	36.9808	86	1
1527767523.436250000	36.9821	72	0
1527767523.436707000	36.9826	200	0
1527767523.439885000	36.9857	83	1
1527767523.495062000	37.0409	376	1
1527767523.495140000	37.041	238	1
1527767523.515741000	37.0616	67	0
1527767523.654816000	37.2007	315	0
1527767523.654818000	37.2007	128	0
1527767523.658854000	37.2047	72	0
1527767523.658917000	37.2048	86	1
1527767523.659458000	37.2053	102	0
1527767523.662883000	37.2087	83	1
1527767523.915123000	37.461	377	1
1527767523.915218000	37.4611	241	1
1527767523.935961000	37.4818	67	0
1527767524.079651000	37.6255	238	0
1527767524.079749000	37.6256	128	0
1527767524.083899000	37.6297	86	1
1527767524.084249000	37.6301	72	0
1527767524.084624000	37.6305	289	0
1527767524.087890000	37.6337	83	1
1527767524.334712000	37.8806	978	1
1527767524.334792000	37.8806	247	1
1527767524.355892000	37.9017	67	0
1527767524.509547000	38.0554	240	0
1527767524.509677000	38.0555	128	0
1527767524.512927000	38.0588	86	1
1527767524.514439000	38.0603	72	0
1527767524.514513000	38.0604	140	0
1527767524.517910000	38.0638	83	1
1527767524.585190000	38.131	568	1
1527767524.585288000	38.1311	241	1
1527767524.604850000	38.1507	67	0
1527767524.776690000	38.3225	213	0
1527767524.776801000	38.3226	128	0
1527767524.780918000	38.3268	86	1
1527767524.781375000	38.3272	72	0
1527767524.781839000	38.3277	171	0
1527767524.784930000	38.3308	83	1
1527767524.795002000	38.3408	778	1
1527767524.795075000	38.3409	242	1
1527767524.814716000	38.3606	67	0
1527767524.900644000	38.4465	254	0
1527767524.901594000	38.4474	128	0
1527767524.903776000	38.4496	72	0
1527767524.903999000	38.4498	89	1
1527767524.904585000	38.4504	268	0
1527767524.907962000	38.4538	80	1
1527767526.298062000	39.8439	372	1
1527767526.298133000	39.844	242	1
1527767526.318996000	39.8648	67	0
1527767526.460657000	40.0065	236	0
1527767526.460827000	40.0067	128	0
1527767526.465086000	40.0109	72	0
1527767526.465157000	40.011	86	1
1527767526.465180000	40.011	296	0
1527767526.469038000	40.0149	83	1
1527767526.518944000	40.0648	373	1
1527767526.519045000	40.0649	241	1
1527767526.539466000	40.0853	67	0
1527767526.687297000	40.2331	282	0
1527767526.687661000	40.2335	369	0
1527767526.691149000	40.237	86	1
1527767526.727135000	40.273	372	1
1527767526.727232000	40.2731	240	1
1527767526.746928000	40.2928	67	0
1527767526.824540000	40.3704	213	0
1527767526.824542000	40.3704	128	0
1527767526.828131000	40.374	86	1
1527767526.828522000	40.3744	72	0
1527767526.828524000	40.3744	211	0
1527767526.832110000	40.378	83	1
1527767526.955119000	40.501	377	1
1527767526.955216000	40.5011	237	1
1527767526.974631000	40.5205	67	0
1527767527.058652000	40.6045	216	0
1527767527.058654000	40.6045	128	0
1527767527.062125000	40.608	86	1
1527767527.063078000	40.6089	72	0
1527767527.064416000	40.6103	310	0
1527767527.067125000	40.613	83	1
1527767527.295434000	40.8413	378	1
1527767527.295498000	40.8413	239	1
1527767527.315752000	40.8616	67	0
1527767527.467109000	41.013	236	0
1527767527.467112000	41.013	128	0
1527767527.471167000	41.017	86	1
1527767527.472514000	41.0184	72	0
1527767527.472516000	41.0184	171	0
1527767527.476143000	41.022	83	1
1527767527.696329000	41.2422	373	1
1527767527.696398000	41.2422	239	1
1527767527.716324000	41.2622	67	0
1527767527.802462000	41.3483	220	0
1527767527.802585000	41.3484	128	0
1527767527.806106000	41.352	86	1
1527767527.806865000	41.3527	72	0
1527767527.806955000	41.3528	201	0
1527767527.810159000	41.356	83	1
1527767528.126455000	41.6723	375	1
1527767528.126547000	41.6724	242	1
1527767528.146613000	41.6925	67	0
1527767528.151209000	41.6971	67	0
1527767528.297600000	41.8434	236	0
1527767528.297601000	41.8434	128	0
1527767528.301215000	41.8471	89	1
1527767528.302844000	41.8487	72	0
1527767528.302929000	41.8488	133	0
1527767528.306197000	41.852	83	1
1527767528.546475000	42.0923	377	1
1527767528.546544000	42.0924	244	1
1527767528.568296000	42.1141	67	0
1527767528.717113000	42.263	259	0
1527767528.717119000	42.263	128	0
1527767528.721235000	42.2671	86	1
1527767528.722044000	42.2679	72	0
1527767528.722533000	42.2684	312	0
1527767528.726216000	42.2721	83	1
1527767528.803295000	42.3491	372	1
1527767528.803367000	42.3492	237	1
1527767528.823330000	42.3692	67	0
1527767528.982474000	42.5283	213	0
1527767528.982477000	42.5283	128	0
1527767528.986200000	42.532	72	0
1527767528.986311000	42.5322	86	1
1527767528.986702000	42.5325	228	0
1527767528.990230000	42.5361	83	1
1527767529.033395000	42.5792	976	1
1527767529.033485000	42.5793	238	1
1527767529.053814000	42.5997	67	0
1527767529.135809000	42.6817	213	0
1527767529.135811000	42.6817	128	0
1527767529.139819000	42.6857	72	0
1527767529.139822000	42.6857	194	0
1527767529.140346000	42.6862	92	1
1527767529.256242000	42.8021	568	1
1527767529.256338000	42.8022	237	1
1527767529.276016000	42.8219	67	0
1527767529.380641000	42.9265	340	0
1527767529.380644000	42.9265	128	0
1527767529.384273000	42.9301	86	1
1527767529.385961000	42.9318	72	0
1527767529.386874000	42.9327	274	0
1527767529.389184000	42.935	83	1
1527767529.595831000	43.1417	775	1
1527767529.595924000	43.1418	239	1
1527767529.616343000	43.1622	67	0
1527767529.714545000	43.2604	235	0
1527767529.714547000	43.2604	128	0
1527767529.718296000	43.2641	86	1
1527767529.718711000	43.2646	72	0
1527767529.719017000	43.2649	274	0
1527767529.722261000	43.2681	83	1
1527767530.026325000	43.5722	375	1
1527767530.026416000	43.5723	240	1
1527767530.046093000	43.5919	67	0
1527767530.050216000	43.5961	67	0
1527767530.137411000	43.6833	219	0
1527767530.137527000	43.6834	128	0
1527767530.141262000	43.6871	89	1
1527767530.143264000	43.6891	72	0
1527767530.143266000	43.6891	142	0
1527767530.147236000	43.6931	83	1
1527767530.323547000	43.8694	374	1
1527767530.323616000	43.8695	239	1
1527767530.344268000	43.8901	67	0
1527767530.494494000	44.0403	235	0
1527767530.494497000	44.0403	128	0
1527767530.497763000	44.0436	72	0
1527767530.498216000	44.0441	124	0
1527767530.498339000	44.0442	89	1
1527767530.502340000	44.0482	80	1
1527767530.784923000	44.3308	376	1
1527767530.785014000	44.3309	245	1
1527767530.806193000	44.352	67	0
1527767530.896870000	44.4427	258	0
1527767530.896873000	44.4427	128	0
1527767530.900803000	44.4466	72	0
1527767530.900805000	44.4467	316	0
1527767530.901353000	44.4472	92	1
1527767531.204484000	44.7503	375	1
1527767531.204583000	44.7504	238	1
1527767531.225566000	44.7714	67	0
1527767531.379635000	44.9255	235	0
1527767531.379637000	44.9255	128	0
1527767531.383388000	44.9292	86	1
1527767531.383807000	44.9297	72	0
1527767531.384828000	44.9307	268	0
1527767531.387368000	44.9332	83	1
1527767531.935936000	45.4818	375	1
1527767531.936029000	45.4819	239	1
1527767531.958215000	45.5041	67	0
1527767532.114087000	45.6599	281	0
1527767532.114317000	45.6602	128	0
1527767532.117641000	45.6635	72	0
1527767532.117644000	45.6635	285	0
1527767532.118342000	45.6642	92	1
1527767532.244540000	45.7904	376	1
1527767532.244624000	45.7905	241	1
1527767532.265724000	45.8116	67	0
1527767532.274178000	45.82	67	0
1527767532.352255000	45.8981	236	0
1527767532.352256000	45.8981	128	0
1527767532.356392000	45.9022	72	0
1527767532.356394000	45.9022	104	0
1527767532.356504000	45.9023	89	1
1527767532.360422000	45.9063	83	1
1527767532.506461000	46.0523	377	1
1527767532.506528000	46.0524	237	1
1527767532.526258000	46.0721	67	0
1527767532.664020000	46.2099	213	0
1527767532.664317000	46.2102	128	0
1527767532.668470000	46.2143	86	1
1527767532.668860000	46.2147	72	0
1527767532.669354000	46.2152	301	0
1527767532.672531000	46.2184	83	1
1527767532.844652000	46.3905	373	1
1527767532.844743000	46.3906	241	1
1527767532.865419000	46.4113	67	0
1527767533.016261000	46.5621	215	0
1527767533.016264000	46.5621	128	0
1527767533.020432000	46.5663	86	1
1527767533.022426000	46.5683	72	0
1527767533.023312000	46.5692	100	0
1527767533.026471000	46.5723	83	1
1527767533.301333000	46.8472	378	1
1527767533.301418000	46.8473	244	1
1527767533.321116000	46.867	67	0
1527767533.464607000	47.0105	240	0
1527767533.464609000	47.0105	128	0
1527767533.468520000	47.0144	86	1
1527767533.468829000	47.0147	72	0
1527767533.468831000	47.0147	315	0
1527767533.472498000	47.0183	83	1
1527767533.764850000	47.3107	973	1
1527767533.764912000	47.3108	244	1
1527767533.785219000	47.3311	67	0
1527767533.923679000	47.4695	213	0
1527767533.923682000	47.4695	128	0
1527767533.926073000	47.4719	72	0
1527767533.926454000	47.4723	116	0
1527767533.927444000	47.4733	92	1
1527767534.195932000	47.7418	567	1
1527767534.196013000	47.7419	244	1
1527767534.216456000	47.7623	67	0
1527767534.307588000	47.8534	284	0
1527767534.307765000	47.8536	128	0
1527767534.311494000	47.8573	86	1
1527767534.311501000	47.8573	72	0
1527767534.311583000	47.8574	225	0
1527767534.315505000	47.8614	83	1
1527767534.446740000	47.9926	779	1
1527767534.446835000	47.9927	242	1
1527767534.467820000	48.0137	67	0
1527767534.622985000	48.1688	215	0
1527767534.623102000	48.1689	128	0
1527767534.626523000	48.1724	86	1
1527767534.627174000	48.173	72	0
1527767534.627269000	48.1731	178	0
1527767534.630588000	48.1764	83	1
1527767534.947342000	48.4932	377	1
1527767534.947433000	48.4933	246	1
1527767534.968171000	48.514	67	0
1527767535.121825000	48.6677	213	0
1527767535.121828000	48.6677	128	0
1527767535.125307000	48.6712	72	0
1527767535.125606000	48.6715	89	1
1527767535.125896000	48.6717	309	0
1527767535.129581000	48.6754	80	1
1527767535.425292000	48.9711	377	1
1527767535.425381000	48.9712	243	1
1527767535.446856000	48.9927	67	0
1527767535.540606000	49.0865	337	0
1527767535.540608000	49.0865	128	0
1527767535.544634000	49.0905	86	1
1527767535.544650000	49.0905	72	0
1527767535.544735000	49.0906	251	0
1527767535.548668000	49.0945	83	1
1527767535.825237000	49.3711	372	1
1527767535.825329000	49.3712	237	1
1527767535.845447000	49.3913	67	0
1527767535.850899000	49.3967	67	0
1527767535.988870000	49.5347	238	0
1527767535.989280000	49.5351	128	0
1527767535.992654000	49.5385	89	1
1527767535.993082000	49.5389	72	0
1527767535.993084000	49.5389	76	0
1527767535.996631000	49.5425	83	1
1527767536.075004000	49.6209	377	1
1527767536.075088000	49.6209	239	1
1527767536.096351000	49.6422	67	0
1527767536.187117000	49.733	219	0
1527767536.187243000	49.7331	128	0
1527767536.190587000	49.7364	86	1
1527767536.191210000	49.7371	72	0
1527767536.191671000	49.7375	293	0
1527767536.194582000	49.7404	83	1
1527767536.315940000	49.8618	374	1
1527767536.316015000	49.8619	242	1
1527767536.336153000	49.882	67	0
1527767536.498335000	50.0442	238	0
1527767536.498337000	50.0442	128	0
1527767536.501573000	50.0474	72	0
1527767536.502399000	50.0482	141	0
1527767536.502946000	50.0488	92	1
1527767536.664950000	50.2108	377	1
1527767536.665013000	50.2109	240	1
1527767536.685119000	50.231	67	0
1527767536.688751000	50.2346	67	0
1527767536.765940000	50.3118	257	0
1527767536.766240000	50.3121	128	0
1527767536.769232000	50.3151	72	0
1527767536.769630000	50.3155	92	1
1527767536.770416000	50.3163	127	0
1527767536.773677000	50.3195	80	1
1527767536.875033000	50.4209	373	1
1527767536.875096000	50.4209	242	1
1527767536.895472000	50.4413	67	0
1527767537.034615000	50.5805	215	0
1527767537.034617000	50.5805	128	0
1527767537.037711000	50.5836	72	0
1527767537.037820000	50.5837	166	0
1527767537.038624000	50.5845	92	1
1527767537.326402000	50.8722	377	1
1527767537.326490000	50.8723	248	1
1527767537.346621000	50.8925	67	0
1527767537.351358000	50.8972	67	0
1527767537.552420000	51.0983	307	0
1527767537.552422000	51.0983	128	0
1527767537.556717000	51.1026	89	1
1527767537.560809000	51.1067	72	0
1527767537.560811000	51.1067	271	0
1527767537.564723000	51.1106	83	1
1527767537.778138000	51.324	977	1
1527767537.778220000	51.3241	238	1
1527767537.815827000	51.3617	977	1
1527767537.823418000	51.3693	67	0
1527767537.835538000	51.3814	67	0
1527767537.907144000	51.453	215	0
1527767537.907266000	51.4531	128	0
1527767537.910768000	51.4566	89	1
1527767537.915234000	51.4611	72	0
1527767537.915315000	51.4612	316	0
1527767537.918859000	51.4647	83	1
1527767538.201210000	51.7471	569	1
1527767538.201295000	51.7471	243	1
1527767538.221494000	51.7673	67	0
1527767538.363135000	51.909	235	0
1527767538.363138000	51.909	128	0
1527767538.366577000	51.9124	72	0
1527767538.366844000	51.9127	89	1
1527767538.367246000	51.9131	145	0
1527767538.370767000	51.9166	80	1
1527767538.621386000	52.1672	777	1
1527767538.621449000	52.1673	242	1
1527767538.641544000	52.1874	67	0
1527767538.755314000	52.3012	213	0
1527767538.755673000	52.3015	128	0
1527767538.759570000	52.3054	72	0
1527767538.759687000	52.3055	241	0
1527767538.759904000	52.3057	92	1
1527767538.931122000	52.477	373	1
1527767538.931197000	52.477	239	1
1527767538.952255000	52.4981	67	0
1527767539.037440000	52.5833	216	0
1527767539.037552000	52.5834	128	0
1527767539.041088000	52.5869	72	0
1527767539.041090000	52.5869	185	0
1527767539.041735000	52.5876	92	1
1527767539.371151000	52.917	372	1
1527767539.371246000	52.9171	243	1
1527767539.391235000	52.9371	67	0
1527767539.400854000	52.9467	67	0
1527767539.560130000	53.106	238	0
1527767539.560245000	53.1061	128	0
1527767539.563858000	53.1097	89	1
1527767539.564301000	53.1101	72	0
1527767539.564303000	53.1101	273	0
1527767539.567796000	53.1136	83	1
1527767539.786495000	53.3323	378	1
1527767539.786562000	53.3324	244	1
1527767539.805935000	53.3518	67	0
1527767539.908864000	53.4547	259	0
1527767539.908866000	53.4547	128	0
1527767539.912874000	53.4587	86	1
1527767539.915186000	53.461	72	0
1527767539.915264000	53.4611	102	0
1527767539.918863000	53.4647	83	1
1527767540.053505000	53.5994	372	1
1527767540.053584000	53.5994	238	1
1527767540.074110000	53.62	67	0
1527767540.156501000	53.7023	213	0
1527767540.156620000	53.7025	128	0
1527767540.160862000	53.7067	86	1
1527767540.161552000	53.7074	72	0
1527767540.162057000	53.7079	129	0
1527767540.164906000	53.7108	83	1
1527767540.358042000	53.9039	373	1
1527767540.358137000	53.904	244	1
1527767540.378127000	53.924	67	0
1527767540.384390000	53.9302	67	0
1527767540.471860000	54.0177	235	0
1527767540.471866000	54.0177	128	0
1527767540.475551000	54.0214	72	0
1527767540.475826000	54.0217	92	1
1527767540.476176000	54.022	288	0
1527767540.479883000	54.0257	80	1
1527767540.786041000	54.3319	376	1
1527767540.786139000	54.332	237	1
1527767540.805614000	54.3515	67	0
1527767540.886638000	54.4325	314	0
1527767540.886640000	54.4325	128	0
1527767540.890343000	54.4362	72	0
1527767540.890759000	54.4366	142	0
1527767540.890949000	54.4368	92	1
1527767541.195198000	54.741	372	1
1527767541.195294000	54.7411	242	1
1527767541.216615000	54.7625	67	0
1527767541.322780000	54.8686	258	0
1527767541.323368000	54.8692	128	0
1527767541.326183000	54.872	72	0
1527767541.326185000	54.872	247	0
1527767541.326944000	54.8728	92	1
1527767541.504955000	55.0508	375	1
1527767541.505022000	55.0509	239	1
1527767541.527773000	55.0736	67	0
1527767541.664227000	55.2101	217	0
1527767541.664229000	55.2101	128	0
1527767541.667942000	55.2138	86	1
1527767541.668332000	55.2142	72	0
1527767541.668334000	55.2142	134	0
1527767541.671904000	55.2178	83	1
1527767541.935531000	55.4814	373	1
1527767541.935631000	55.4815	244	1
1527767541.955831000	55.5017	67	0
1527767542.055272000	55.6011	215	0
1527767542.055276000	55.6011	128	0
1527767542.058945000	55.6048	86	1
1527767542.059838000	55.6057	72	0
1527767542.060297000	55.6061	229	0
1527767542.063916000	55.6098	83	1
1527767542.376181000	55.922	978	1
1527767542.376259000	55.9221	245	1
1527767542.397722000	55.9436	67	0
1527767542.477672000	56.0235	278	0
1527767542.477674000	56.0235	128	0
1527767542.481960000	56.0278	86	1
1527767542.483057000	56.0289	72	0
1527767542.483149000	56.029	253	0
1527767542.486953000	56.0328	83	1
1527767542.650651000	56.1965	549	1
1527767542.650741000	56.1966	1392	1
1527767542.650774000	56.1966	1392	1
1527767542.650811000	56.1967	1392	1
1527767542.650851000	56.1967	1035	1
1527767542.672126000	56.218	67	0
1527767542.742249000	56.2881	371	0
1527767542.746003000	56.2918	83	1
1527767542.749381000	56.2952	60	0
1527767542.752991000	56.2988	80	1
1527767542.816865000	56.3627	778	1
1527767542.817029000	56.3629	240	1
1527767542.837654000	56.3835	67	0
1527767542.933931000	56.4798	284	0
1527767542.934255000	56.4801	128	0
1527767542.938001000	56.4838	86	1
1527767542.938098000	56.4839	72	0
1527767542.938196000	56.484	77	0
1527767542.941991000	56.4878	83	1
1527767543.294379000	56.8402	378	1
1527767543.294441000	56.8403	243	1
1527767543.314457000	56.8603	67	0
1527767543.396107000	56.942	235	0
1527767543.396109000	56.942	128	0
1527767543.400080000	56.9459	86	1
1527767543.400617000	56.9465	72	0
1527767543.400619000	56.9465	190	0
1527767543.404055000	56.9499	83	1
1527767543.532368000	57.0782	376	1
1527767543.532446000	57.0783	241	1
1527767543.552629000	57.0985	67	0
1527767543.635037000	57.1809	213	0
1527767543.635039000	57.1809	128	0
1527767543.638488000	57.1843	72	0
1527767543.638490000	57.1843	137	0
1527767543.639012000	57.1849	92	1
1527767543.853608000	57.3995	373	1
1527767543.853669000	57.3995	239	1
1527767543.874856000	57.4207	67	0
1527767543.982095000	57.5279	220	0
1527767543.982215000	57.5281	128	0
1527767543.986051000	57.5319	86	1
1527767543.986944000	57.5328	72	0
1527767543.987380000	57.5332	175	0
1527767543.991037000	57.5369	83	1
1527767544.188286000	57.7341	374	1
1527767544.188370000	57.7342	243	1
1527767544.208569000	57.7544	67	0
1527767544.288053000	57.8339	238	0
1527767544.288056000	57.8339	128	0
1527767544.291743000	57.8376	72	0
1527767544.291745000	57.8376	126	0
1527767544.292035000	57.8379	92	1
1527767544.501409000	58.0473	374	1
1527767544.501498000	58.0473	241	1
1527767544.522605000	58.0685	67	0
1527767544.677138000	58.223	259	0
1527767544.677141000	58.223	128	0
1527767544.681170000	58.227	86	1
1527767544.682093000	58.2279	72	0
1527767544.682603000	58.2284	170	0
1527767544.686085000	58.2319	83	1
1527767544.912461000	58.4583	377	1
1527767544.912557000	58.4584	246	1
1527767544.932111000	58.478	67	0
1527767545.023759000	58.5696	213	0
1527767545.024049000	58.5699	128	0
1527767545.028170000	58.574	86	1
1527767545.030596000	58.5764	72	0
1527767545.030674000	58.5765	130	0
1527767545.034144000	58.58	83	1
1527767545.215582000	58.7614	373	1
1527767545.215666000	58.7615	246	1
1527767545.236215000	58.7821	67	0
1527767545.333520000	58.8794	235	0
1527767545.333624000	58.8795	128	0
1527767545.336808000	58.8827	72	0
1527767545.337115000	58.883	89	1
1527767545.337401000	58.8832	184	0
1527767545.341098000	58.8869	80	1
1527767545.445803000	58.9916	372	1
1527767545.445898000	58.9917	243	1
1527767545.465916000	59.0118	67	0
1527767545.548930000	59.0948	315	0
1527767545.548933000	59.0948	128	0
1527767545.552612000	59.0985	72	0
1527767545.552707000	59.0986	204	0
1527767545.553138000	59.099	92	1
1527767545.665903000	59.2117	373	1
1527767545.665967000	59.2118	245	1
1527767545.685856000	59.2317	67	0
1527767545.767505000	59.3134	238	0
1527767545.767628000	59.3135	128	0
1527767545.771214000	59.3171	86	1
1527767545.771669000	59.3175	72	0
1527767545.771671000	59.3175	80	0
1527767545.775238000	59.3211	83	1
1527767545.964864000	59.5107	978	1
1527767545.964957000	59.5108	242	1
1527767545.986233000	59.5321	67	0
1527767546.066866000	59.6127	217	0
1527767546.066868000	59.6127	128	0
1527767546.071229000	59.6171	86	1
1527767546.071851000	59.6177	72	0
1527767546.071854000	59.6177	178	0
1527767546.075211000	59.6211	83	1
1527767546.386827000	59.9327	572	1
1527767546.386890000	59.9327	245	1
1527767546.411659000	59.9575	67	0
1527767546.505837000	60.0517	235	0
1527767546.505840000	60.0517	128	0
1527767546.509655000	60.0555	72	0
1527767546.509657000	60.0555	83	0
1527767546.510189000	60.056	92	1
1527767546.729271000	60.2751	773	1
1527767546.729362000	60.2752	241	1
1527767546.749277000	60.2951	67	0
1527767546.830284000	60.3761	257	0
1527767546.830401000	60.3762	128	0
1527767546.834187000	60.38	86	1
1527767546.835020000	60.3809	72	0
1527767546.835101000	60.3809	115	0
1527767546.838275000	60.3841	83	1
1527767546.941731000	60.4876	377	1
1527767546.941814000	60.4877	243	1
1527767546.962233000	60.5081	67	0
1527767547.060573000	60.6064	213	0
1527767547.060576000	60.6064	128	0
1527767547.064319000	60.6102	86	1
1527767547.064674000	60.6105	72	0
1527767547.065000000	60.6108	178	0
1527767547.068278000	60.6141	83	1
1527767547.210597000	60.7564	373	1
1527767547.210692000	60.7565	243	1
1527767547.230517000	60.7764	67	0
1527767547.309426000	60.8553	236	0
1527767547.309428000	60.8553	128	0
1527767547.312603000	60.8584	72	0
1527767547.313096000	60.8589	229	0
1527767547.313251000	60.8591	92	1
1527767547.470721000	61.0166	372	1
1527767547.470820000	61.0167	243	1
1527767547.490022000	61.0359	67	0
1527767547.579800000	61.1256	284	0
1527767547.579803000	61.1256	128	0
1527767547.583359000	61.1292	86	1
1527767547.583367000	61.1292	72	0
1527767547.583822000	61.1297	137	0
1527767547.587299000	61.1331	83	1
1527767547.707079000	61.2529	377	1
1527767547.707162000	61.253	241	1
1527767547.727638000	61.2735	67	0
1527767547.808671000	61.3545	213	0
1527767547.808673000	61.3545	128	0
1527767547.811946000	61.3578	72	0
1527767547.811948000	61.3578	172	0
1527767547.812229000	61.3581	92	1
1527767548.157735000	61.7036	373	1
1527767548.157827000	61.7037	246	1
1527767548.177384000	61.7232	67	0
1527767548.288892000	61.8347	235	0
1527767548.289005000	61.8349	128	0
1527767548.292303000	61.8381	86	1
1527767548.292651000	61.8385	72	0
1527767548.292745000	61.8386	238	0
1527767548.296291000	61.8421	83	1
1527767548.388028000	61.9339	376	1
1527767548.388108000	61.934	244	1
1527767548.409257000	61.9551	67	0
1527767548.489849000	62.0357	217	0
1527767548.489852000	62.0357	128	0
1527767548.493369000	62.0392	86	1
1527767548.493720000	62.0396	72	0
1527767548.493722000	62.0396	247	0
1527767548.497350000	62.0432	83	1
1527767548.710657000	62.2565	376	1
1527767548.710736000	62.2566	239	1
1527767548.739802000	62.2856	67	0
1527767548.849241000	62.3951	212	0
1527767548.849245000	62.3951	128	0
1527767548.852863000	62.3987	72	0
1527767548.853215000	62.3991	117	0
1527767548.853470000	62.3993	92	1
1527767549.097654000	62.6435	371	1
1527767549.097743000	62.6436	241	1
1527767549.117788000	62.6636	67	0
1527767549.195368000	62.7412	259	0
1527767549.195370000	62.7412	128	0
1527767549.199413000	62.7453	86	1
1527767549.199672000	62.7455	72	0
1527767549.199674000	62.7455	320	0
1527767549.203388000	62.7492	83	1
1527767549.446404000	62.9922	373	1
1527767549.446504000	62.9924	239	1
1527767549.466166000	63.012	67	0
1527767549.562647000	63.1085	236	0
1527767549.562650000	63.1085	128	0
1527767549.566441000	63.1123	86	1
1527767549.566848000	63.1127	72	0
1527767549.566946000	63.1128	127	0
1527767549.570407000	63.1163	83	1
1527767549.906853000	63.4527	976	1
1527767549.906918000	63.4528	247	1
1527767549.928755000	63.4746	67	0
1527767550.012331000	63.5582	216	0
1527767550.012338000	63.5582	128	0
1527767550.016473000	63.5623	86	1
1527767550.016491000	63.5623	72	0
1527767550.016579000	63.5624	197	0
1527767550.020372000	63.5662	83	1
1527767550.348859000	63.8947	573	1
1527767550.348923000	63.8948	245	1
1527767550.368653000	63.9145	67	0
1527767550.478860000	64.0247	341	0
1527767550.478862000	64.0247	128	0
1527767550.482432000	64.0283	86	1
1527767550.482617000	64.0285	72	0
1527767550.483056000	64.0289	154	0
1527767550.486480000	64.0323	83	1
1527767550.620103000	64.1659	779	1
1527767550.620186000	64.166	242	1
1527767550.645614000	64.1915	67	0
1527767550.656623000	64.2025	67	0
1527767550.731442000	64.2773	236	0
1527767550.731815000	64.2777	128	0
1527767550.735495000	64.2813	89	1
1527767550.735956000	64.2818	72	0
1527767550.735958000	64.2818	240	0
1527767550.739480000	64.2853	83	1
1527767550.900920000	64.4468	372	1
1527767550.900996000	64.4468	241	1
1527767550.921363000	64.4672	67	0
1527767551.010353000	64.5562	216	0
1527767551.010355000	64.5562	128	0
1527767551.014595000	64.5604	86	1
1527767551.015685000	64.5615	72	0
1527767551.015687000	64.5615	307	0
1527767551.019495000	64.5653	83	1
1527767551.309826000	64.8557	376	1
1527767551.309920000	64.8558	246	1
1527767551.330055000	64.8759	67	0
1527767551.411336000	64.9572	238	0
1527767551.411339000	64.9572	128	0
1527767551.414870000	64.9607	72	0
1527767551.414954000	64.9608	122	0
1527767551.415489000	64.9613	92	1
1527767551.720515000	65.2664	377	1
1527767551.720583000	65.2664	249	1
1527767551.741146000	65.287	67	0
1527767551.842525000	65.3884	255	0
1527767551.842528000	65.3884	128	0
1527767551.846277000	65.3921	72	0
1527767551.846501000	65.3923	89	1
1527767551.846805000	65.3927	131	0
1527767551.850555000	65.3964	80	1
1527767552.174185000	65.72	376	1
1527767552.174276000	65.7201	240	1
1527767552.195267000	65.7411	67	0
1527767552.288137000	65.834	236	0
1527767552.288139000	65.834	128	0
1527767552.291446000	65.8373	72	0
1527767552.291646000	65.8375	89	1
1527767552.291957000	65.8378	231	0
1527767552.295495000	65.8413	80	1
1527767552.454574000	66.0004	373	1
1527767552.454642000	66.0005	239	1
1527767552.474944000	66.0208	67	0
1527767552.554518000	66.1004	213	0
1527767552.554520000	66.1004	128	0
1527767552.558564000	66.1044	86	1
1527767552.559607000	66.1055	72	0
1527767552.559742000	66.1056	230	0
1527767552.563529000	66.1094	83	1
1527767552.745312000	66.2912	377	1
1527767552.745399000	66.2912	244	1
1527767552.768236000	66.3141	67	0
1527767552.853266000	66.3991	282	0
1527767552.853269000	66.3991	128	0
1527767552.857552000	66.4034	86	1
1527767552.857891000	66.4037	72	0
1527767552.858303000	66.4041	316	0
1527767552.861601000	66.4074	83	1
1527767553.035874000	66.5817	377	1
1527767553.035969000	66.5818	243	1
1527767553.056759000	66.6026	67	0
1527767553.136605000	66.6825	215	0
1527767553.136708000	66.6826	128	0
1527767553.140032000	66.6859	72	0
1527767553.140401000	66.6862	79	0
1527767553.140551000	66.6864	92	1
1527767553.348115000	66.894	373	1
1527767553.348194000	66.894	247	1
1527767553.368285000	66.9141	67	0
1527767553.448183000	66.994	235	0
1527767553.448186000	66.994	128	0
1527767553.452149000	66.998	72	0
1527767553.452233000	66.9981	91	0
1527767553.452647000	66.9985	92	1
1527767553.625339000	67.1712	972	1
1527767553.625423000	67.1713	244	1
1527767553.642464000	67.1883	70	0
1527767553.646111000	67.192	67	0
1527767553.646704000	67.1925	83	1
1527767553.650166000	67.196	67	0
1527767553.726387000	67.2722	219	0
1527767553.726678000	67.2725	128	0
1527767553.730477000	67.2763	72	0
1527767553.730584000	67.2764	86	1
1527767553.730755000	67.2766	130	0
1527767553.734654000	67.2805	83	1
1527767554.028604000	67.5745	374	1
1527767554.028700000	67.5745	244	1
1527767554.049104000	67.5949	67	0
1527767554.153924000	67.6998	215	0
1527767554.153927000	67.6998	128	0
1527767554.157471000	67.7033	72	0
1527767554.157750000	67.7036	89	1
1527767554.158076000	67.7039	197	0
1527767554.161671000	67.7075	80	1
1527767554.305118000	67.851	568	1
1527767554.305212000	67.8511	242	1
1527767554.325180000	67.871	67	0
1527767554.405861000	67.9517	282	0
1527767554.405863000	67.9517	128	0
1527767554.409702000	67.9555	86	1
1527767554.410066000	67.9559	72	0
1527767554.410068000	67.9559	168	0
1527767554.413685000	67.9595	83	1
1527767554.775952000	68.3218	774	1
1527767554.776031000	68.3219	244	1
1527767554.796404000	68.3422	67	0
1527767554.875395000	68.4212	215	0
1527767554.875398000	68.4212	128	0
1527767554.879186000	68.425	72	0
1527767554.879266000	68.4251	71	0
1527767554.879661000	68.4255	92	1
1527767555.024956000	68.5708	373	1
1527767555.025045000	68.5709	243	1
1527767555.046035000	68.5919	67	0
1527767555.146601000	68.6924	213	0
1527767555.146605000	68.6925	128	0
1527767555.150747000	68.6966	86	1
1527767555.151384000	68.6972	72	0
1527767555.151386000	68.6972	275	0
1527767555.154728000	68.7006	83	1
1527767555.235713000	68.7816	376	1
1527767555.235797000	68.7816	239	1
1527767555.255237000	68.8011	67	0
1527767555.260582000	68.8064	67	0
1527767555.340555000	68.8864	340	0
1527767555.340557000	68.8864	128	0
1527767555.342868000	68.8887	72	0
1527767555.342870000	68.8887	85	0
1527767555.344707000	68.8906	95	1
1527767555.413127000	68.959	355	1
1527767555.413228000	68.9591	1392	1
1527767555.413268000	68.9591	1392	1
1527767555.413299000	68.9591	1392	1
1527767555.413332000	68.9592	106	1
1527767555.435045000	68.9809	67	0
1527767555.513174000	69.059	374	0
1527767555.516780000	69.0626	83	1
1527767555.523600000	69.0694	60	0
1527767555.527756000	69.0736	80	1
1527767555.595906000	69.1418	378	1
1527767555.596005000	69.1419	241	1
1527767555.615893000	69.1617	67	0
1527767555.696373000	69.2422	236	0
1527767555.696376000	69.2422	128	0
1527767555.700803000	69.2466	86	1
1527767555.702288000	69.2481	72	0
1527767555.702290000	69.2481	158	0
1527767555.705761000	69.2516	83	1
1527767555.858776000	69.4046	372	1
1527767555.858870000	69.4047	241	1
1527767555.878751000	69.4246	67	0
1527767555.883677000	69.4295	67	0
1527767555.963684000	69.5095	255	0
1527767555.963838000	69.5097	128	0
1527767555.966147000	69.512	72	0
1527767555.966241000	69.5121	297	0
1527767555.967734000	69.5136	95	1
1527767556.277496000	69.8233	376	1
1527767556.277562000	69.8234	248	1
1527767556.297645000	69.8435	67	0
1527767556.376248000	69.9221	236	0
1527767556.376367000	69.9222	128	0
1527767556.379661000	69.9255	72	0
1527767556.379757000	69.9256	117	0
1527767556.379805000	69.9257	86	1
1527767556.383755000	69.9296	83	1
1527767556.695822000	70.2417	376	1
1527767556.695909000	70.2418	246	1
1527767556.715247000	70.2611	67	0
1527767556.797400000	70.3432	215	0
1527767556.797403000	70.3432	128	0
1527767556.800414000	70.3463	72	0
1527767556.800765000	70.3466	285	0
1527767556.801777000	70.3476	92	1
1527767557.158145000	70.704	377	1
1527767557.158207000	70.7041	245	1
1527767557.177957000	70.7238	67	0
1527767557.183320000	70.7292	67	0
1527767557.258764000	70.8046	307	0
1527767557.258767000	70.8046	128	0
1527767557.262811000	70.8087	72	0
1527767557.262903000	70.8087	89	1
1527767557.263254000	70.8091	202	0
1527767557.266799000	70.8126	83	1
1527767557.389653000	70.9355	978	1
1527767557.389750000	70.9356	244	1
1527767557.410385000	70.9562	67	0
1527767557.490930000	71.0368	213	0
1527767557.491016000	71.0369	128	0
1527767557.494684000	71.0405	72	0
1527767557.494768000	71.0406	238	0
1527767557.494967000	71.0408	92	1
1527767557.840113000	71.386	572	1
1527767557.840209000	71.3861	251	1
1527767557.860327000	71.4062	67	0
1527767557.939400000	71.4852	212	0
1527767557.939403000	71.4852	128	0
1527767557.942696000	71.4885	72	0
1527767557.942975000	71.4888	89	1
1527767557.943307000	71.4892	72	0
1527767557.946909000	71.4928	80	1
1527767558.088261000	71.6341	773	1
1527767558.088337000	71.6342	241	1
1527767558.108349000	71.6542	67	0
1527767558.192363000	71.7382	217	0
1527767558.192366000	71.7382	128	0
1527767558.195911000	71.7418	86	1
1527767558.196620000	71.7425	72	0
1527767558.197066000	71.7429	217	0
1527767558.199899000	71.7457	83	1
1527767558.309143000	71.855	376	1
1527767558.309212000	71.8551	243	1
1527767558.330038000	71.8759	67	0
1527767558.414353000	71.9602	288	1
1527767558.414457000	71.9603	1392	1
1527767558.414485000	71.9603	1392	1
1527767558.414522000	71.9604	1392	1
1527767558.414553000	71.9604	1392	1
1527767558.414596000	71.9604	1392	1
1527767558.414639000	71.9605	1392	1
1527767558.414677000	71.9605	1392	1
1527767558.414725000	71.9606	1392	1
1527767558.414766000	71.9606	1392	1
1527767558.414800000	71.9606	1392	1
1527767558.414886000	71.9607	1392	1
1527767558.414925000	71.9608	1392	1
1527767558.414958000	71.9608	1392	1
1527767558.414992000	71.9608	131	1
1527767558.417317000	71.9632	236	0
1527767558.417319000	71.9632	128	0
1527767558.420913000	71.9668	86	1
1527767558.421853000	71.9677	72	0
1527767558.421855000	71.9677	224	0
1527767558.425904000	71.9718	83	1
1527767558.435767000	71.9816	67	0
1527767558.439686000	71.9855	67	0
1527767558.538997000	72.0848	391	1
1527767558.539073000	72.0849	241	1
1527767558.559441000	72.1053	363	0
1527767558.562836000	72.1087	80	1
1527767558.567764000	72.1136	60	0
1527767558.571861000	72.1177	80	1
1527767558.642480000	72.1883	271	0
1527767558.642592000	72.1884	128	0
1527767558.645872000	72.1917	83	1
1527767558.646837000	72.1927	72	0
1527767558.647115000	72.193	278	0
1527767558.650886000	72.1967	83	1
1527767558.790424000	72.3363	374	1
1527767558.790508000	72.3364	244	1
1527767558.810328000	72.3562	67	0
1527767558.889793000	72.4356	317	0
1527767558.889794000	72.4356	128	0
1527767558.893867000	72.4397	72	0
1527767558.893949000	72.4398	86	1
1527767558.893963000	72.4398	169	0
1527767558.897952000	72.4438	83	1
1527767559.109517000	72.6554	373	1
1527767559.109597000	72.6554	246	1
1527767559.130708000	72.6766	67	0
1527767559.218365000	72.7642	215	0
1527767559.218368000	72.7642	128	0
1527767559.221714000	72.7676	72	0
1527767559.221990000	72.7678	89	1
1527767559.222326000	72.7682	105	0
1527767559.225908000	72.7718	80	1
1527767559.350109000	72.896	377	1
1527767559.350200000	72.896	241	1
1527767559.366782000	72.9126	80	0
1527767559.370910000	72.9168	80	1
1527767559.470689000	73.0165	240	0
1527767559.470691000	73.0165	128	0
1527767559.474149000	73.02	72	0
1527767559.474588000	73.0204	169	0
1527767559.475021000	73.0209	89	1
1527767559.682381000	73.2282	375	1
1527767559.682454000	73.2283	240	1
1527767559.703346000	73.2492	67	0
1527767559.779847000	73.3257	236	0
1527767559.779850000	73.3257	128	0
1527767559.782990000	73.3288	72	0
1527767559.783526000	73.3294	269	0
1527767559.784118000	73.33	92	1
1527767560.191148000	73.737	372	1
1527767560.191216000	73.7371	243	1
1527767560.216905000	73.7628	67	0
1527767560.226200000	73.772	67	0
1527767560.315844000	73.8617	280	0
1527767560.315846000	73.8617	128	0
1527767560.319854000	73.8657	72	0
1527767560.320084000	73.8659	92	1
1527767560.320363000	73.8662	157	0
1527767560.323974000	73.8698	80	1
1527767560.529766000	74.0756	377	1
1527767560.529828000	74.0757	245	1
1527767560.549348000	74.0952	67	0
1527767560.628481000	74.1743	215	0
1527767560.628484000	74.1743	128	0
1527767560.631810000	74.1777	72	0
1527767560.632091000	74.1779	89	1
1527767560.632154000	74.178	88	0
1527767560.636044000	74.1819	80	1
1527767560.998328000	74.5442	373	1
1527767560.998419000	74.5443	240	1
1527767561.020506000	74.5664	67	0
1527767561.104999000	74.6508	215	0
1527767561.105228000	74.6511	128	0
1527767561.109087000	74.6549	86	1
1527767561.110064000	74.6559	72	0
1527767561.110157000	74.656	244	0
1527767561.114013000	74.6599	83	1
1527767562.690743000	76.2366	977	1
1527767562.690807000	76.2367	244	1
1527767562.712833000	76.2587	67	0
1527767562.811078000	76.3569	305	0
1527767562.811080000	76.3569	128	0
1527767562.814717000	76.3606	72	0
1527767562.815222000	76.3611	230	0
1527767562.815303000	76.3611	89	1
1527767562.819332000	76.3652	80	1
1527767562.920813000	76.4667	568	1
1527767562.920898000	76.4667	243	1
1527767562.941776000	76.4876	67	0
1527767563.021612000	76.5675	213	0
1527767563.021744000	76.5676	128	0
1527767563.024956000	76.5708	72	0
1527767563.025041000	76.5709	236	0
1527767563.025429000	76.5713	92	1
1527767563.139435000	76.6853	773	1
1527767563.139497000	76.6853	240	1
1527767563.159919000	76.7058	67	0
1527767563.243639000	76.7895	235	0
1527767563.243642000	76.7895	128	0
1527767563.247463000	76.7933	86	1
1527767563.249357000	76.7952	72	0
1527767563.249359000	76.7952	97	0
1527767563.253398000	76.7992	83	1
1527767563.361709000	76.9076	376	1
1527767563.361773000	76.9076	246	1
1527767563.381052000	76.9269	67	0
1527767563.464113000	77.01	217	0
1527767563.464226000	77.0101	128	0
1527767563.476351000	77.0222	86	1
1527767563.579915000	77.1258	72	0
1527767563.580348000	77.1262	296	0
1527767563.583353000	77.1292	83	1
1527767563.811943000	77.3578	372	1
1527767563.812042000	77.3579	246	1
1527767563.832739000	77.3786	67	0
1527767563.916477000	77.4623	216	0
1527767563.916479000	77.4623	128	0
1527767563.919274000	77.4651	72	0
1527767563.919374000	77.4652	320	0
1527767563.920368000	77.4662	92	1
1527767564.231766000	77.7776	374	1
1527767564.231828000	77.7777	245	1
1527767564.251774000	77.7976	67	0
1527767564.385433000	77.9313	239	0
1527767564.385542000	77.9314	128	0
1527767564.388799000	77.9346	72	0
1527767564.389262000	77.9351	239	0
1527767564.389525000	77.9354	92	1
1527767564.603110000	78.149	379	1
1527767564.603176000	78.149	242	1
1527767564.623161000	78.169	67	0
1527767564.705808000	78.2517	215	0
1527767564.705810000	78.2517	128	0
1527767564.709114000	78.255	72	0
1527767564.709422000	78.2553	89	1
1527767564.709596000	78.2554	298	0
1527767564.713554000	78.2594	80	1
1527767565.015077000	78.5609	374	1
1527767565.015155000	78.561	246	1
1527767565.034661000	78.5805	67	0
1527767565.117048000	78.6629	259	0
1527767565.117050000	78.6629	128	0
1527767565.120517000	78.6664	86	1
1527767565.122188000	78.668	72	0
1527767565.122190000	78.668	132	0
1527767565.125497000	78.6713	83	1
1527767565.454838000	79.0007	373	1
1527767565.454901000	79.0007	245	1
1527767565.475120000	79.021	67	0
1527767565.565108000	79.111	338	0
1527767565.565111000	79.111	128	0
1527767565.569492000	79.1153	72	0
1527767565.569596000	79.1154	86	1
1527767565.569611000	79.1155	119	0
1527767565.573523000	79.1194	83	1
1527767565.732900000	79.2787	376	1
1527767565.732995000	79.2788	239	1
1527767565.752625000	79.2985	67	0
1527767565.757796000	79.3036	67	0
1527767565.837775000	79.3836	215	0
1527767565.838486000	79.3843	128	0
1527767565.841504000	79.3874	89	1
1527767565.843491000	79.3893	72	0
1527767565.844005000	79.3899	303	0
1527767565.847697000	79.3935	83	1
1527767566.082422000	79.6283	378	1
1527767566.082520000	79.6284	245	1
1527767566.106627000	79.6525	67	0
1527767566.187793000	79.7336	217	0
1527767566.187795000	79.7336	128	0
1527767566.191504000	79.7373	86	1
1527767566.195166000	79.741	72	0
1527767566.195633000	79.7415	194	0
1527767566.198497000	79.7443	83	1
1527767566.333817000	79.8797	373	1
1527767566.333879000	79.8797	242	1
1527767566.353428000	79.8993	67	0
1527767566.437490000	79.9833	261	0
1527767566.437493000	79.9833	128	0
1527767566.441100000	79.9869	72	0
1527767566.441102000	79.9869	72	0
1527767566.441608000	79.9875	92	1
1527767566.723870000	80.2697	978	1
1527767566.723935000	80.2698	243	1
1527767566.744715000	80.2906	67	0
1527767566.845762000	80.3916	255	0
1527767566.845765000	80.3916	128	0
1527767566.849100000	80.3949	72	0
1527767566.849102000	80.3949	232	0
1527767566.849624000	80.3955	92	1
1527767567.168774000	80.7146	568	1
1527767567.168854000	80.7147	245	1
1527767567.189184000	80.735	67	0
1527767567.272397000	80.8182	238	0
1527767567.272399000	80.8182	128	0
1527767567.275145000	80.821	72	0
1527767567.275147000	80.821	132	0
1527767567.276720000	80.8226	92	1
1527767567.404775000	80.9506	778	1
1527767567.404863000	80.9507	240	1
1527767567.429375000	80.9752	67	0
1527767567.505316000	81.0512	213	0
1527767567.505430000	81.0513	128	0
1527767567.508704000	81.0545	72	0
1527767567.508818000	81.0547	169	0
1527767567.509592000	81.0554	92	1
1527767567.644834000	81.1907	376	1
1527767567.644910000	81.1908	248	1
1527767567.664877000	81.2107	67	0
1527767567.742370000	81.2882	282	0
1527767567.742373000	81.2882	128	0
1527767567.746668000	81.2925	86	1
1527767567.747005000	81.2929	72	0
1527767567.747007000	81.2929	281	0
1527767567.750656000	81.2965	83	1
1527767567.875887000	81.4217	373	1
1527767567.875966000	81.4218	242	1
1527767567.897349000	81.4432	67	0
1527767567.981862000	81.5277	213	0
1527767567.981865000	81.5277	128	0
1527767567.985680000	81.5315	86	1
1527767567.986501000	81.5323	72	0
1527767567.986937000	81.5328	258	0
1527767567.990662000	81.5365	83	1
1527767568.097906000	81.6438	376	1
1527767568.097999000	81.6438	247	1
1527767568.119813000	81.6657	67	0
1527767568.207509000	81.7534	212	0
1527767568.207630000	81.7535	128	0
1527767568.211645000	81.7575	72	0
1527767568.211728000	81.7576	86	1
1527767568.211749000	81.7576	68	0
1527767568.215636000	81.7615	83	1
1527767568.406348000	81.9522	372	1
1527767568.406427000	81.9523	240	1
1527767568.426027000	81.9719	67	0
1527767568.532327000	82.0782	242	0
1527767568.532447000	82.0783	128	0
1527767568.536223000	82.0821	72	0
1527767568.536333000	82.0822	111	0
1527767568.536812000	82.0827	92	1
1527767568.738052000	82.2839	374	1
1527767568.738148000	82.284	243	1
1527767568.757908000	82.3038	67	0
1527767568.839452000	82.3853	213	0
1527767568.839454000	82.3853	128	0
1527767568.843573000	82.3894	72	0
1527767568.843575000	82.3894	141	0
1527767568.843691000	82.3895	86	1
1527767568.847773000	82.3936	83	1
1527767568.955757000	82.5016	373	1
1527767568.955824000	82.5017	239	1
1527767568.975802000	82.5216	67	0
1527767568.981096000	82.5269	67	0
1527767569.056456000	82.6023	213	0
1527767569.056459000	82.6023	128	0
1527767569.059702000	82.6055	72	0
1527767569.060212000	82.6061	152	0
1527767569.060776000	82.6066	95	1
1527767569.196849000	82.7427	373	1
1527767569.196927000	82.7428	245	1
1527767569.217168000	82.763	67	0
1527767569.322696000	82.8685	236	0
1527767569.322699000	82.8685	128	0
1527767569.325909000	82.8718	72	0
1527767569.326435000	82.8723	216	0
1527767569.326682000	82.8725	92	1
1527767569.497066000	83.0429	377	1
1527767569.497157000	83.043	245	1
1527767569.517084000	83.0629	67	0
1527767569.597240000	83.1431	262	0
1527767569.597242000	83.1431	128	0
1527767569.600792000	83.1466	86	1
1527767569.601166000	83.147	72	0
1527767569.601168000	83.147	143	0
1527767569.604756000	83.1506	83	1
1527767569.937329000	83.4832	374	1
1527767569.937391000	83.4832	245	1
1527767569.956857000	83.5027	67	0
1527767570.056032000	83.6019	317	0
1527767570.056153000	83.602	128	0
1527767570.059257000	83.6051	72	0
1527767570.059348000	83.6052	227	0
1527767570.059746000	83.6056	92	1
1527767570.377239000	83.9231	974	1
1527767570.377302000	83.9231	245	1
1527767570.399772000	83.9456	67	0
1527767570.481728000	84.0276	238	0
1527767570.481842000	84.0277	128	0
1527767570.485770000	84.0316	86	1
1527767570.486543000	84.0324	72	0
1527767570.486638000	84.0325	76	0
1527767570.490752000	84.0366	83	1
1527767570.649076000	84.1949	573	1
1527767570.649139000	84.195	241	1
1527767570.670308000	84.2162	67	0
1527767570.753704000	84.2996	217	0
1527767570.753813000	84.2997	128	0
1527767570.757804000	84.3036	86	1
1527767570.758287000	84.3041	72	0
1527767570.758382000	84.3042	306	0
1527767570.761753000	84.3076	83	1
1527767570.939070000	84.4849	777	1
1527767570.939134000	84.485	240	1
1527767570.959362000	84.5052	67	0
1527767571.043736000	84.5896	236	0
1527767571.044046000	84.5899	128	0
1527767571.047806000	84.5937	72	0
1527767571.047870000	84.5937	86	1
1527767571.048603000	84.5944	234	0
1527767571.051835000	84.5977	83	1
1527767571.405334000	84.9512	354	1
1527767571.405420000	84.9513	1392	1
1527767571.405448000	84.9513	1392	1
1527767571.405490000	84.9513	1392	1
1527767571.405543000	84.9514	1109	1
1527767571.425199000	84.971	67	0
1527767571.500445000	85.0463	435	0
1527767571.503872000	85.0497	83	1
1527767571.505373000	85.0512	60	0
1527767571.508865000	85.0547	80	1
1527767572.710771000	86.2566	377	1
1527767572.710827000	86.2567	244	1
1527767572.731405000	86.2773	67	0
1527767572.815577000	86.3614	235	0
1527767572.815694000	86.3615	128	0
1527767572.819896000	86.3657	86	1
1527767572.819985000	86.3658	72	0
1527767572.820080000	86.3659	276	0
1527767572.823895000	86.3697	83	1
1527767572.990238000	86.5361	372	1
1527767572.990301000	86.5361	245	1
1527767573.010148000	86.556	67	0
1527767573.094872000	86.6407	282	0
1527767573.095030000	86.6409	128	0
1527767573.098248000	86.6441	72	0
1527767573.098602000	86.6444	92	0
1527767573.099106000	86.645	92	1
1527767573.443536000	86.9894	376	1
1527767573.443628000	86.9895	242	1
1527767573.464162000	87.01	67	0
1527767573.567868000	87.1137	235	0
1527767573.567978000	87.1138	128	0
1527767573.571939000	87.1178	86	1
1527767573.572405000	87.1183	72	0
1527767573.572494000	87.1183	313	0
1527767573.575960000	87.1218	83	1
1527767573.894412000	87.4403	375	1
1527767573.894479000	87.4403	246	1
1527767573.915174000	87.461	67	0
1527767574.015076000	87.5609	216	0
1527767574.015078000	87.5609	128	0
1527767574.018988000	87.5648	86	1
1527767574.019810000	87.5657	72	0
1527767574.019812000	87.5657	189	0
1527767574.023969000	87.5698	83	1
1527767574.306079000	87.8519	378	1
1527767574.306172000	87.852	243	1
1527767574.327345000	87.8732	67	0
1527767574.419617000	87.9655	240	0
1527767574.419620000	87.9655	128	0
1527767574.423013000	87.9689	86	1
1527767574.425438000	87.9713	72	0
1527767574.425440000	87.9713	130	0
1527767574.428993000	87.9748	83	1
1527767574.654613000	88.2005	377	1
1527767574.654702000	88.2005	245	1
1527767574.674397000	88.2202	67	0
1527767574.775032000	88.3209	212	0
1527767574.775035000	88.3209	128	0
1527767574.779073000	88.3249	86	1
1527767574.780017000	88.3259	72	0
1527767574.780019000	88.3259	225	0
1527767574.784080000	88.3299	83	1
1527767574.939263000	88.4851	975	1
1527767574.939325000	88.4852	239	1
1527767574.959453000	88.5053	67	0
1527767575.040479000	88.5863	213	0
1527767575.040482000	88.5863	128	0
1527767575.044087000	88.5899	86	1
1527767575.045066000	88.5909	72	0
1527767575.045525000	88.5914	137	0
1527767575.049053000	88.5949	83	1
1527767575.210353000	88.7562	373	1
1527767575.210416000	88.7563	244	1
1527767575.229899000	88.7757	67	0
1527767575.234736000	88.7806	67	0
1527767575.311518000	88.8574	284	0
1527767575.311596000	88.8574	128	0
1527767575.315049000	88.8609	89	1
1527767575.315965000	88.8618	72	0
1527767575.316469000	88.8623	182	0
1527767575.320083000	88.8659	83	1
1527767575.751250000	89.2971	569	1
1527767575.751319000	89.2972	239	1
1527767575.770853000	89.3167	67	0
1527767575.855273000	89.4011	318	0
1527767575.855275000	89.4011	128	0
1527767575.859118000	89.405	86	1
1527767575.860623000	89.4065	72	0
1527767575.860711000	89.4066	121	0
1527767575.864106000	89.41	83	1
1527767576.611554000	90.1574	775	1
1527767576.611642000	90.1575	245	1
1527767576.631894000	90.1777	67	0
1527767576.713674000	90.2595	238	0
1527767576.713802000	90.2596	128	0
1527767576.716857000	90.2627	72	0
1527767576.717128000	90.263	89	1
1527767576.717224000	90.2631	82	0
1527767576.721163000	90.267	80	1
1527767576.829492000	90.3753	377	1
1527767576.829577000	90.3754	241	1
1527767576.849006000	90.3949	67	0
1527767576.933953000	90.4798	220	0
1527767576.933955000	90.4798	128	0
1527767576.938203000	90.484	86	1
1527767576.938577000	90.4844	72	0
1527767576.938579000	90.4844	196	0
1527767576.942190000	90.488	83	1
1527767577.127768000	90.6736	375	1
1527767577.127846000	90.6737	241	1
1527767577.149154000	90.695	67	0
1527767577.229644000	90.7755	261	0
1527767577.229646000	90.7755	128	0
1527767577.233007000	90.7789	72	0
1527767577.233009000	90.7789	156	0
1527767577.233291000	90.7791	92	1
1527767577.370514000	90.9164	374	1
1527767577.370612000	90.9165	243	1
1527767577.390168000	90.936	67	0
1527767577.474300000	91.0201	213	0
1527767577.474459000	91.0203	128	0
1527767577.478232000	91.0241	86	1
1527767577.478593000	91.0244	72	0
1527767577.478594000	91.0244	311	0
1527767577.482214000	91.0281	83	1
1527767577.616958000	91.1628	373	1
1527767577.617045000	91.1629	241	1
1527767577.637085000	91.1829	67	0
1527767577.656704000	91.2025	67	0
1527767577.786003000	91.3318	212	0
1527767577.786006000	91.3319	128	0
1527767577.789939000	91.3358	72	0
1527767577.790172000	91.336	92	1
1527767577.790185000	91.336	235	0
1527767577.794222000	91.3401	80	1
1527767578.063531000	91.6094	375	1
1527767578.063609000	91.6095	248	1
1527767578.083690000	91.6295	67	0
1527767578.165629000	91.7115	257	0
1527767578.165936000	91.7118	128	0
1527767578.169266000	91.7151	86	1
1527767578.170214000	91.7161	72	0
1527767578.170216000	91.7161	314	0
1527767578.174249000	91.7201	83	1
1527767578.322388000	91.8682	378	1
1527767578.322489000	91.8683	242	1
1527767578.342878000	91.8887	67	0
1527767578.347798000	91.8936	67	0
1527767578.427800000	91.9736	238	0
1527767578.427803000	91.9736	128	0
1527767578.431269000	91.9771	89	1
1527767578.433340000	91.9792	72	0
1527767578.433342000	91.9792	65	0
1527767578.437277000	91.9831	83	1
1527767578.713519000	92.2594	373	1
1527767578.713614000	92.2595	245	1
1527767578.733377000	92.2792	67	0
1527767578.845469000	92.3913	282	0
1527767578.845471000	92.3913	128	0
1527767578.849313000	92.3952	86	1
1527767578.849969000	92.3958	72	0
1527767578.850401000	92.3962	223	0
1527767578.854304000	92.4002	83	1
1527767578.944634000	92.4905	376	1
1527767578.944726000	92.4906	240	1
1527767578.964119000	92.51	67	0
1527767579.044527000	92.5904	213	0
1527767579.044657000	92.5905	128	0
1527767579.048322000	92.5942	86	1
1527767579.048746000	92.5946	72	0
1527767579.049185000	92.595	124	0
1527767579.052232000	92.5981	83	1
1527767579.147563000	92.6934	977	1
1527767579.147627000	92.6935	245	1
1527767579.178500000	92.7243	67	0
1527767579.267732000	92.8136	238	0
1527767579.267734000	92.8136	128	0
1527767579.270216000	92.8161	72	0
1527767579.270618000	92.8165	308	0
1527767579.271232000	92.8171	92	1
1527767579.388483000	92.9343	377	1
1527767579.388615000	92.9345	243	1
1527767579.408400000	92.9542	67	0
1527767579.489290000	93.0351	216	0
1527767579.489586000	93.0354	128	0
1527767579.492931000	93.0388	72	0
1527767579.493334000	93.0392	89	1
1527767579.493786000	93.0396	105	0
1527767579.497348000	93.0432	80	1
1527767579.668721000	93.2146	567	1
1527767579.668784000	93.2146	240	1
1527767579.691445000	93.2373	67	0
1527767579.773051000	93.3189	213	0
1527767579.773053000	93.3189	128	0
1527767579.776778000	93.3226	72	0
1527767579.776780000	93.3226	92	0
1527767579.777293000	93.3231	92	1
1527767580.117699000	93.6635	777	1
1527767580.117764000	93.6636	247	1
1527767580.137689000	93.6835	67	0
1527767580.225783000	93.7716	213	0
1527767580.225786000	93.7716	128	0
1527767580.229435000	93.7753	86	1
1527767580.230141000	93.776	72	0
1527767580.230587000	93.7764	165	0
1527767580.234371000	93.7802	83	1
1527767580.857935000	94.4038	377	1
1527767580.858031000	94.4039	244	1
1527767580.878778000	94.4246	67	0
1527767580.883300000	94.4291	67	0
1527767580.959740000	94.5056	282	0
1527767580.960149000	94.506	128	0
1527767580.963116000	94.509	72	0
1527767580.963374000	94.5092	92	1
1527767580.963622000	94.5095	151	0
1527767580.967378000	94.5132	80	1
1527767581.145860000	94.6917	377	1
1527767581.145936000	94.6918	241	1
1527767581.166072000	94.7119	67	0
1527767581.265493000	94.8113	341	0
1527767581.265603000	94.8114	128	0
1527767581.269387000	94.8152	86	1
1527767581.270862000	94.8167	72	0
1527767581.271301000	94.8171	197	0
1527767581.274536000	94.8204	83	1
1527767581.463577000	95.0094	374	1
1527767581.463652000	95.0095	240	1
1527767581.492954000	95.0388	67	0
1527767581.570817000	95.1167	215	0
1527767581.570819000	95.1167	128	0
1527767581.574450000	95.1203	86	1
1527767581.575857000	95.1217	72	0
1527767581.575859000	95.1217	89	0
1527767581.579501000	95.1253	83	1
1527767583.305063000	96.8509	373	1
1527767583.305161000	96.851	240	1
1527767583.324897000	96.8707	67	0
1527767583.410651000	96.9565	242	0
1527767583.410930000	96.9568	128	0
1527767583.413408000	96.9593	72	0
1527767583.413750000	96.9596	72	0
1527767583.414491000	96.9603	92	1
1527767583.697395000	97.2432	355	1
1527767583.697500000	97.2433	1392	1
1527767583.697541000	97.2434	1392	1
1527767583.697596000	97.2434	1392	1
1527767583.697622000	97.2435	1392	1
1527767583.697661000	97.2435	323	1
1527767583.717118000	97.263	67	0
1527767583.791734000	97.3376	371	0
1527767583.795587000	97.3414	83	1
1527767583.800865000	97.3467	60	0
1527767583.804598000	97.3504	80	1
1527767583.899382000	97.4452	373	1
1527767583.899485000	97.4453	244	1
1527767583.919596000	97.4654	67	0
1527767584.000877000	97.5467	236	0
1527767584.000880000	97.5467	128	0
1527767584.004628000	97.5505	86	1
1527767584.005814000	97.5517	72	0
1527767584.005816000	97.5517	90	0
1527767584.009601000	97.5554	83	1
1527767584.115319000	97.6612	373	1
1527767584.115414000	97.6613	244	1
1527767584.135736000	97.6816	67	0
1527767584.233251000	97.7791	280	0
1527767584.233257000	97.7791	128	0
1527767584.235527000	97.7814	72	0
1527767584.235535000	97.7814	95	0
1527767584.237626000	97.7835	92	1
1527767584.323804000	97.8696	374	1
1527767584.323865000	97.8697	241	1
1527767584.345013000	97.8909	67	0
1527767584.454149000	98	215	0
1527767584.454151000	98	128	0
1527767584.457627000	98.0035	86	1
1527767584.458312000	98.0042	72	0
1527767584.458314000	98.0042	78	0
1527767584.461609000	98.0075	83	1
1527767584.608291000	98.1541	973	1
1527767584.608387000	98.1542	244	1
1527767584.630599000	98.1764	67	0
1527767584.713804000	98.2596	281	0
1527767584.713806000	98.2597	128	0
1527767584.716766000	98.2626	72	0
1527767584.717257000	98.2631	320	0
1527767584.717824000	98.2637	92	1
1527767584.945297000	98.4911	376	1
1527767584.945386000	98.4912	246	1
1527767584.966010000	98.5119	67	0
1527767585.059616000	98.6055	215	0
1527767585.059618000	98.6055	128	0
1527767585.063659000	98.6095	86	1
1527767585.064296000	98.6101	72	0
1527767585.064686000	98.6105	112	0
1527767585.067594000	98.6134	83	1
1527767585.375017000	98.9209	572	1
1527767585.375108000	98.921	249	1
1527767585.397199000	98.943	67	0
1527767585.479397000	99.0252	240	0
1527767585.479400000	99.0252	128	0
1527767585.483619000	99.0295	86	1
1527767585.483889000	99.0297	72	0
1527767585.484343000	99.0302	234	0
1527767585.487603000	99.0334	83	1
1527767585.638055000	99.1839	781	1
1527767585.638151000	99.184	243	1
1527767585.658694000	99.2045	67	0
1527767585.740004000	99.2859	220	0
1527767585.740126000	99.286	128	0
1527767585.743626000	99.2895	86	1
1527767585.743885000	99.2897	72	0
1527767585.744230000	99.2901	287	0
1527767585.747596000	99.2934	83	1
1527767586.057989000	99.6038	374	1
1527767586.058089000	99.6039	246	1
1527767586.079229000	99.6251	67	0
1527767586.083029000	99.6289	67	0
1527767586.157924000	99.7038	212	0
1527767586.158159000	99.704	128	0
1527767586.161723000	99.7076	89	1
1527767586.162657000	99.7085	72	0
1527767586.162659000	99.7085	120	0
1527767586.166709000	99.7126	83	1
1527767586.508111000	100.054	372	1
1527767586.508177000	100.054	246	1
1527767586.528554000	100.074	67	0
1527767586.607331000	100.153	236	0
1527767586.607645000	100.153	128	0
1527767586.610747000	100.157	72	0
1527767586.610861000	100.157	172	0
1527767586.611668000	100.158	92	1
1527767586.756931000	100.303	376	1
1527767586.757026000	100.303	240	1
1527767586.777715000	100.324	67	0
1527767586.781420000	100.327	67	0
1527767586.890283000	100.436	258	0
1527767586.890286000	100.436	128	0
1527767586.893768000	100.44	89	1
1527767586.894705000	100.441	72	0
1527767586.894706000	100.441	143	0
1527767586.898758000	100.445	83	1
1527767586.976794000	100.523	376	1
1527767586.976861000	100.523	244	1
1527767586.997297000	100.543	67	0
1527767587.077212000	100.623	317	0
1527767587.077325000	100.623	128	0
1527767587.080720000	100.627	86	1
1527767587.081622000	100.627	72	0
1527767587.081720000	100.628	123	0
1527767587.085744000	100.632	83	1
1527767587.186838000	100.733	373	1
1527767587.186906000	100.733	240	1
1527767587.208085000	100.754	67	0
1527767587.289580000	100.835	235	0
1527767587.289582000	100.835	128	0
1527767587.293726000	100.84	86	1
1527767587.295620000	100.841	72	0
1527767587.296436000	100.842	155	0
1527767587.299715000	100.846	83	1
1527767587.499196000	101.045	376	1
1527767587.499260000	101.045	242	1
1527767587.519830000	101.066	67	0
1527767587.524008000	101.07	67	0
1527767587.606216000	101.152	217	0
1527767587.606219000	101.152	128	0
1527767587.609812000	101.156	89	1
1527767587.610191000	101.156	72	0
1527767587.610192000	101.156	120	0
1527767587.613810000	101.16	83	1
1527767587.787322000	101.333	373	1
1527767587.787387000	101.333	244	1
1527767587.807754000	101.354	67	0
1527767587.889766000	101.436	213	0
1527767587.889770000	101.436	128	0
1527767587.893811000	101.44	72	0
1527767587.893839000	101.44	86	1
1527767587.893907000	101.44	276	0
1527767587.897822000	101.444	83	1
1527767588.008962000	101.555	372	1
1527767588.009064000	101.555	243	1
1527767588.028400000	101.574	67	0
1527767588.108976000	101.655	212	0
1527767588.108979000	101.655	128	0
1527767588.112744000	101.659	72	0
1527767588.112750000	101.659	159	0
1527767588.112881000	101.659	86	1
1527767588.116822000	101.663	83	1
1527767588.257153000	101.803	972	1
1527767588.257249000	101.803	243	1
1527767588.277303000	101.823	67	0
1527767588.360857000	101.907	259	0
1527767588.360859000	101.907	128	0
1527767588.364843000	101.911	86	1
1527767588.364928000	101.911	72	0
1527767588.365136000	101.911	257	0
1527767588.368829000	101.915	83	1
1527767588.601804000	102.148	373	1
1527767588.601897000	102.148	243	1
1527767588.622181000	102.168	67	0
1527767588.707822000	102.254	255	0
1527767588.707828000	102.254	128	0
1527767588.711872000	102.258	86	1
1527767588.712597000	102.258	72	0
1527767588.712599000	102.258	275	0
1527767588.716858000	102.263	83	1
1527767589.018069000	102.564	568	1
1527767589.018163000	102.564	244	1
1527767589.037967000	102.584	67	0
1527767589.116900000	102.663	213	0
1527767589.117279000	102.663	128	0
1527767589.120176000	102.666	72	0
1527767589.120624000	102.666	129	0
1527767589.121078000	102.667	92	1
1527767589.438395000	102.984	778	1
1527767589.438489000	102.984	247	1
1527767589.459463000	103.005	67	0
1527767589.540408000	103.086	304	0
1527767589.540410000	103.086	128	0
1527767589.543682000	103.09	72	0
1527767589.543905000	103.09	89	1
1527767589.544222000	103.09	175	0
1527767589.547903000	103.094	80	1
1527767589.757400000	103.303	372	1
1527767589.757487000	103.303	244	1
1527767589.778774000	103.325	67	0
1527767589.853960000	103.4	215	0
1527767589.853963000	103.4	128	0
1527767589.857548000	103.403	72	0
1527767589.857876000	103.404	89	1
1527767589.858052000	103.404	286	0
1527767589.861913000	103.408	80	1
1527767590.373919000	103.92	374	1
1527767590.374015000	103.92	244	1
1527767590.393681000	103.94	67	0
1527767590.500202000	104.046	236	0
1527767590.500457000	104.046	128	0
1527767590.503918000	104.05	86	1
1527767590.504673000	104.051	72	0
1527767590.504675000	104.051	245	0
1527767590.507895000	104.054	83	1
1527767590.619298000	104.165	377	1
1527767590.619361000	104.165	243	1
1527767590.639466000	104.185	67	0
1527767590.721800000	104.268	217	0
1527767590.721803000	104.268	128	0
1527767590.725536000	104.271	72	0
1527767590.725539000	104.271	258	0
1527767590.726075000	104.272	92	1
1527767591.240397000	104.786	376	1
1527767591.240493000	104.786	240	1
1527767591.260506000	104.806	67	0
1527767591.347639000	104.893	235	0
1527767591.347642000	104.893	128	0
1527767591.351961000	104.898	86	1
1527767591.352913000	104.899	72	0
1527767591.353332000	104.899	189	0
1527767591.356949000	104.903	83	1
1527767591.560325000	105.106	372	1
1527767591.560398000	105.106	243	1
1527767591.579792000	105.126	67	0
1527767591.679486000	105.225	215	0
1527767591.679488000	105.225	128	0
1527767591.683021000	105.229	86	1
1527767591.683587000	105.229	72	0
1527767591.684048000	105.23	304	0
1527767591.686989000	105.233	83	1
1527767591.718323000	105.264	72	0
1527767591.721980000	105.268	80	1
1527767592.058171000	105.604	374	1
1527767592.058258000	105.604	240	1
1527767592.078632000	105.624	67	0
1527767592.191030000	105.737	262	0
1527767592.191036000	105.737	128	0
1527767592.195077000	105.741	86	1
1527767592.196405000	105.742	72	0
1527767592.196843000	105.743	144	0
1527767592.200078000	105.746	83	1
1527767592.372033000	105.918	378	1
1527767592.372125000	105.918	244	1
1527767592.401502000	105.947	67	0
1527767592.490040000	106.036	338	0
1527767592.490043000	106.036	128	0
1527767592.494087000	106.04	86	1
1527767592.495272000	106.041	72	0
1527767592.495275000	106.041	311	0
1527767592.499086000	106.045	83	1
1527767592.783472000	106.329	377	1
1527767592.783533000	106.329	242	1
1527767592.802879000	106.349	67	0
1527767592.897321000	106.443	213	0
1527767592.897324000	106.443	128	0
1527767592.901115000	106.447	86	1
1527767592.902433000	106.448	72	0
1527767592.902435000	106.448	255	0
1527767592.906091000	106.452	83	1
1527767593.273585000	106.819	976	1
1527767593.273667000	106.82	248	1
1527767593.293265000	106.839	67	0
1527767593.386674000	106.933	240	0
1527767593.386677000	106.933	128	0
1527767593.390148000	106.936	86	1
1527767593.392430000	106.938	72	0
1527767593.392432000	106.938	106	0
1527767593.396124000	106.942	83	1
1527767593.712253000	107.258	372	1
1527767593.712348000	107.258	244	1
1527767593.731744000	107.278	67	0
1527767593.754124000	107.3	67	0
1527767593.865109000	107.411	215	0
1527767593.865115000	107.411	128	0
1527767593.869174000	107.415	89	1
1527767593.869781000	107.416	72	0
1527767593.870108000	107.416	120	0
1527767593.873159000	107.419	83	1
1527767593.942179000	107.488	573	1
1527767593.942276000	107.488	241	1
1527767593.962351000	107.508	67	0
1527767594.048904000	107.595	215	0
1527767594.049021000	107.595	128	0
1527767594.053065000	107.599	72	0
1527767594.053210000	107.599	86	1
1527767594.053538000	107.599	77	0
1527767594.057100000	107.603	83	1
1527767594.216534000	107.762	775	1
1527767594.216628000	107.762	244	1
1527767594.238131000	107.784	67	0
1527767594.344630000	107.89	259	0
1527767594.344632000	107.89	128	0
1527767594.348188000	107.894	86	1
1527767594.350247000	107.896	72	0
1527767594.350670000	107.897	172	0
1527767594.354175000	107.9	83	1
1527767594.485369000	108.031	373	1
1527767594.485465000	108.031	240	1
1527767594.506167000	108.052	67	0
1527767594.590565000	108.136	257	0
1527767594.590685000	108.137	128	0
1527767594.594143000	108.14	86	1
1527767594.594427000	108.14	72	0
1527767594.595465000	108.141	87	0
1527767594.598150000	108.144	83	1
1527767594.694502000	108.24	373	1
1527767594.694586000	108.24	244	1
1527767594.714880000	108.261	67	0
1527767594.812354000	108.358	213	0
1527767594.812473000	108.358	128	0
1527767594.816209000	108.362	86	1
1527767594.816652000	108.362	72	0
1527767594.817122000	108.363	276	0
1527767594.820201000	108.366	83	1
1527767594.913788000	108.46	373	1
1527767594.913884000	108.46	244	1
1527767594.934174000	108.48	67	0
1527767595.021740000	108.568	282	0
1527767595.021743000	108.568	128	0
1527767595.025222000	108.571	86	1
1527767595.026751000	108.573	72	0
1527767595.026753000	108.573	222	0
1527767595.030227000	108.576	83	1
1527767595.244739000	108.791	373	1
1527767595.244834000	108.791	244	1
1527767595.266193000	108.812	67	0
1527767595.352970000	108.899	236	0
1527767595.353041000	108.899	128	0
1527767595.357254000	108.903	86	1
1527767595.358626000	108.904	72	0
1527767595.358629000	108.904	300	0
1527767595.362265000	108.908	83	1
1527767595.513706000	109.06	377	1
1527767595.513805000	109.06	243	1
1527767595.534896000	109.081	67	0
1527767595.618215000	109.164	213	0
1527767595.618322000	109.164	128	0
1527767595.622251000	109.168	86	1
1527767595.622369000	109.168	72	0
1527767595.622371000	109.168	165	0
1527767595.626247000	109.172	83	1
1527767596.168572000	109.714	373	1
1527767596.168655000	109.715	241	1
1527767596.188625000	109.734	67	0
1527767596.326879000	109.873	239	0
1527767596.326881000	109.873	128	0
1527767596.331387000	109.877	86	1
1527767596.332058000	109.878	72	0
1527767596.332613000	109.878	310	0
1527767596.336293000	109.882	83	1
1527767596.404337000	109.95	371	1
1527767596.404433000	109.95	243	1
1527767596.423765000	109.97	67	0
1527767596.508073000	110.054	212	0
1527767596.508075000	110.054	128	0
1527767596.512302000	110.058	86	1
1527767596.512606000	110.058	72	0
1527767596.513016000	110.059	197	0
1527767596.516300000	110.062	83	1
1527767596.903903000	110.45	372	1
1527767596.903969000	110.45	241	1
1527767596.925328000	110.471	67	0
1527767597.036759000	110.583	215	0
1527767597.036763000	110.583	128	0
1527767597.040340000	110.586	86	1
1527767597.040898000	110.587	72	0
1527767597.040989000	110.587	312	0
1527767597.044299000	110.59	83	1
1527767597.116647000	110.662	377	1
1527767597.116708000	110.663	244	1
1527767597.136327000	110.682	67	0
1527767597.240971000	110.787	282	0
1527767597.240974000	110.787	128	0
1527767597.245419000	110.791	86	1
1527767597.245845000	110.792	72	0
1527767597.246302000	110.792	263	0
1527767597.249361000	110.795	83	1
1527767597.325939000	110.872	977	1
1527767597.326040000	110.872	246	1
1527767597.346732000	110.893	67	0
1527767597.457331000	111.003	314	0
1527767597.457445000	111.003	128	0
1527767597.460651000	111.006	72	0
1527767597.460653000	111.006	117	0
1527767597.461278000	111.007	92	1
1527767597.741106000	111.287	571	1
1527767597.741195000	111.287	242	1
1527767597.760861000	111.307	67	0
1527767597.857396000	111.403	213	0
1527767597.857744000	111.404	128	0
1527767597.861392000	111.407	86	1
1527767597.861424000	111.407	72	0
1527767597.861947000	111.408	317	0
1527767597.865333000	111.411	83	1
1527767598.582258000	112.128	776	1
1527767598.582352000	112.128	248	1
1527767598.603601000	112.149	67	0
1527767598.689602000	112.235	240	0
1527767598.689739000	112.236	128	0
1527767598.693387000	112.239	86	1
1527767598.695399000	112.241	72	0
1527767598.695491000	112.241	76	0
1527767598.699376000	112.245	83	1
1527767598.888887000	112.435	377	1
1527767598.888966000	112.435	245	1
1527767598.909681000	112.456	67	0
1527767598.913821000	112.46	67	0
1527767598.995302000	112.541	215	0
1527767598.995430000	112.541	128	0
1527767598.999398000	112.545	89	1
1527767599.001656000	112.548	72	0
1527767599.001736000	112.548	94	0
1527767599.005374000	112.551	83	1
1527767599.366599000	112.912	374	1
1527767599.366689000	112.913	245	1
1527767599.387140000	112.933	67	0
1527767599.485915000	113.032	236	0
1527767599.486054000	113.032	128	0
1527767599.489425000	113.035	86	1
1527767599.491714000	113.038	72	0
1527767599.492121000	113.038	89	0
1527767599.495435000	113.041	83	1
1527767599.610860000	113.157	377	1
1527767599.610955000	113.157	241	1
1527767599.631494000	113.177	67	0
1527767599.720015000	113.266	236	0
1527767599.720296000	113.266	128	0
1527767599.724468000	113.27	72	0
1527767599.724570000	113.27	319	0
1527767599.761141000	113.307	236	0
1527767599.797139000	113.343	95	1
1527767599.797690000	113.344	128	0
1527767599.801481000	113.347	80	1
1527767600.463237000	114.009	373	1
1527767600.463337000	114.009	241	1
1527767600.485437000	114.031	67	0
1527767600.592959000	114.139	280	0
1527767600.593076000	114.139	128	0
1527767600.596466000	114.142	86	1
1527767600.597690000	114.144	72	0
1527767600.598119000	114.144	173	0
1527767600.601474000	114.147	83	1
1527767600.671185000	114.217	374	1
1527767600.671260000	114.217	246	1
1527767600.692586000	114.238	67	0
1527767600.696049000	114.242	67	0
1527767600.782274000	114.328	213	0
1527767600.782276000	114.328	128	0
1527767600.786514000	114.332	89	1
1527767600.786797000	114.333	72	0
1527767600.786893000	114.333	176	0
1527767600.790515000	114.336	83	1
1527767600.922021000	114.468	373	1
1527767600.922098000	114.468	241	1
1527767600.942774000	114.489	67	0
1527767600.946965000	114.493	67	0
1527767601.031213000	114.577	285	0
1527767601.031331000	114.577	128	0
1527767601.035528000	114.581	89	1
1527767601.036161000	114.582	72	0
1527767601.036656000	114.583	225	0
1527767601.039487000	114.585	83	1
1527767601.275030000	114.821	378	1
1527767601.275120000	114.821	250	1
1527767601.295836000	114.842	67	0
1527767601.383257000	114.929	239	0
1527767601.383373000	114.929	128	0
1527767601.387525000	114.933	86	1
1527767601.387604000	114.933	72	0
1527767601.388065000	114.934	226	0
1527767601.391508000	114.937	83	1
1527767601.503481000	115.049	375	1
1527767601.503561000	115.049	241	1
1527767601.523138000	115.069	67	0
1527767601.604826000	115.151	215	0
1527767601.604830000	115.151	128	0
1527767601.609029000	115.155	72	0
1527767601.609481000	115.155	284	0
1527767601.646925000	115.193	215	0
1527767601.648538000	115.194	95	1
1527767601.930014000	115.476	373	1
1527767601.930119000	115.476	246	1
1527767601.950191000	115.496	67	0
1527767602.039722000	115.586	220	0
1527767602.039935000	115.586	128	0
1527767602.042863000	115.589	72	0
1527767602.042864000	115.589	72	0
1527767602.043560000	115.589	92	1
1527767602.385018000	115.931	978	1
1527767602.385113000	115.931	244	1
1527767602.405924000	115.952	67	0
1527767602.491611000	116.037	234	0
1527767602.491614000	116.037	128	0
1527767602.495266000	116.041	72	0
1527767602.495596000	116.041	89	1
1527767602.495628000	116.041	230	0
1527767602.499605000	116.045	80	1
1527767602.703590000	116.249	565	1
1527767602.703648000	116.249	245	1
1527767602.724112000	116.27	67	0
1527767602.808411000	116.354	213	0
1527767602.808413000	116.354	128	0
1527767602.812734000	116.359	86	1
1527767602.813007000	116.359	72	0
1527767602.813088000	116.359	286	0
1527767602.816663000	116.363	83	1
1527767603.125509000	116.671	778	1
