1528091508.730885000	0	296	1
1528091508.756154000	0.025269	87	0
1528091509.045745000	0.31486	301	0
1528091509.047224000	0.316339	1412	0
1528091509.048705000	0.31782	1412	0
1528091509.049643000	0.318758	107	1
1528091509.050141000	0.319256	1412	0
1528091509.051603000	0.320718	1412	0
1528091509.053062000	0.322177	1412	0
1528091509.054514000	0.323629	1412	0
1528091509.055993000	0.325108	292	0
1528091509.057460000	0.326575	677	0
1528091509.059049000	0.328164	1412	0
1528091509.060503000	0.329618	1412	0
1528091509.061234000	0.330349	104	1
1528091509.061937000	0.331052	694	0
1528091509.063513000	0.332628	1412	0
1528091509.065031000	0.334146	1412	0
1528091509.066497000	0.335612	1412	0
1528091509.067539000	0.336654	122	1
1528091509.067912000	0.337027	188	0
1528091509.069400000	0.338515	1199	0
1528091509.070968000	0.340083	1412	0
1528091509.071526000	0.340641	104	1
1528091509.072418000	0.341533	1412	0
1528091509.073875000	0.34299	1412	0
1528091509.075362000	0.344477	188	0
1528091509.076526000	0.345641	104	1
1528091509.076960000	0.346075	1241	0
1528091509.078426000	0.347541	1412	0
1528091509.079850000	0.348965	252	0
1528091509.080521000	0.349636	104	1
1528091509.081437000	0.350552	1412	0
1528091509.082875000	0.35199	802	0
1528091509.084348000	0.353463	1412	0
1528091509.085527000	0.354642	104	1
1528091509.085849000	0.354964	1002	0
1528091509.087517000	0.356632	1412	0
1528091509.088958000	0.358073	1412	0
1528091509.089519000	0.358634	104	1
1528091509.090412000	0.359527	1412	0
1528091509.091873000	0.360988	1412	0
1528091509.093296000	0.362411	276	0
1528091509.094526000	0.363641	104	1
1528091509.094887000	0.364002	1412	0
1528091509.096394000	0.365509	1412	0
1528091509.097855000	0.36697	1412	0
1528091509.098522000	0.367637	104	1
1528091509.099327000	0.368442	1412	0
1528091509.100737000	0.369852	259	0
1528091509.103552000	0.372667	101	1
1528091509.105304000	0.374419	1412	0
1528091509.106766000	0.375881	1412	0
1528091509.108333000	0.377448	1412	0
1528091509.109775000	0.37889	900	0
1528091509.111241000	0.380356	1412	0
1528091509.112010000	0.381125	98	1
1528091509.112697000	0.381812	1412	0
1528091509.114268000	0.383383	1412	0
1528091509.115558000	0.384673	113	1
1528091509.115757000	0.384872	798	0
1528091509.135942000	0.405057	98	1
1528091509.492675000	0.76179	317	1
1528091509.492753000	0.761868	1412	1
1528091509.492776000	0.761891	906	1
1528091509.499316000	0.768431	831	1
1528091509.518616000	0.787731	87	0
1528091509.540850000	0.809965	87	0
1528091509.644588000	0.913703	395	0
1528091509.648595000	0.91771	104	1
1528091509.649790000	0.918905	80	0
1528091509.653554000	0.922669	98	1
1528091509.680397000	0.949512	428	0
1528091509.684585000	0.9537	98	1
1528091509.722777000	0.991892	1412	0
1528091509.724222000	0.993337	1412	0
1528091509.725822000	0.994937	1412	0
1528091509.727245000	0.99636	180	0
1528091509.728726000	0.997841	1412	0
1528091509.730173000	0.999288	1412	0
1528091509.731682000	1.0008	1081	0
1528091509.733112000	1.00223	95	0
1528091509.737694000	1.00681	119	1
1528091509.754998000	1.02411	216	1
1528091509.780024000	1.04914	87	0
1528091509.922777000	1.19189	377	0
1528091509.924239000	1.19335	1115	0
1528091509.926606000	1.19572	104	1
1528091509.926716000	1.19583	92	0
1528091509.928186000	1.1973	312	0
1528091509.930597000	1.19971	101	1
1528091511.427238000	2.69635	242	1
1528091511.455637000	2.72475	87	0
1528091511.602734000	2.87185	252	0
1528091511.604206000	2.87332	1412	0
1528091511.604421000	2.87354	1412	1
1528091511.604475000	2.87359	1412	1
1528091511.604496000	2.87361	508	1
1528091511.604555000	2.87367	843	1
1528091511.605730000	2.87485	996	0
1528091511.607166000	2.87628	92	0
1528091511.608622000	2.87774	113	0
1528091511.608746000	2.87786	104	1
1528091511.612687000	2.8818	98	1
1528091511.630272000	2.89939	87	0
1528091511.654199000	2.92331	534	0
1528091511.655706000	2.92482	159	0
1528091511.657678000	2.92679	104	1
1528091512.486386000	3.7555	772	1
1528091512.486520000	3.75564	1412	1
1528091512.486548000	3.75566	1412	1
1528091512.486590000	3.7557	1412	1
1528091512.486645000	3.75576	1412	1
1528091512.486686000	3.7558	1412	1
1528091512.486740000	3.75586	1412	1
1528091512.486781000	3.7559	1412	1
1528091512.486829000	3.75594	1412	1
1528091512.486873000	3.75599	1412	1
1528091512.486911000	3.75603	1412	1
1528091512.486960000	3.75607	1412	1
1528091512.486984000	3.7561	1412	1
1528091512.487020000	3.75613	1269	1
1528091512.508215000	3.77733	87	0
1528091512.518585000	3.7877	87	0
1528091512.638737000	3.90785	396	0
1528091512.642618000	3.91173	80	0
1528091512.643544000	3.91266	107	1
1528091514.664235000	5.93335	332	1
1528091514.664332000	5.93345	1412	1
1528091514.664368000	5.93348	981	1
1528091514.667148000	5.93626	224	1
1528091514.667220000	5.93634	1412	1
1528091514.667244000	5.93636	1412	1
1528091514.667266000	5.93638	758	1
1528091514.681041000	5.95016	251	1
1528091514.684187000	5.9533	87	0
1528091514.691932000	5.96105	87	0
1528091514.697846000	5.96696	118	1
1528091514.709757000	5.97887	87	0
1528091514.713353000	5.98247	94	0
1528091514.716588000	5.9857	87	0
1528091514.717169000	5.98628	104	1
1528091514.912809000	6.18192	395	0
1528091514.916400000	6.18551	80	0
1528091514.930252000	6.19937	101	1
1528091515.391738000	6.66085	564	0
1528091515.393140000	6.66226	308	0
1528091515.393762000	6.66288	118	1
1528091515.394621000	6.66374	223	0
1528091515.396085000	6.6652	264	1
1528091515.427214000	6.69633	87	0
1528091515.703180000	6.9723	962	0
1528091515.704637000	6.97375	1412	0
1528091515.706146000	6.97526	1412	0
1528091515.707635000	6.97675	1412	0
1528091515.708502000	6.97762	110	1
1528091515.709121000	6.97824	180	0
1528091515.710615000	6.97973	1412	0
1528091515.712068000	6.98118	1356	0
1528091515.713419000	6.98253	104	1
1528091515.713521000	6.98264	1412	0
1528091515.715099000	6.98421	1412	0
1528091515.716555000	6.98567	1412	0
1528091515.717215000	6.98633	104	1
1528091515.717978000	6.98709	188	0
1528091515.719462000	6.98858	1238	0
1528091515.722637000	6.99175	101	1
1528091515.746695000	7.01581	1412	0
1528091515.748137000	7.01725	1412	0
1528091515.749599000	7.01871	1412	0
1528091515.751018000	7.02013	198	0
1528091515.752506000	7.02162	1412	0
1528091515.752595000	7.02171	107	1
1528091515.753969000	7.02308	723	0
1528091515.755499000	7.02461	1412	0
1528091515.756963000	7.02608	1412	0
1528091515.758415000	7.02753	1412	0
1528091515.758914000	7.02803	104	1
1528091515.759844000	7.02896	188	0
1528091515.761328000	7.03044	783	0
1528091515.762859000	7.03197	1412	0
1528091515.764244000	7.03336	1412	0
1528091515.765766000	7.03488	1412	0
1528091515.766215000	7.03533	116	1
1528091515.767215000	7.03633	1084	0
1528091515.768681000	7.0378	1412	0
1528091515.770136000	7.03925	1412	0
1528091515.771214000	7.04033	104	1
1528091515.771587000	7.0407	1412	0
1528091515.773020000	7.04214	190	0
1528091515.774561000	7.04368	1412	0
1528091515.776045000	7.04516	206	0
1528091515.777529000	7.04664	1412	0
1528091515.778987000	7.0481	1412	0
1528091515.780448000	7.04956	1412	0
1528091515.781186000	7.0503	101	1
1528091515.781894000	7.05101	1292	0
1528091515.783356000	7.05247	1412	0
1528091515.784813000	7.05393	1412	0
1528091515.785217000	7.05433	119	1
1528091515.786316000	7.05543	1412	0
1528091515.787745000	7.05686	190	0
1528091515.789218000	7.05833	995	0
1528091515.790219000	7.05933	104	1
1528091515.790680000	7.05979	1412	0
1528091515.792133000	7.06125	1251	0
1528091515.793574000	7.06269	744	0
1528091515.794871000	7.06399	104	1
1528091515.795102000	7.06422	1412	0
1528091515.796561000	7.06568	1327	0
1528091515.798016000	7.06713	1412	0
1528091515.799221000	7.06834	104	1
1528091515.799465000	7.06858	1412	0
1528091515.800899000	7.07001	462	0
1528091515.804468000	7.07358	101	1
1528091518.285048000	9.55416	508	1
1528091518.285123000	9.55424	294	1
1528091518.285715000	9.55483	301	1
1528091518.285776000	9.55489	1412	1
1528091518.285813000	9.55493	1412	1
1528091518.285840000	9.55496	969	1
1528091518.304450000	9.57357	87	0
1528091518.318661000	9.58778	87	0
1528091518.331349000	9.60046	397	1
1528091518.362269000	9.63138	87	0
1528091518.394480000	9.66359	394	0
1528091518.398571000	9.66769	101	1
1528091518.401093000	9.67021	80	0
1528091518.404050000	9.67317	353	0
1528091518.404774000	9.67389	101	1
1528091518.405607000	9.67472	1400	0
1528091518.407046000	9.67616	513	0
1528091518.408501000	9.67762	592	0
1528091518.409560000	9.67867	104	1
1528091518.409957000	9.67907	635	0
1528091518.411408000	9.68052	467	0
1528091518.412869000	9.68198	697	0
1528091518.413530000	9.68265	104	1
1528091518.414380000	9.6835	484	0
1528091518.415948000	9.68506	835	0
1528091518.417407000	9.68652	649	0
1528091518.417606000	9.68672	104	1
1528091518.418854000	9.68797	519	0
1528091518.420304000	9.68942	439	0
1528091518.421764000	9.69088	701	0
1528091518.422531000	9.69165	104	1
1528091518.423219000	9.69233	616	0
1528091518.424669000	9.69378	558	0
1528091518.426177000	9.69529	654	0
1528091518.426539000	9.69565	104	1
1528091518.427632000	9.69675	583	0
1528091518.429087000	9.6982	689	0
1528091518.430526000	9.69964	92	0
1528091518.431565000	9.70068	104	1
1528091518.431982000	9.7011	140	0
1528091518.436290000	9.7054	98	1
1528091518.506531000	9.77565	285	0
1528091518.507963000	9.77708	103	0
1528091518.510331000	9.77945	281	0
1528091518.510890000	9.78	104	1
1528091518.565662000	9.83478	1412	1
1528091518.565702000	9.83482	1412	1
1528091518.565726000	9.83484	299	1
1528091518.565785000	9.8349	843	1
1528091518.591585000	9.8607	87	0
1528091518.612819000	9.88193	506	0
1528091518.614267000	9.88338	213	0
1528091518.616578000	9.88569	104	1
1528091519.345702000	10.6148	998	1
1528091519.345780000	10.6149	94	1
1528091519.366821000	10.6359	87	0
1528091519.511788000	10.7809	282	0
1528091519.513232000	10.7823	366	0
1528091519.515631000	10.7847	104	1
1528091519.515662000	10.7848	184	0
1528091519.519611000	10.7887	98	1
1528091520.019538000	11.2887	472	1
1528091520.019629000	11.2887	109	1
1528091520.029675000	11.2988	301	1
1528091520.032230000	11.3013	474	1
1528091520.032305000	11.3014	87	1
1528091520.039018000	11.3081	87	0
1528091520.048114000	11.3172	87	0
1528091520.053487000	11.3226	87	0
1528091520.061586000	11.3307	87	0
1528091520.127237000	11.3964	307	0
1528091520.128676000	11.3978	151	0
1528091520.130675000	11.3998	113	1
1528091520.133691000	11.4028	92	0
1528091520.135212000	11.4043	143	0
1528091520.137673000	11.4068	101	1
1528091520.177204000	11.4463	347	0
1528091520.178649000	11.4478	237	0
1528091520.180098000	11.4492	140	0
1528091520.180647000	11.4498	104	1
1528091520.181566000	11.4507	103	0
1528091520.183020000	11.4521	92	0
1528091520.184474000	11.4536	106	0
1528091520.185678000	11.4548	104	1
1528091520.185983000	11.4551	92	0
1528091520.187450000	11.4566	339	0
1528091520.189653000	11.4588	101	1
1528091520.806936000	12.0761	390	1
1528091520.807031000	12.0761	261	1
1528091520.827690000	12.0968	87	0
1528091520.854843000	12.124	87	0
1528091521.235007000	12.5041	385	1
1528091521.235149000	12.5043	1412	1
1528091521.235188000	12.5043	1412	1
1528091521.235217000	12.5043	1412	1
1528091521.235254000	12.5044	1412	1
1528091521.235305000	12.5044	1412	1
1528091521.235341000	12.5045	1412	1
1528091521.235385000	12.5045	1412	1
1528091521.235421000	12.5045	1412	1
1528091521.235449000	12.5046	1412	1
1528091521.235487000	12.5046	1412	1
1528091521.235521000	12.5046	1412	1
1528091521.235556000	12.5047	1412	1
1528091521.235595000	12.5047	1412	1
1528091521.235644000	12.5048	1412	1
1528091521.236703000	12.5058	1412	1
1528091521.236745000	12.5059	1412	1
1528091521.236798000	12.5059	1412	1
1528091521.236822000	12.5059	1412	1
1528091521.236858000	12.506	1412	1
1528091521.236912000	12.506	1412	1
1528091521.236936000	12.5061	1412	1
1528091521.236971000	12.5061	1412	1
1528091521.237020000	12.5061	1412	1
1528091521.237043000	12.5062	1412	1
1528091521.238702000	12.5078	1412	1
1528091521.238742000	12.5079	1412	1
1528091521.238776000	12.5079	1412	1
1528091521.238813000	12.5079	1412	1
1528091521.238849000	12.508	1412	1
1528091521.238883000	12.508	1412	1
1528091521.238918000	12.508	1412	1
1528091521.238953000	12.5081	1412	1
1528091521.238987000	12.5081	1412	1
1528091521.240711000	12.5098	751	1
1528091521.265721000	12.5348	87	0
1528091521.294842000	12.564	1412	1
1528091521.296187000	12.5653	87	0
1528091521.297644000	12.5668	100	0
1528091521.300523000	12.5696	87	0
1528091521.301711000	12.5708	109	1
1528091521.330843000	12.6	87	0
1528091521.427820000	12.6969	437	0
1528091521.431745000	12.7009	103	1
1528091521.432676000	12.7018	80	0
1528091521.436718000	12.7058	100	1
1528091521.667974000	12.9371	242	0
1528091521.669411000	12.9385	146	0
1528091521.671338000	12.9405	92	0
1528091521.672799000	12.9419	231	0
1528091521.674744000	12.9439	109	1
1528091521.701496000	12.9706	358	1
1528091521.703490000	12.9726	294	1
1528091521.721089000	12.9902	87	0
1528091521.764828000	13.0339	376	1
1528091521.785975000	13.0551	87	0
1528091521.815754000	13.0849	235	0
1528091521.817197000	13.0863	279	0
1528091521.820392000	13.0895	109	1
1528091521.823129000	13.0922	92	0
1528091521.824584000	13.0937	104	0
1528091521.826986000	13.0961	103	1
1528091521.837437000	13.1066	392	1
1528091521.837509000	13.1066	284	1
1528091521.866155000	13.1353	364	0
1528091521.867598000	13.1367	118	0
1528091521.869762000	13.1389	103	1
1528091521.879010000	13.1481	92	0
1528091521.880463000	13.1496	202	0
1528091521.882788000	13.1519	103	1
1528091521.928065000	13.1972	92	0
1528091521.932780000	13.2019	100	1
1528091521.952014000	13.2211	566	0
1528091521.953462000	13.2226	800	0
1528091521.954951000	13.2241	92	0
1528091521.955758000	13.2249	106	1
1528091521.956430000	13.2255	186	0
1528091521.959788000	13.2289	100	1
1528091522.022647000	13.2918	243	0
1528091522.024108000	13.2932	146	0
1528091522.026800000	13.2959	103	1
1528091522.026815000	13.2959	92	0
1528091522.028285000	13.2974	108	0
1528091522.030760000	13.2999	103	1
1528091522.493381000	13.7625	389	1
1528091522.493474000	13.7626	259	1
1528091522.513292000	13.7824	87	0
1528091522.722312000	13.9914	256	0
1528091522.723697000	13.9928	146	0
1528091522.725875000	13.995	106	1
1528091522.726742000	13.9959	92	0
1528091522.728208000	13.9973	334	0
1528091522.730803000	13.9999	103	1
1528091522.921878000	14.191	471	1
1528091522.921976000	14.1911	266	1
1528091522.942412000	14.2115	87	0
1528091523.144135000	14.4132	279	0
1528091523.145640000	14.4148	146	0
1528091523.147872000	14.417	106	1
1528091523.148646000	14.4178	92	0
1528091523.150104000	14.4192	301	0
1528091523.152844000	14.422	103	1
1528091523.358944000	14.6281	922	1
1528091523.359048000	14.6282	267	1
1528091523.377630000	14.6467	87	0
1528091523.674454000	14.9436	233	0
1528091523.675949000	14.9451	146	0
1528091523.677922000	14.947	106	1
1528091523.680404000	14.9495	92	0
1528091523.681895000	14.951	312	0
1528091523.683942000	14.9531	103	1
1528091523.728724000	14.9978	233	0
1528091523.732928000	15.002	100	1
1528091523.985294000	15.2544	906	1
1528091523.985382000	15.2545	255	1
1528091524.007883000	15.277	87	0
1528091524.174538000	15.4437	256	0
1528091524.176052000	15.4452	146	0
1528091524.178982000	15.4481	106	1
1528091524.179924000	15.449	92	0
1528091524.181426000	15.4505	188	0
1528091524.183969000	15.4531	103	1
1528091524.617521000	15.8866	463	1
1528091524.617586000	15.8867	255	1
1528091524.636215000	15.9053	87	0
1528091524.791683000	16.0608	339	0
1528091524.793178000	16.0623	146	0
1528091524.796018000	16.0651	106	1
1528091524.796089000	16.0652	92	0
1528091524.797633000	16.0667	218	0
1528091524.800002000	16.0691	103	1
1528091524.901344000	16.1705	386	1
1528091524.901439000	16.1706	255	1
1528091524.922498000	16.1916	87	0
1528091525.065352000	16.3345	233	0
1528091525.066806000	16.3359	146	0
1528091525.069008000	16.3381	106	1
1528091525.069684000	16.3388	92	0
1528091525.071198000	16.3403	186	0
1528091525.072999000	16.3421	103	1
1528091525.172407000	16.4415	391	1
1528091525.172473000	16.4416	257	1
1528091525.191290000	16.4604	87	0
1528091525.344375000	16.6135	256	0
1528091525.345861000	16.615	148	0
1528091525.347966000	16.6171	106	1
1528091525.350254000	16.6194	92	0
1528091525.351717000	16.6208	96	0
1528091525.354018000	16.6231	103	1
1528091525.475349000	16.7445	390	1
1528091525.475414000	16.7445	256	1
1528091525.495259000	16.7644	87	0
1528091525.697604000	16.9667	275	0
1528091525.699041000	16.9682	148	0
1528091525.700954000	16.9701	106	1
1528091525.701972000	16.9711	92	0
1528091525.703437000	16.9726	266	0
1528091525.705957000	16.9751	103	1
1528091525.925691000	17.1948	391	1
1528091525.925783000	17.1949	261	1
1528091525.957263000	17.2264	87	0
1528091526.158067000	17.4272	258	0
1528091526.159518000	17.4286	148	0
1528091526.162004000	17.4311	106	1
1528091526.163074000	17.4322	92	0
1528091526.164547000	17.4337	118	0
1528091526.167008000	17.4361	103	1
1528091526.202112000	17.4712	388	1
1528091526.202205000	17.4713	257	1
1528091526.222939000	17.4921	87	0
1528091526.373844000	17.643	354	0
1528091526.375348000	17.6445	148	0
1528091526.378082000	17.6472	106	1
1528091526.378213000	17.6473	92	0
1528091526.379682000	17.6488	90	0
1528091526.382079000	17.6512	103	1
1528091526.470532000	17.7396	388	1
1528091526.470619000	17.7397	259	1
1528091526.512161000	17.7813	388	1
1528091526.525467000	17.7946	87	0
1528091526.530357000	17.7995	87	0
1528091526.728117000	17.9972	233	0
1528091526.729594000	17.9987	148	0
1528091526.732026000	18.0011	109	1
1528091526.733051000	18.0022	92	0
1528091526.734633000	18.0037	239	0
1528091526.737108000	18.0062	103	1
1528091526.778682000	18.0478	92	0
1528091526.782073000	18.0512	100	1
1528091526.892477000	18.1616	390	1
1528091526.892542000	18.1617	258	1
1528091526.923429000	18.1925	87	0
1528091527.119651000	18.3888	258	0
1528091527.121050000	18.3902	148	0
1528091527.123118000	18.3922	106	1
1528091527.124032000	18.3931	92	0
1528091527.125583000	18.3947	150	0
1528091527.128138000	18.3973	103	1
1528091527.308744000	18.5779	471	1
1528091527.308805000	18.5779	259	1
1528091527.331298000	18.6004	87	0
1528091527.530530000	18.7996	233	0
1528091527.531975000	18.8011	148	0
1528091527.534140000	18.8033	106	1
1528091527.534964000	18.8041	92	0
1528091527.536354000	18.8055	278	0
1528091527.539142000	18.8083	103	1
1528091527.644330000	18.9134	386	1
1528091527.644426000	18.9135	259	1
1528091527.663300000	18.9324	87	0
1528091527.864214000	19.1333	236	0
1528091527.865745000	19.1349	148	0
1528091527.868159000	19.1373	106	1
1528091527.874645000	19.1438	92	0
1528091527.876160000	19.1453	228	0
1528091527.878163000	19.1473	103	1
1528091528.100210000	19.3693	920	1
1528091528.100271000	19.3694	261	1
1528091528.121988000	19.3911	87	0
1528091528.425186000	19.6943	258	0
1528091528.426650000	19.6958	148	0
1528091528.429145000	19.6983	106	1
1528091528.430957000	19.7001	92	0
1528091528.432482000	19.7016	254	0
1528091528.435215000	19.7043	103	1
1528091528.477666000	19.7468	92	0
1528091528.481184000	19.7503	100	1
1528091528.578511000	19.8476	902	1
1528091528.578572000	19.8477	259	1
1528091528.621286000	19.8904	87	0
1528091528.634259000	19.9034	87	0
1528091528.770324000	20.0394	235	0
1528091528.771843000	20.041	148	0
1528091528.774213000	20.0433	109	1
1528091528.774728000	20.0438	92	0
1528091528.776229000	20.0453	164	0
1528091528.778234000	20.0473	103	1
1528091529.047733000	20.3168	464	1
1528091529.047805000	20.3169	258	1
1528091529.067730000	20.3368	87	0
1528091529.261589000	20.5307	278	0
1528091529.263054000	20.5322	148	0
1528091529.265159000	20.5343	106	1
1528091529.266029000	20.5351	92	0
1528091529.267491000	20.5366	322	0
1528091529.269158000	20.5383	103	1
1528091529.462920000	20.732	389	1
1528091529.462998000	20.7321	260	1
1528091529.492905000	20.762	87	0
1528091529.643582000	20.9127	233	0
1528091529.645084000	20.9142	148	0
1528091529.647269000	20.9164	106	1
1528091529.649164000	20.9183	92	0
1528091529.650620000	20.9197	146	0
1528091529.653261000	20.9224	103	1
1528091529.883727000	21.1528	387	1
1528091529.883816000	21.1529	261	1
1528091529.902582000	21.1717	87	0
1528091529.913757000	21.1829	87	0
1528091530.102078000	21.3712	258	0
1528091530.103456000	21.3726	148	0
1528091530.106289000	21.3754	109	1
1528091530.109516000	21.3786	92	0
1528091530.110982000	21.3801	253	0
1528091530.113291000	21.3824	103	1
1528091530.236666000	21.5058	388	1
1528091530.236742000	21.5059	260	1
1528091530.256705000	21.5258	87	0
1528091530.411755000	21.6809	339	0
1528091530.413228000	21.6823	148	0
1528091530.415313000	21.6844	106	1
1528091530.417737000	21.6869	92	0
1528091530.419232000	21.6883	281	0
1528091530.421331000	21.6904	103	1
1528091530.540724000	21.8098	387	1
1528091530.540789000	21.8099	258	1
1528091530.559948000	21.8291	87	0
1528091530.760313000	22.0294	233	0
1528091530.761810000	22.0309	148	0
1528091530.764325000	22.0334	106	1
1528091530.764680000	22.0338	92	0
1528091530.766261000	22.0354	196	0
1528091530.768333000	22.0374	103	1
1528091530.896955000	22.1661	387	1
1528091530.897031000	22.1661	260	1
1528091530.915724000	22.1848	87	0
1528091531.067260000	22.3364	233	0
1528091531.068660000	22.3378	148	0
1528091531.071373000	22.3405	106	1
1528091531.073105000	22.3422	92	0
1528091531.074566000	22.3437	261	0
1528091531.077352000	22.3465	103	1
1528091531.118820000	22.3879	387	1
1528091531.118884000	22.388	258	1
1528091531.159672000	22.4288	87	0
1528091531.297747000	22.5669	298	0
1528091531.299229000	22.5683	148	0
1528091531.301368000	22.5705	106	1
1528091531.302164000	22.5713	92	0
1528091531.303551000	22.5727	322	0
1528091531.306358000	22.5755	103	1
1528091531.553671000	22.8228	391	1
1528091531.553763000	22.8229	264	1
1528091531.580565000	22.8497	87	0
1528091531.726761000	22.9959	235	0
1528091531.728169000	22.9973	148	0
1528091531.730383000	22.9995	106	1
1528091531.731170000	23.0003	92	0
1528091531.732623000	23.0017	136	0
1528091531.735402000	23.0045	103	1
1528091531.979503000	23.2486	369	1
1528091531.979599000	23.2487	1412	1
1528091531.979637000	23.2488	1412	1
1528091531.979689000	23.2488	1412	1
1528091531.979711000	23.2488	1361	1
1528091532.001687000	23.2708	401	1
1528091532.001778000	23.2709	260	1
1528091532.001938000	23.2711	87	0
1528091532.032696000	23.3018	87	0
1528091532.092501000	23.3616	414	0
1528091532.096436000	23.3656	106	1
1528091532.098277000	23.3674	80	0
1528091532.102397000	23.3715	100	1
1528091532.172666000	23.4418	361	0
1528091532.174149000	23.4433	148	0
1528091532.176404000	23.4455	103	1
1528091532.177145000	23.4463	92	0
1528091532.178652000	23.4478	201	0
1528091532.181403000	23.4505	103	1
1528091532.323924000	23.593	389	1
1528091532.324015000	23.5931	315	1
1528091532.356844000	23.626	87	0
1528091532.495729000	23.7648	235	0
1528091532.497174000	23.7663	148	0
1528091532.499368000	23.7685	106	1
1528091532.500110000	23.7692	92	0
1528091532.501571000	23.7707	190	0
1528091532.503369000	23.7725	103	1
1528091532.808747000	24.0779	924	1
1528091532.808837000	24.078	377	1
1528091532.828646000	24.0978	87	0
1528091532.974433000	24.2435	236	0
1528091532.975942000	24.2451	148	0
1528091532.978385000	24.2475	106	1
1528091532.978876000	24.248	92	0
1528091532.980335000	24.2494	128	0
1528091532.982405000	24.2515	103	1
1528091533.244699000	24.5138	903	1
1528091533.244784000	24.5139	315	1
1528091533.267577000	24.5367	87	0
1528091533.493317000	24.7624	258	0
1528091533.494832000	24.7639	148	0
1528091533.497485000	24.7666	106	1
1528091533.498480000	24.7676	92	0
1528091533.500007000	24.7691	250	0
1528091533.502486000	24.7716	103	1
1528091537.293542000	28.5627	468	1
1528091537.293638000	28.5628	257	1
1528091537.325608000	28.5947	87	0
1528091537.470036000	28.7392	258	0
1528091537.471490000	28.7406	148	0
1528091537.473901000	28.743	106	1
1528091537.474347000	28.7435	92	0
1528091537.475886000	28.745	202	0
1528091537.477843000	28.747	103	1
1528091537.526277000	28.7954	391	1
1528091537.526367000	28.7955	258	1
1528091537.546821000	28.8159	87	0
1528091537.685594000	28.9547	256	0
1528091537.687054000	28.9562	148	0
1528091537.689951000	28.9591	106	1
1528091537.689965000	28.9591	92	0
1528091537.691495000	28.9606	176	0
1528091537.693900000	28.963	103	1
1528091537.952739000	29.2219	387	1
1528091537.952814000	29.2219	258	1
1528091537.976999000	29.2461	87	0
1528091538.178409000	29.4475	259	0
1528091538.179860000	29.449	148	0
1528091538.181948000	29.4511	106	1
1528091538.182756000	29.4519	92	0
1528091538.184256000	29.4534	303	0
1528091538.186952000	29.4561	103	1
1528091538.311174000	29.5803	391	1
1528091538.311266000	29.5804	259	1
1528091538.330445000	29.5996	87	0
1528091538.476888000	29.746	233	0
1528091538.478399000	29.7475	148	0
1528091538.480957000	29.7501	106	1
1528091538.482796000	29.7519	92	0
1528091538.484249000	29.7534	109	0
1528091538.486958000	29.7561	103	1
1528091538.555138000	29.8243	387	1
1528091538.555233000	29.8243	257	1
1528091538.598057000	29.8672	387	1
1528091538.602469000	29.8716	87	0
1528091538.606107000	29.8752	87	0
1528091538.623239000	29.8924	87	0
1528091538.800280000	30.0694	341	0
1528091538.801809000	30.0709	148	0
1528091538.803974000	30.0731	112	1
1528091538.804797000	30.0739	92	0
1528091538.806260000	30.0754	147	0
1528091538.808966000	30.0781	103	1
1528091539.020500000	30.2896	387	1
1528091539.020558000	30.2897	258	1
1528091539.043496000	30.3126	87	0
1528091539.183907000	30.453	258	0
1528091539.185413000	30.4545	148	0
1528091539.187926000	30.457	106	1
1528091539.188350000	30.4575	92	0
1528091539.189809000	30.4589	132	0
1528091539.191934000	30.461	103	1
1528091539.460149000	30.7293	390	1
1528091539.460223000	30.7293	260	1
1528091539.477998000	30.7471	87	0
1528091539.688697000	30.9578	236	0
1528091539.690156000	30.9593	148	0
1528091539.692958000	30.9621	106	1
1528091539.693067000	30.9622	92	0
1528091539.694532000	30.9636	302	0
1528091539.696994000	30.9661	103	1
1528091539.868414000	31.1375	389	1
1528091539.868478000	31.1376	258	1
1528091539.887321000	31.1564	87	0
1528091539.893277000	31.1624	87	0
1528091540.030967000	31.3001	275	0
1528091540.032410000	31.3015	148	0
1528091540.035042000	31.3042	109	1
1528091540.037453000	31.3066	92	0
1528091540.038966000	31.3081	87	0
1528091540.041069000	31.3102	103	1
1528091540.358686000	31.6278	387	1
1528091540.358761000	31.6279	258	1
1528091540.376539000	31.6457	87	0
1528091540.382037000	31.6512	87	0
1528091540.573049000	31.8422	256	0
1528091540.574575000	31.8437	148	0
1528091540.577085000	31.8462	109	1
1528091540.577736000	31.8469	92	0
1528091540.579252000	31.8484	151	0
1528091540.581074000	31.8502	103	1
1528091540.602117000	31.8712	468	1
1528091540.602188000	31.8713	257	1
1528091540.622195000	31.8913	87	0
1528091540.824606000	32.0937	233	0
1528091540.826160000	32.0953	148	0
1528091540.828037000	32.0972	106	1
1528091540.829099000	32.0982	92	0
1528091540.830631000	32.0997	331	0
1528091540.833115000	32.1022	103	1
1528091540.876488000	32.1456	919	1
1528091540.876576000	32.1457	260	1
1528091540.898341000	32.1675	87	0
1528091541.051582000	32.3207	232	0
1528091541.053026000	32.3221	148	0
1528091541.055028000	32.3241	106	1
1528091541.055938000	32.3251	92	0
1528091541.057403000	32.3265	337	0
1528091541.060062000	32.3292	103	1
1528091541.265903000	32.535	901	1
1528091541.265961000	32.5351	257	1
1528091541.285234000	32.5543	87	0
1528091541.301826000	32.5709	87	0
1528091541.442972000	32.7121	374	0
1528091541.444412000	32.7135	148	0
1528091541.447047000	32.7162	109	1
1528091541.447400000	32.7165	92	0
1528091541.448865000	32.718	270	0
1528091541.451085000	32.7202	103	1
1528091541.678528000	32.9476	386	1
1528091541.678592000	32.9477	258	1
1528091541.698548000	32.9677	87	0
1528091541.850771000	33.1199	233	0
1528091541.852197000	33.1213	148	0
1528091541.855174000	33.1243	106	1
1528091541.855581000	33.1247	92	0
1528091541.857045000	33.1262	172	0
1528091541.859160000	33.1283	103	1
1528091542.108353000	33.3775	463	1
1528091542.108443000	33.3776	260	1
1528091542.135424000	33.4045	87	0
1528091542.288666000	33.5578	256	0
1528091542.290148000	33.5593	148	0
1528091542.292182000	33.5613	106	1
1528091542.293102000	33.5622	92	0
1528091542.294960000	33.5641	189	0
1528091542.297170000	33.5663	103	1
1528091542.606476000	33.8756	390	1
1528091542.606565000	33.8757	258	1
1528091542.637913000	33.907	87	0
1528091542.867185000	34.1363	233	0
1528091542.868652000	34.1378	148	0
1528091542.871210000	34.1403	106	1
1528091542.871531000	34.1406	92	0
1528091542.873043000	34.1422	210	0
1528091542.875230000	34.1443	103	1
1528091542.912085000	34.1812	92	0
1528091542.916196000	34.1853	100	1
1528091542.923267000	34.1924	391	1
1528091542.923347000	34.1925	257	1
1528091542.942908000	34.212	87	0
1528091543.149049000	34.4182	259	0
1528091543.150506000	34.4196	148	0
1528091543.153238000	34.4224	106	1
1528091543.154959000	34.4241	92	0
1528091543.156421000	34.4255	220	0
1528091543.158221000	34.4273	103	1
1528091543.186164000	34.4553	391	1
1528091543.186223000	34.4553	259	1
1528091543.205857000	34.475	87	0
1528091543.349527000	34.6186	258	0
1528091543.350972000	34.6201	148	0
1528091543.353245000	34.6224	106	1
1528091543.355058000	34.6242	92	0
1528091543.356520000	34.6256	209	0
1528091543.359178000	34.6283	103	1
1528091543.633376000	34.9025	388	1
1528091543.633459000	34.9026	258	1
1528091543.654222000	34.9233	87	0
1528091543.659609000	34.9287	87	0
1528091543.792576000	35.0617	232	0
1528091543.794025000	35.0631	148	0
1528091543.796265000	35.0654	109	1
1528091543.798202000	35.0673	92	0
1528091543.799650000	35.0688	227	0
1528091543.802265000	35.0714	103	1
1528091543.900809000	35.1699	386	1
1528091543.900906000	35.17	257	1
1528091543.923011000	35.1921	87	0
1528091544.071081000	35.3402	235	0
1528091544.072525000	35.3416	148	0
1528091544.075275000	35.3444	106	1
1528091544.076986000	35.3461	92	0
1528091544.078450000	35.3476	175	0
1528091544.080269000	35.3494	103	1
1528091544.125640000	35.3948	235	0
1528091544.129288000	35.3984	100	1
1528091545.184620000	36.4537	387	1
1528091545.184685000	36.4538	257	1
1528091545.203815000	36.4729	87	0
1528091545.403337000	36.6725	362	0
1528091545.404815000	36.6739	148	0
1528091545.407076000	36.6762	106	1
1528091545.408544000	36.6777	92	0
1528091545.410007000	36.6791	320	0
1528091545.412097000	36.6812	103	1
1528091545.430492000	36.6996	389	1
1528091545.430557000	36.6997	260	1
1528091545.450653000	36.7198	87	0
1528091545.647667000	36.9168	235	0
1528091545.649126000	36.9182	148	0
1528091545.651154000	36.9203	106	1
1528091545.652095000	36.9212	92	0
1528091545.653473000	36.9226	263	0
1528091545.656365000	36.9255	103	1
1528091545.849378000	37.1185	469	1
1528091545.849442000	37.1186	259	1
1528091545.872090000	37.1412	87	0
1528091546.017528000	37.2866	235	0
1528091546.019054000	37.2882	148	0
1528091546.021164000	37.2903	106	1
1528091546.021961000	37.2911	92	0
1528091546.023421000	37.2925	219	0
1528091546.026166000	37.2953	103	1
1528091546.122390000	37.3915	920	1
1528091546.122452000	37.3916	257	1
1528091546.142527000	37.4116	87	0
1528091546.280425000	37.5495	300	0
1528091546.281903000	37.551	148	0
1528091546.284187000	37.5533	106	1
1528091546.286304000	37.5554	92	0
1528091546.287789000	37.5569	325	0
1528091546.290184000	37.5593	103	1
1528091546.360942000	37.6301	902	1
1528091546.361019000	37.6301	258	1
1528091546.379691000	37.6488	87	0
1528091546.578510000	37.8476	232	0
1528091546.579964000	37.8491	148	0
1528091546.582180000	37.8513	106	1
1528091546.584411000	37.8535	92	0
1528091546.585917000	37.855	233	0
1528091546.588156000	37.8573	103	1
1528091546.732552000	38.0017	390	1
1528091546.732646000	38.0018	563	1
1528091546.761239000	38.0304	87	0
1528091546.956544000	38.2257	233	0
1528091546.957993000	38.2271	148	0
1528091546.960233000	38.2293	106	1
1528091546.960924000	38.23	92	0
1528091546.962387000	38.2315	322	0
1528091546.964244000	38.2334	103	1
1528091547.011091000	38.2802	233	0
1528091547.015213000	38.2843	100	1
1528091547.144540000	38.4137	467	1
1528091547.144631000	38.4137	253	1
1528091547.163409000	38.4325	87	0
1528091547.301114000	38.5702	258	0
1528091547.302491000	38.5716	148	0
1528091547.305240000	38.5744	106	1
1528091547.305489000	38.5746	92	0
1528091547.307001000	38.5761	163	0
1528091547.309238000	38.5784	103	1
1528091548.846517000	40.1156	370	1
1528091548.846610000	40.1157	1412	1
1528091548.846635000	40.1158	1412	1
1528091548.846671000	40.1158	1412	1
1528091548.846694000	40.1158	246	1
1528091548.867648000	40.1368	87	0
1528091548.999735000	40.2689	412	0
1528091549.004127000	40.2732	103	1
1528091549.005029000	40.2741	80	0
1528091549.009073000	40.2782	100	1
1528091549.043286000	40.3124	387	1
1528091549.043379000	40.3125	260	1
1528091549.062288000	40.3314	87	0
1528091549.271330000	40.5404	377	0
1528091549.272730000	40.5418	148	0
1528091549.275137000	40.5443	106	1
1528091549.275685000	40.5448	92	0
1528091549.277168000	40.5463	285	0
1528091549.279151000	40.5483	103	1
1528091549.289169000	40.5583	391	1
1528091549.289246000	40.5584	262	1
1528091549.310120000	40.5792	87	0
1528091549.457089000	40.7262	233	0
1528091549.458536000	40.7277	148	0
1528091549.461102000	40.7302	106	1
1528091549.461440000	40.7306	92	0
1528091549.462962000	40.7321	330	0
1528091549.465151000	40.7343	103	1
1528091549.538616000	40.8077	386	1
1528091549.538703000	40.8078	260	1
1528091549.569134000	40.8382	87	0
1528091549.709913000	40.979	233	0
1528091549.711352000	40.9805	148	0
1528091549.714179000	40.9833	106	1
1528091549.714273000	40.9834	92	0
1528091549.715926000	40.985	167	0
1528091549.718152000	40.9873	103	1
1528091549.981865000	41.251	391	1
1528091549.981929000	41.251	267	1
1528091550.000255000	41.2694	87	0
1528091550.200051000	41.4692	279	0
1528091550.201494000	41.4706	148	0
1528091550.202871000	41.472	92	0
1528091550.204204000	41.4733	109	1
1528091550.204425000	41.4735	170	0
1528091550.208204000	41.4773	100	1
1528091550.429319000	41.6984	390	1
1528091550.429382000	41.6985	258	1
1528091550.449171000	41.7183	87	0
1528091550.459818000	41.7289	87	0
1528091550.591749000	41.8609	232	0
1528091550.593200000	41.8623	148	0
1528091550.595162000	41.8643	109	1
1528091550.596196000	41.8653	92	0
1528091550.597679000	41.8668	223	0
1528091550.600222000	41.8693	103	1
1528091550.869663000	42.1388	386	1
1528091550.869752000	42.1389	267	1
1528091550.887650000	42.1568	87	0
1528091551.085202000	42.3543	365	0
1528091551.088102000	42.3572	148	0
1528091551.089162000	42.3583	106	1
1528091551.089626000	42.3587	92	0
1528091551.091089000	42.3602	171	0
1528091551.093153000	42.3623	103	1
1528091551.315674000	42.5848	470	1
1528091551.315755000	42.5849	563	1
1528091551.336965000	42.6061	87	0
1528091551.441290000	42.7104	774	1
1528091551.465329000	42.7344	87	0
1528091551.481260000	42.7504	235	0
1528091551.482710000	42.7518	148	0
1528091551.485390000	42.7545	109	1
1528091551.487118000	42.7562	92	0
1528091551.488577000	42.7577	240	0
1528091551.492180000	42.7613	103	1
1528091551.892636000	43.1618	479	0
1528091551.894106000	43.1632	1412	0
1528091551.895592000	43.1647	996	0
1528091551.896314000	43.1654	106	1
1528091551.897069000	43.1662	92	0
1528091551.898532000	43.1676	278	0
1528091551.900216000	43.1693	103	1
1528091552.074748000	43.3439	906	1
1528091552.074835000	43.344	263	1
1528091552.104901000	43.374	168	1
1528091552.105715000	43.3748	87	0
1528091552.134658000	43.4038	87	0
1528091552.236037000	43.5052	256	0
1528091552.237520000	43.5066	1412	0
1528091552.238962000	43.5081	996	0
1528091552.240269000	43.5094	112	1
1528091552.240420000	43.5095	92	0
1528091552.244258000	43.5134	100	1
1528091552.278292000	43.5474	216	0
1528091552.282273000	43.5514	100	1
1528091552.348969000	43.6181	236	0
1528091552.350471000	43.6196	148	0
1528091552.353248000	43.6224	103	1
1528091552.353404000	43.6225	92	0
1528091552.354922000	43.624	110	0
1528091552.357229000	43.6263	103	1
1528091552.520844000	43.79	469	1
1528091552.520904000	43.79	266	1
1528091552.539579000	43.8087	87	0
1528091552.679872000	43.949	235	0
1528091552.681315000	43.9504	148	0
1528091552.683270000	43.9524	106	1
1528091552.684248000	43.9534	92	0
1528091552.685770000	43.9549	176	0
1528091552.688277000	43.9574	103	1
1528091552.734617000	44.0037	388	1
1528091552.734705000	44.0038	263	1
1528091552.774335000	44.0434	388	1
1528091552.792714000	44.0618	87	0
1528091552.799119000	44.0682	87	0
1528091552.931237000	44.2004	236	0
1528091552.932656000	44.2018	148	0
1528091552.935352000	44.2045	109	1
1528091552.935610000	44.2047	92	0
1528091552.937056000	44.2062	129	0
1528091552.939287000	44.2084	103	1
1528091553.093624000	44.3627	371	1
1528091553.093703000	44.3628	1412	1
1528091553.093728000	44.3628	1412	1
1528091553.093763000	44.3629	1412	1
1528091553.093813000	44.3629	827	1
1528091553.112626000	44.3817	87	0
1528091553.178740000	44.4479	323	1
1528091553.178814000	44.4479	270	1
1528091553.206355000	44.4755	87	0
1528091553.210115000	44.4792	414	0
1528091553.214356000	44.4835	106	1
1528091553.216406000	44.4855	80	0
1528091553.220330000	44.4894	100	1
1528091553.406600000	44.6757	364	0
1528091553.408054000	44.6772	148	0
1528091553.410310000	44.6794	103	1
1528091553.410967000	44.6801	92	0
1528091553.412421000	44.6815	106	0
1528091553.414302000	44.6834	103	1
1528091553.670238000	44.9394	387	1
1528091553.670340000	44.9395	263	1
1528091553.690379000	44.9595	87	0
1528091553.836844000	45.106	235	0
1528091553.838287000	45.1074	148	0
1528091553.840399000	45.1095	106	1
1528091553.842635000	45.1117	92	0
1528091553.844138000	45.1133	101	0
1528091553.846392000	45.1155	103	1
1528091553.912093000	45.1812	391	1
1528091553.912234000	45.1813	261	1
1528091553.929911000	45.199	87	0
1528091554.130091000	45.3992	282	0
1528091554.131526000	45.4006	148	0
1528091554.134339000	45.4035	106	1
1528091554.135983000	45.4051	92	0
1528091554.137446000	45.4066	164	0
1528091554.139381000	45.4085	103	1
1528091554.357386000	45.6265	391	1
1528091554.357467000	45.6266	269	1
1528091554.376834000	45.6459	87	0
1528091554.514992000	45.7841	232	0
1528091554.516421000	45.7855	148	0
1528091554.518384000	45.7875	106	1
1528091554.519352000	45.7885	92	0
1528091554.520828000	45.7899	160	0
1528091554.523361000	45.7925	103	1
1528091554.771627000	46.0407	390	1
1528091554.771690000	46.0408	257	1
1528091554.791650000	46.0608	87	0
1528091555.053689000	46.3228	335	0
1528091555.055243000	46.3244	148	0
1528091555.057476000	46.3266	106	1
1528091555.058439000	46.3276	92	0
1528091555.059956000	46.3291	216	0
1528091555.062457000	46.3316	103	1
1528091557.975908000	49.245	471	1
1528091557.976006000	49.2451	258	1
1528091557.994045000	49.2632	87	0
1528091558.201888000	49.471	262	0
1528091558.203276000	49.4724	148	0
1528091558.205950000	49.4751	106	1
1528091558.208963000	49.4781	92	0
1528091558.210479000	49.4796	185	0
1528091558.213032000	49.4821	103	1
1528091558.404539000	49.6737	387	1
1528091558.404599000	49.6737	263	1
1528091558.432843000	49.702	87	0
1528091558.579519000	49.8486	236	0
1528091558.580984000	49.8501	148	0
1528091558.583047000	49.8522	106	1
1528091558.588587000	49.8577	92	0
1528091558.590053000	49.8592	209	0
1528091558.591995000	49.8611	103	1
1528091558.632567000	49.9017	92	0
1528091558.636050000	49.9052	100	1
1528091558.914879000	50.184	388	1
1528091558.914935000	50.1841	263	1
1528091558.935203000	50.2043	87	0
1528091559.148179000	50.4173	256	0
1528091559.149619000	50.4187	148	0
1528091559.152085000	50.4212	106	1
1528091559.152489000	50.4216	92	0
1528091559.154003000	50.4231	92	0
1528091559.156096000	50.4252	103	1
1528091559.210538000	50.4797	256	0
1528091559.214044000	50.4832	100	1
1528091559.236386000	50.5055	919	1
1528091559.236476000	50.5056	261	1
1528091559.257523000	50.5266	87	0
1528091559.402582000	50.6717	277	0
1528091559.404034000	50.6731	148	0
1528091559.406017000	50.6751	106	1
1528091559.406958000	50.6761	92	0
1528091559.408420000	50.6775	119	0
1528091559.411046000	50.6802	103	1
1528091559.524441000	50.7936	906	1
1528091559.524524000	50.7936	260	1
1528091559.543458000	50.8126	87	0
1528091559.693632000	50.9627	233	0
1528091559.695221000	50.9643	148	0
1528091559.697110000	50.9662	106	1
1528091559.698741000	50.9679	92	0
1528091559.700248000	50.9694	328	0
1528091559.702112000	50.9712	103	1
1528091559.734202000	51.0033	463	1
1528091559.734283000	51.0034	258	1
1528091559.754709000	51.0238	87	0
1528091559.901178000	51.1703	235	0
1528091559.902631000	51.1717	148	0
1528091559.905060000	51.1742	106	1
1528091559.905985000	51.1751	92	0
1528091559.907451000	51.1766	110	0
1528091559.910062000	51.1792	103	1
1528091560.163684000	51.4328	391	1
1528091560.163749000	51.4329	262	1
1528091560.182940000	51.4521	87	0
1528091560.188414000	51.4575	87	0
1528091560.332488000	51.6016	259	0
1528091560.333938000	51.6031	148	0
1528091560.336084000	51.6052	109	1
1528091560.337682000	51.6068	92	0
1528091560.339150000	51.6083	271	0
1528091560.341174000	51.6103	103	1
1528091560.634614000	51.9037	393	1
1528091560.634674000	51.9038	263	1
1528091560.654318000	51.9234	87	0
1528091560.803719000	52.0728	233	0
1528091560.805273000	52.0744	148	0
1528091560.808189000	52.0773	106	1
1528091560.809047000	52.0782	92	0
1528091560.810510000	52.0796	179	0
1528091560.813161000	52.0823	103	1
1528091560.934491000	52.2036	386	1
1528091560.934558000	52.2037	258	1
1528091560.970801000	52.2399	87	0
1528091561.119915000	52.389	256	0
1528091561.121350000	52.3905	148	0
1528091561.124220000	52.3933	106	1
1528091561.125837000	52.395	92	0
1528091561.129198000	52.3983	100	1
1528091561.163365000	52.4325	127	0
1528091561.167182000	52.4363	100	1
1528091561.364622000	52.6337	387	1
1528091561.364683000	52.6338	262	1
1528091561.392947000	52.6621	90	0
1528091561.395936000	52.6651	87	0
1528091561.397191000	52.6663	103	1
1528091561.574670000	52.8438	233	0
1528091561.576148000	52.8453	148	0
1528091561.578217000	52.8473	103	1
1528091561.580115000	52.8492	92	0
1528091561.581581000	52.8507	133	0
1528091561.584205000	52.8533	103	1
1528091561.824566000	53.0937	387	1
1528091561.824639000	53.0938	262	1
1528091561.844832000	53.1139	87	0
1528091561.936066000	53.2052	302	1
1528091561.936167000	53.2053	1412	1
1528091561.936206000	53.2053	1412	1
1528091561.936249000	53.2054	1412	1
1528091561.936283000	53.2054	546	1
1528091561.964647000	53.2338	87	0
1528091561.987655000	53.2568	354	0
1528091561.989116000	53.2582	148	0
1528091561.991243000	53.2604	109	1
1528091561.995013000	53.2641	92	0
1528091561.996770000	53.2659	206	0
1528091561.999172000	53.2683	103	1
1528091562.050864000	53.32	401	0
1528091562.055244000	53.3244	100	1
1528091562.058981000	53.3281	80	0
1528091562.062244000	53.3314	100	1
1528091562.274531000	53.5436	387	1
1528091562.274615000	53.5437	262	1
1528091562.304039000	53.5732	87	0
1528091562.452542000	53.7217	278	0
1528091562.453976000	53.7231	148	0
1528091562.456212000	53.7253	106	1
1528091562.457956000	53.7271	92	0
1528091562.459419000	53.7285	109	0
1528091562.462315000	53.7314	103	1
1528091562.734170000	54.0033	471	1
1528091562.734284000	54.0034	265	1
1528091562.754020000	54.0231	87	0
1528091562.908516000	54.1776	335	0
1528091562.909959000	54.1791	148	0
1528091562.912293000	54.1814	106	1
1528091562.912890000	54.182	92	0
1528091562.914296000	54.1834	196	0
1528091562.916279000	54.1854	103	1
1528091563.067788000	54.3369	390	1
1528091563.067853000	54.337	259	1
1528091563.097700000	54.3668	87	0
1528091563.246691000	54.5158	262	0
1528091563.248202000	54.5173	148	0
1528091563.250312000	54.5194	106	1
1528091563.251246000	54.5204	92	0
1528091563.252646000	54.5218	101	0
1528091563.255303000	54.5244	103	1
1528091563.975776000	55.2449	921	1
1528091563.975868000	55.245	267	1
1528091564.007580000	55.2767	87	0
1528091564.157763000	55.4269	256	0
1528091564.159202000	55.4283	148	0
1528091564.161311000	55.4304	106	1
1528091564.163111000	55.4322	92	0
1528091564.164642000	55.4338	273	0
1528091564.166313000	55.4354	103	1
1528091564.195348000	55.4645	906	1
1528091564.195408000	55.4645	253	1
1528091564.214169000	55.4833	87	0
1528091564.365304000	55.6344	233	0
1528091564.366780000	55.6359	148	0
1528091564.369336000	55.6385	106	1
1528091564.369697000	55.6388	92	0
1528091564.371169000	55.6403	110	0
1528091564.373313000	55.6424	103	1
1528091564.406882000	55.676	468	1
1528091564.406966000	55.6761	377	1
1528091564.425870000	55.695	87	0
1528091564.571729000	55.8408	274	0
1528091564.573166000	55.8423	148	0
1528091564.575382000	55.8445	106	1
1528091564.576356000	55.8455	92	0
1528091564.577813000	55.8469	96	0
1528091564.580344000	55.8495	103	1
1528091564.819862000	56.089	390	1
1528091564.819927000	56.089	501	1
1528091564.839133000	56.1082	87	0
1528091565.053901000	56.323	233	0
1528091565.055407000	56.3245	148	0
1528091565.057415000	56.3265	106	1
1528091565.059059000	56.3282	92	0
1528091565.060531000	56.3296	227	0
1528091565.062415000	56.3315	103	1
1528091565.365729000	56.6348	389	1
1528091565.365794000	56.6349	258	1
1528091565.387810000	56.6569	87	0
1528091565.538002000	56.8071	256	0
1528091565.539437000	56.8086	148	0
1528091565.541389000	56.8105	106	1
1528091565.542877000	56.812	92	0
1528091565.544791000	56.8139	328	0
1528091565.546397000	56.8155	103	1
1528091565.595572000	56.8647	390	1
1528091565.595636000	56.8648	260	1
1528091565.625432000	56.8945	87	0
1528091565.776519000	57.0456	232	0
1528091565.777981000	57.0471	148	0
1528091565.780394000	57.0495	106	1
1528091565.781652000	57.0508	92	0
1528091565.783115000	57.0522	259	0
1528091565.785430000	57.0545	103	1
1528091565.823649000	57.0928	92	0
1528091565.826590000	57.0957	401	1
1528091565.826659000	57.0958	258	1
1528091565.846216000	57.1153	87	0
1528091565.997464000	57.2666	233	0
1528091565.998928000	57.268	148	0
1528091566.001466000	57.2706	106	1
1528091566.010349000	57.2795	92	0
1528091566.011809000	57.2809	120	0
1528091566.014436000	57.2836	103	1
1528091566.248765000	57.5179	387	1
1528091566.248840000	57.518	259	1
1528091566.268700000	57.5378	87	0
1528091566.424861000	57.694	256	0
1528091566.426330000	57.6954	148	0
1528091566.428438000	57.6976	106	1
1528091566.430346000	57.6995	92	0
1528091566.431801000	57.7009	103	0
1528091566.434441000	57.7036	103	1
1528091566.889453000	58.1586	387	1
1528091566.889527000	58.1586	258	1
1528091566.908226000	58.1773	87	0
1528091567.062004000	58.3311	235	0
1528091567.063447000	58.3326	148	0
1528091567.065528000	58.3346	106	1
1528091567.067422000	58.3365	92	0
1528091567.068816000	58.3379	237	0
1528091567.071526000	58.3406	103	1
1528091567.297000000	58.5661	473	1
1528091567.297089000	58.5662	264	1
1528091567.315510000	58.5846	87	0
1528091567.473834000	58.7429	375	0
1528091567.475334000	58.7444	148	0
1528091567.477482000	58.7466	106	1
1528091567.478276000	58.7474	92	0
1528091567.481227000	58.7503	100	0
1528091567.481591000	58.7507	103	1
1528091567.526026000	58.7951	390	1
1528091567.526123000	58.7952	259	1
1528091567.544693000	58.8138	87	0
1528091567.554649000	58.8238	87	0
1528091567.702920000	58.972	233	0
1528091567.704366000	58.9735	148	0
1528091567.706568000	58.9757	109	1
1528091567.707535000	58.9766	92	0
1528091567.708995000	58.9781	240	0
1528091567.711558000	58.9807	103	1
1528091568.005652000	59.2748	923	1
1528091568.005748000	59.2749	262	1
1528091568.036973000	59.3061	87	0
1528091568.175579000	59.4447	258	0
1528091568.177039000	59.4462	148	0
1528091568.179589000	59.4487	106	1
1528091568.180405000	59.4495	92	0
1528091568.181873000	59.451	267	0
1528091568.184587000	59.4537	103	1
1528091568.427438000	59.6966	906	1
1528091568.427516000	59.6966	263	1
1528091568.447794000	59.7169	87	0
1528091568.661915000	59.931	256	0
1528091568.663353000	59.9325	148	0
1528091568.665617000	59.9347	106	1
1528091568.667636000	59.9368	92	0
1528091568.669099000	59.9382	331	0
1528091568.671586000	59.9407	103	1
1528091568.713593000	59.9827	92	0
1528091568.717609000	59.9867	100	1
1528091568.744978000	60.0141	463	1
1528091568.745070000	60.0142	258	1
1528091568.766685000	60.0358	87	0
1528091568.913749000	60.1829	335	0
1528091568.915332000	60.1844	148	0
1528091568.917647000	60.1868	106	1
1528091568.918894000	60.188	92	0
1528091568.920365000	60.1895	216	0
1528091568.922663000	60.1918	103	1
1528091568.967815000	60.2369	387	1
1528091568.967881000	60.237	259	1
1528091568.985642000	60.2548	87	0
1528091569.128920000	60.398	302	1
1528091569.129003000	60.3981	1412	1
1528091569.129028000	60.3981	1412	1
1528091569.129070000	60.3982	1412	1
1528091569.129122000	60.3982	827	1
1528091569.147281000	60.4164	272	0
1528091569.148676000	60.4178	148	0
1528091569.151547000	60.4207	92	0
1528091569.151637000	60.4208	106	1
1528091569.152957000	60.4221	98	0
1528091569.155679000	60.4248	103	1
1528091569.236173000	60.5053	401	0
1528091569.239591000	60.5087	100	1
1528091569.243733000	60.5128	80	0
1528091569.247588000	60.5167	100	1
1528091569.425840000	60.695	387	1
1528091569.425909000	60.695	264	1
1528091569.463709000	60.7328	387	1
1528091569.496543000	60.7657	87	0
1528091569.502365000	60.7715	87	0
1528091569.624297000	60.8934	277	0
1528091569.625811000	60.8949	148	0
1528091569.628616000	60.8977	109	1
1528091569.630108000	60.8992	92	0
1528091569.631583000	60.9007	187	0
1528091569.633696000	60.9028	103	1
1528091569.887094000	61.1562	388	1
1528091569.887185000	61.1563	262	1
1528091569.905487000	61.1746	87	0
1528091570.054621000	61.3237	235	0
1528091570.056063000	61.3252	148	0
1528091570.058680000	61.3278	106	1
1528091570.059077000	61.3282	92	0
1528091570.060579000	61.3297	166	0
1528091570.062698000	61.3318	103	1
1528091570.197004000	61.4661	387	1
1528091570.197073000	61.4662	262	1
1528091570.215655000	61.4848	87	0
1528091570.364770000	61.6339	258	0
1528091570.366254000	61.6354	148	0
1528091570.368689000	61.6378	106	1
1528091570.369227000	61.6383	92	0
1528091570.370690000	61.6398	253	0
1528091570.372695000	61.6418	103	1
1528091570.447771000	61.7169	392	1
1528091570.447866000	61.717	261	1
1528091570.491873000	61.761	87	0
1528091570.493337000	61.7625	87	0
1528091570.650672000	61.9198	235	0
1528091570.652123000	61.9212	148	0
1528091570.654685000	61.9238	109	1
1528091570.655702000	61.9248	92	0
1528091570.657284000	61.9264	249	0
1528091570.659698000	61.9288	103	1
1528091570.977146000	62.2463	387	1
1528091570.977219000	62.2463	264	1
1528091570.997404000	62.2665	87	0
1528091571.148352000	62.4175	258	0
1528091571.149779000	62.4189	148	0
1528091571.152691000	62.4218	92	0
1528091571.152791000	62.4219	106	1
1528091571.154128000	62.4232	108	0
1528091571.156726000	62.4258	103	1
1528091571.275210000	62.5443	387	1
1528091571.275304000	62.5444	263	1
1528091571.303911000	62.573	87	0
1528091571.502055000	62.7712	236	0
1528091571.503588000	62.7727	148	0
1528091571.505732000	62.7748	106	1
1528091571.506522000	62.7756	92	0
1528091571.507982000	62.7771	319	0
1528091571.509723000	62.7788	103	1
1528091571.519664000	62.7888	236	0
1528091571.523760000	62.7929	100	1
1528091571.545063000	62.8142	469	1
1528091571.545153000	62.8143	261	1
1528091571.564705000	62.8338	87	0
1528091571.780550000	63.0497	233	0
1528091571.782027000	63.0511	148	0
1528091571.784765000	63.0539	106	1
1528091571.788802000	63.0579	92	0
1528091571.790265000	63.0594	290	0
1528091571.792757000	63.0619	103	1
1528091572.017185000	63.2863	390	1
1528091572.017252000	63.2864	223	1
1528091572.041655000	63.3108	87	0
1528091572.190439000	63.4596	377	0
1528091572.191807000	63.4609	148	0
1528091572.194808000	63.4639	106	1
1528091572.197044000	63.4662	92	0
1528091572.198507000	63.4676	238	0
1528091572.200779000	63.4699	103	1
1528091572.344283000	63.6134	901	1
1528091572.344384000	63.6135	1412	1
1528091572.344422000	63.6135	1412	1
1528091572.344475000	63.6136	1412	1
1528091572.344498000	63.6136	1362	1
1528091572.365291000	63.6344	87	0
1528091572.449043000	63.7182	375	0
1528091572.452848000	63.722	103	1
1528091572.478966000	63.7481	905	1
1528091572.479050000	63.7482	379	1
1528091572.503404000	63.7725	80	0
1528091572.506834000	63.7759	100	1
1528091572.518208000	63.7873	87	0
1528091572.650164000	63.9193	258	0
1528091572.651626000	63.9207	148	0
1528091572.653845000	63.923	106	1
1528091572.656827000	63.9259	92	0
1528091572.658306000	63.9274	161	0
1528091572.660838000	63.93	103	1
1528091572.941611000	64.2107	467	1
1528091572.941720000	64.2108	260	1
1528091572.977815000	64.2469	87	0
1528091573.128896000	64.398	360	0
1528091573.130393000	64.3995	148	0
1528091573.132808000	64.4019	106	1
1528091573.133367000	64.4025	92	0
1528091573.134946000	64.4041	223	0
1528091573.136809000	64.4059	103	1
1528091573.364863000	64.634	391	1
1528091573.364949000	64.6341	265	1
1528091573.384871000	64.654	87	0
1528091573.535884000	64.805	236	0
1528091573.537375000	64.8065	148	0
1528091573.539900000	64.809	106	1
1528091573.541731000	64.8108	92	0
1528091573.543216000	64.8123	92	0
1528091573.545894000	64.815	103	1
1528091573.630379000	64.8995	389	1
1528091573.630466000	64.8996	259	1
1528091573.652460000	64.9216	87	0
1528091573.804547000	65.0737	235	0
1528091573.805953000	65.0751	148	0
1528091573.808943000	65.0781	106	1
1528091573.810011000	65.0791	92	0
1528091573.811477000	65.0806	149	0
1528091573.813854000	65.083	103	1
1528091574.051205000	65.3203	392	1
1528091574.051263000	65.3204	503	1
1528091574.071145000	65.3403	87	0
1528091574.075166000	65.3443	87	0
1528091574.224744000	65.4939	258	0
1528091574.226246000	65.4954	148	0
1528091574.228937000	65.4981	109	1
1528091574.229341000	65.4985	92	0
1528091574.232319000	65.5014	206	0
1528091574.232844000	65.502	103	1
1528091574.611420000	65.8805	391	1
1528091574.611486000	65.8806	261	1
1528091574.640025000	65.9091	87	0
1528091574.789099000	66.0582	277	0
1528091574.790552000	66.0597	148	0
1528091574.792917000	66.062	106	1
1528091574.794258000	66.0634	92	0
1528091574.795783000	66.0649	185	0
1528091574.797908000	66.067	103	1
1528091574.901160000	66.1703	391	1
1528091574.901248000	66.1704	262	1
1528091574.922331000	66.1914	87	0
1528091575.071906000	66.341	235	0
1528091575.073406000	66.3425	148	0
1528091575.075990000	66.3451	106	1
1528091575.077960000	66.3471	92	0
1528091575.079475000	66.3486	311	0
1528091575.081996000	66.3511	103	1
1528091575.111329000	66.3804	473	1
1528091575.111390000	66.3805	263	1
1528091575.124612000	66.3937	92	0
1528091575.128003000	66.3971	100	1
1528091575.130931000	66.4	87	0
1528091575.283498000	66.5526	255	0
1528091575.284974000	66.5541	148	0
1528091575.286998000	66.5561	106	1
1528091575.290087000	66.5592	92	0
1528091575.291546000	66.5607	267	0
1528091575.293991000	66.5631	103	1
1528091575.562209000	66.8313	385	1
1528091575.562304000	66.8314	379	1
1528091575.601322000	66.8704	87	0
1528091575.753464000	67.0226	233	0
1528091575.754965000	67.0241	148	0
1528091575.757036000	67.0262	106	1
1528091575.759526000	67.0286	92	0
1528091575.760985000	67.0301	158	0
1528091575.763017000	67.0321	103	1
1528091576.057288000	67.3264	386	1
1528091576.057378000	67.3265	379	1
1528091576.076599000	67.3457	87	0
1528091576.108318000	67.3774	87	0
1528091576.256025000	67.5251	256	0
1528091576.257485000	67.5266	148	0
1528091576.260032000	67.5291	109	1
1528091576.261813000	67.5309	92	0
1528091576.263275000	67.5324	330	0
1528091576.266046000	67.5352	103	1
1528091576.353144000	67.6223	923	1
1528091576.353210000	67.6223	255	1
1528091576.374063000	67.6432	87	0
1528091576.534084000	67.8032	233	0
1528091576.535660000	67.8048	148	0
1528091576.538065000	67.8072	106	1
1528091576.538628000	67.8077	92	0
1528091576.540158000	67.8093	106	0
1528091576.542071000	67.8112	103	1
1528091578.220239000	69.4894	884	1
1528091578.220305000	69.4894	1412	1
1528091578.220351000	69.4895	1412	1
1528091578.220399000	69.4895	1412	1
1528091578.220418000	69.4895	555	1
1528091578.241341000	69.5105	87	0
1528091578.273612000	69.5427	397	1
1528091578.273707000	69.5428	259	1
1528091578.294045000	69.5632	87	0
1528091578.331529000	69.6006	396	0
1528091578.335547000	69.6047	106	1
1528091578.339679000	69.6088	80	0
1528091578.343574000	69.6127	100	1
1528091578.442721000	69.7118	362	0
1528091578.444253000	69.7134	148	0
1528091578.446565000	69.7157	103	1
1528091578.497914000	69.767	92	0
1528091578.501556000	69.7707	100	1
1528091578.502452000	69.7716	282	0
1528091578.506558000	69.7757	100	1
1528091578.515667000	69.7848	92	0
1528091578.519552000	69.7887	100	1
1528091578.590138000	69.8593	390	1
1528091578.590213000	69.8593	260	1
1528091578.610558000	69.8797	87	0
1528091578.762439000	70.0316	233	0
1528091578.763890000	70.033	148	0
1528091578.766584000	70.0357	106	1
1528091578.767534000	70.0366	92	0
1528091578.768996000	70.0381	312	0
1528091578.771604000	70.0407	103	1
1528091578.997060000	70.2662	387	1
1528091578.997118000	70.2662	262	1
1528091579.042620000	70.3117	387	1
1528091579.043618000	70.3127	87	0
1528091579.062974000	70.3321	87	0
1528091579.174963000	70.4441	281	0
1528091579.176417000	70.4455	148	0
1528091579.178604000	70.4477	109	1
1528091579.181099000	70.4502	92	0
1528091579.182555000	70.4517	222	0
1528091579.184598000	70.4537	103	1
1528091579.417950000	70.6871	390	1
1528091579.418044000	70.6872	259	1
1528091579.466626000	70.7357	390	1
1528091579.502940000	70.7721	87	0
1528091579.509812000	70.7789	87	0
1528091579.642285000	70.9114	335	0
1528091579.643682000	70.9128	148	0
1528091579.646637000	70.9158	109	1
1528091579.646657000	70.9158	92	0
1528091579.648199000	70.9173	239	0
1528091579.650627000	70.9197	103	1
1528091579.683604000	70.9527	387	1
1528091579.683693000	70.9528	259	1
1528091579.702822000	70.9719	87	0
1528091579.871708000	71.1408	239	0
1528091579.873214000	71.1423	148	0
1528091579.875648000	71.1448	106	1
1528091579.876277000	71.1454	92	0
1528091579.877681000	71.1468	292	0
1528091579.879662000	71.1488	103	1
1528091580.108854000	71.378	387	1
1528091580.108935000	71.3781	262	1
1528091580.129111000	71.3982	87	0
1528091580.342164000	71.6113	256	0
1528091580.343619000	71.6127	148	0
1528091580.345138000	71.6143	92	0
1528091580.345680000	71.6148	109	1
1528091580.346595000	71.6157	247	0
1528091580.350675000	71.6198	100	1
1528091580.842886000	72.112	391	1
1528091580.842975000	72.1121	261	1
1528091580.862649000	72.1318	87	0
1528091581.053767000	72.3229	235	0
1528091581.055307000	72.3244	148	0
1528091581.057686000	72.3268	106	1
1528091581.058219000	72.3273	92	0
1528091581.059651000	72.3288	100	0
1528091581.061648000	72.3308	103	1
1528091581.070845000	72.34	235	0
1528091581.074637000	72.3438	100	1
1528091581.172888000	72.442	388	1
1528091581.172954000	72.4421	259	1
1528091581.192655000	72.4618	87	0
1528091581.221055000	72.4902	384	1
1528091581.221144000	72.4903	1412	1
1528091581.221168000	72.4903	1412	1
1528091581.221204000	72.4903	1412	1
1528091581.221252000	72.4904	1412	1
1528091581.221274000	72.4904	1412	1
1528091581.221299000	72.4904	1412	1
1528091581.221346000	72.4905	1412	1
1528091581.221383000	72.4905	1412	1
1528091581.221411000	72.4905	1412	1
1528091581.221448000	72.4906	1412	1
1528091581.221480000	72.4906	1412	1
1528091581.221520000	72.4906	1412	1
1528091581.221552000	72.4907	1412	1
1528091581.221587000	72.4907	1412	1
1528091581.221607000	72.4907	461	1
1528091581.241288000	72.5104	87	0
1528091581.270739000	72.5399	1412	1
1528091581.276740000	72.5459	87	0
1528091581.291083000	72.5602	87	0
1528091581.397562000	72.6667	438	0
1528091581.401692000	72.6708	112	1
1528091581.405932000	72.675	80	0
1528091581.409704000	72.6788	100	1
1528091581.434181000	72.7033	232	0
1528091581.435950000	72.7051	168	0
1528091581.437674000	72.7068	103	1
1528091581.503030000	72.7721	139	0
1528091581.506680000	72.7758	100	1
1528091581.648002000	72.9171	386	1
1528091581.648094000	72.9172	260	1
1528091581.667689000	72.9368	87	0
1528091581.822776000	73.0919	232	0
1528091581.824255000	73.0934	148	0
1528091581.826699000	73.0958	106	1
1528091581.830167000	73.0993	92	0
1528091581.831657000	73.1008	132	0
1528091581.833710000	73.1028	103	1
1528091582.170960000	73.4401	390	1
1528091582.171049000	73.4402	262	1
1528091582.200703000	73.4698	87	0
1528091582.347124000	73.6162	259	0
1528091582.348565000	73.6177	148	0
1528091582.350742000	73.6199	106	1
1528091582.351496000	73.6206	92	0
1528091582.353021000	73.6221	320	0
1528091582.354728000	73.6238	103	1
1528091582.439153000	73.7083	388	1
1528091582.439210000	73.7083	259	1
1528091582.490825000	73.7599	388	1
1528091582.496411000	73.7655	87	0
1528091582.497873000	73.767	87	0
1528091582.510977000	73.7801	87	0
1528091582.610676000	73.8798	235	0
1528091582.612194000	73.8813	148	0
1528091582.614788000	73.8839	112	1
1528091582.616400000	73.8855	92	0
1528091582.617795000	73.8869	149	0
1528091582.619761000	73.8889	103	1
1528091582.674774000	73.9439	920	1
1528091582.674845000	73.944	259	1
1528091582.695061000	73.9642	87	0
1528091582.900334000	74.1694	233	0
1528091582.901778000	74.1709	148	0
1528091582.903767000	74.1729	106	1
1528091582.905783000	74.1749	92	0
1528091582.907252000	74.1764	185	0
1528091582.909742000	74.1789	103	1
1528091583.148059000	74.4172	902	1
1528091583.148232000	74.4173	260	1
1528091583.166294000	74.4354	87	0
1528091583.188652000	74.4578	87	0
1528091583.330896000	74.6	258	0
1528091583.332376000	74.6015	148	0
1528091583.334852000	74.604	109	1
1528091583.335290000	74.6044	92	0
1528091583.337570000	74.6067	200	0
1528091583.338776000	74.6079	103	1
1528091583.480798000	74.7499	464	1
1528091583.480872000	74.75	260	1
1528091583.505265000	74.7744	87	0
1528091583.506661000	74.7758	87	0
1528091583.650566000	74.9197	354	0
1528091583.651945000	74.9211	148	0
1528091583.654895000	74.924	109	1
1528091583.656656000	74.9258	92	0
1528091583.658223000	74.9273	170	0
1528091583.660851000	74.93	103	1
1528091583.950303000	75.2194	387	1
1528091583.950369000	75.2195	259	1
1528091583.980809000	75.2499	87	0
1528091584.123577000	75.3927	256	0
1528091584.125121000	75.3942	148	0
1528091584.127896000	75.397	106	1
1528091584.128564000	75.3977	92	0
1528091584.130027000	75.3991	260	0
1528091584.131906000	75.401	103	1
1528091584.275868000	75.545	390	1
1528091584.275928000	75.545	259	1
1528091584.320221000	75.5893	87	0
1528091584.519898000	75.789	258	0
1528091584.521401000	75.7905	148	0
1528091584.523917000	75.793	106	1
1528091584.527393000	75.7965	92	0
1528091584.528846000	75.798	214	0
1528091584.530901000	75.8	103	1
1528091584.541349000	75.8105	258	0
1528091584.544911000	75.814	100	1
1528091584.548863000	75.818	387	1
1528091584.548939000	75.8181	259	1
1528091584.572310000	75.8414	87	0
1528091584.585863000	75.855	87	0
1528091584.723249000	75.9924	335	0
1528091584.724763000	75.9939	148	0
1528091584.727036000	75.9962	109	1
1528091584.729378000	75.9985	92	0
1528091584.730895000	76	145	0
1528091584.732929000	76.002	103	1
1528091585.063377000	76.3325	387	1
1528091585.063439000	76.3326	262	1
1528091585.093898000	76.363	87	0
1528091585.244449000	76.5136	260	0
1528091585.245903000	76.515	148	0
1528091585.247952000	76.5171	106	1
1528091585.249120000	76.5182	92	0
1528091585.250582000	76.5197	168	0
1528091585.252951000	76.5221	103	1
1528091585.526225000	76.7953	390	1
1528091585.526313000	76.7954	260	1
1528091585.548330000	76.8174	87	0
1528091585.554518000	76.8236	87	0
1528091585.707743000	76.9769	233	0
1528091585.709216000	76.9783	148	0
1528091585.711919000	76.981	109	1
1528091585.713246000	76.9824	92	0
1528091585.714837000	76.984	294	0
1528091585.716918000	76.986	103	1
1528091585.754136000	77.0233	391	1
1528091585.754230000	77.0233	261	1
1528091585.793872000	77.063	87	0
1528091585.930904000	77.2	233	0
1528091585.932354000	77.2015	148	0
1528091585.934995000	77.2041	106	1
1528091585.936651000	77.2058	92	0
1528091585.938123000	77.2072	281	0
1528091585.939985000	77.2091	103	1
1528091586.048858000	77.318	467	1
1528091586.048931000	77.318	260	1
1528091586.070105000	77.3392	87	0
1528091586.278986000	77.5481	256	0
1528091586.280502000	77.5496	148	0
1528091586.283014000	77.5521	106	1
1528091586.283436000	77.5526	92	0
1528091586.284963000	77.5541	291	0
1528091586.287011000	77.5561	103	1
1528091586.499150000	77.7683	386	1
1528091586.499214000	77.7683	259	1
1528091586.526157000	77.7953	87	0
1528091586.667082000	77.9362	275	0
1528091586.668534000	77.9376	148	0
1528091586.671035000	77.9402	106	1
1528091586.672533000	77.9416	92	0
1528091586.673997000	77.9431	340	0
1528091586.676026000	77.9451	103	1
1528091586.954460000	78.2236	391	1
1528091586.954548000	78.2237	262	1
1528091586.972436000	78.2416	87	0
1528091586.976967000	78.2461	87	0
1528091587.122960000	78.3921	258	0
1528091587.124501000	78.3936	148	0
1528091587.127078000	78.3962	109	1
1528091587.127436000	78.3966	92	0
1528091587.128899000	78.398	332	0
1528091587.131056000	78.4002	103	1
1528091587.280068000	78.5492	919	1
1528091587.280140000	78.5493	259	1
1528091587.298920000	78.568	87	0
1528091587.494018000	78.7631	232	0
1528091587.495547000	78.7647	148	0
1528091587.498083000	78.7672	106	1
1528091587.499939000	78.7691	92	0
1528091587.501323000	78.7704	205	0
1528091587.504103000	78.7732	103	1
1528091587.505809000	78.7749	232	0
1528091587.510089000	78.7792	100	1
1528091587.764485000	79.0336	900	1
1528091587.764547000	79.0337	259	1
1528091587.803624000	79.0727	87	0
1528091587.951026000	79.2201	235	0
1528091587.952467000	79.2216	148	0
1528091587.955113000	79.2242	106	1
1528091587.955381000	79.2245	92	0
1528091587.956911000	79.226	242	0
1528091587.959104000	79.2282	103	1
1528091588.222625000	79.4917	465	1
1528091588.222703000	79.4918	262	1
1528091588.252655000	79.5218	87	0
1528091588.256652000	79.5258	87	0
1528091588.404776000	79.6739	255	0
1528091588.406205000	79.6753	148	0
1528091588.409074000	79.6782	109	1
1528091588.409108000	79.6782	92	0
1528091588.410643000	79.6798	303	0
1528091588.413134000	79.6822	103	1
1528091588.510647000	79.7798	386	1
1528091588.510757000	79.7799	260	1
1528091588.533631000	79.8027	87	0
1528091588.712192000	79.9813	235	0
1528091588.713634000	79.9827	148	0
1528091588.716100000	79.9852	106	1
1528091588.717399000	79.9865	92	0
1528091588.718853000	79.988	289	0
1528091588.721085000	79.9902	103	1
1528091591.561673000	82.8308	390	1
1528091591.561747000	82.8309	259	1
1528091591.593123000	82.8622	87	0
1528091591.735551000	83.0047	258	0
1528091591.736998000	83.0061	148	0
1528091591.739325000	83.0084	106	1
1528091591.742117000	83.0112	92	0
1528091591.743579000	83.0127	310	0
1528091591.746320000	83.0154	103	1
1528091591.832770000	83.1019	391	1
1528091591.832853000	83.102	275	1
1528091591.877268000	83.1464	87	0
1528091592.047037000	83.3162	352	0
1528091592.048522000	83.3176	148	0
1528091592.051305000	83.3204	106	1
1528091592.051378000	83.3205	92	0
1528091592.052889000	83.322	332	0
1528091592.055335000	83.3245	103	1
1528091592.089394000	83.3585	387	1
1528091592.089455000	83.3586	259	1
1528091592.090628000	83.3597	92	0
1528091592.094354000	83.3635	100	1
1528091592.121757000	83.3909	87	0
1528091592.259821000	83.5289	256	0
1528091592.261274000	83.5304	148	0
1528091592.263358000	83.5325	106	1
1528091592.265761000	83.5349	92	0
1528091592.267262000	83.5364	206	0
1528091592.269358000	83.5385	103	1
1528091592.553610000	83.8227	389	1
1528091592.553704000	83.8228	260	1
1528091592.573469000	83.8426	87	0
1528091592.714213000	83.9833	258	0
1528091592.715989000	83.9851	148	0
1528091592.718321000	83.9874	106	1
1528091592.718884000	83.988	92	0
1528091592.720319000	83.9894	100	0
1528091592.722313000	83.9914	103	1
1528091592.914753000	84.1839	392	1
1528091592.914819000	84.1839	261	1
1528091592.934751000	84.2039	87	0
1528091592.942176000	84.2113	87	0
1528091593.081326000	84.3504	360	0
1528091593.082841000	84.352	148	0
1528091593.085353000	84.3545	109	1
1528091593.085827000	84.3549	92	0
1528091593.087305000	84.3564	119	0
1528091593.089335000	84.3584	103	1
1528091593.436783000	84.7059	468	1
1528091593.436875000	84.706	260	1
1528091593.455355000	84.7245	87	0
1528091593.598664000	84.8678	237	0
1528091593.600163000	84.8693	148	0
1528091593.602435000	84.8716	106	1
1528091593.603094000	84.8722	92	0
1528091593.604610000	84.8737	205	0
1528091593.606377000	84.8755	103	1
1528091593.749642000	85.0188	386	1
1528091593.749707000	85.0188	259	1
1528091593.770536000	85.0397	87	0
1528091593.908133000	85.1772	235	0
1528091593.909592000	85.1787	148	0
1528091593.912432000	85.1815	92	0
1528091593.912490000	85.1816	106	1
1528091593.913952000	85.1831	126	0
1528091593.916436000	85.1856	103	1
1528091593.984867000	85.254	388	1
1528091593.984941000	85.2541	259	1
1528091594.003920000	85.273	87	0
1528091594.141515000	85.4106	256	0
1528091594.142976000	85.4121	148	0
1528091594.145406000	85.4145	106	1
1528091594.146661000	85.4158	92	0
1528091594.148124000	85.4172	298	0
1528091594.150408000	85.4195	103	1
1528091594.280454000	85.5496	919	1
1528091594.280518000	85.5496	259	1
1528091594.323744000	85.5929	87	0
1528091594.522034000	85.7911	233	0
1528091594.523456000	85.7926	148	0
1528091594.525490000	85.7946	106	1
1528091594.526455000	85.7956	92	0
1528091594.527981000	85.7971	301	0
1528091594.530476000	85.7996	103	1
1528091597.573994000	88.8431	901	1
1528091597.574056000	88.8432	260	1
1528091597.596077000	88.8652	87	0
1528091597.767860000	89.037	301	0
1528091597.769362000	89.0385	148	0
1528091597.771670000	89.0408	106	1
1528091597.772690000	89.0418	92	0
1528091597.774225000	89.0433	133	0
1528091597.776622000	89.0457	103	1
1528091597.844907000	89.114	468	1
1528091597.845014000	89.1141	279	1
1528091597.864063000	89.1332	87	0
1528091598.009257000	89.2784	233	0
1528091598.010654000	89.2798	148	0
1528091598.012680000	89.2818	106	1
1528091598.013651000	89.2828	92	0
1528091598.015165000	89.2843	241	0
1528091598.017686000	89.2868	103	1
1528091598.284528000	89.5536	369	1
1528091598.284631000	89.5537	1412	1
1528091598.284668000	89.5538	1412	1
1528091598.284702000	89.5538	1412	1
1528091598.284738000	89.5539	1335	1
1528091598.285130000	89.5542	320	1
1528091598.285184000	89.5543	260	1
1528091598.329771000	89.5989	369	1
1528091598.332225000	89.6013	87	0
1528091598.349844000	89.619	87	0
1528091598.409439000	89.6786	416	0
1528091598.413678000	89.6828	106	1
1528091598.414923000	89.684	80	0
1528091598.418683000	89.6878	100	1
1528091598.469745000	89.7389	245	0
1528091598.471234000	89.7403	148	0
1528091598.473685000	89.7428	103	1
1528091598.474167000	89.7433	92	0
1528091598.475654000	89.7448	115	0
1528091598.477705000	89.7468	103	1
1528091598.796010000	90.0651	392	1
1528091598.796105000	90.0652	262	1
1528091598.816175000	90.0853	87	0
1528091598.962738000	90.2319	236	0
1528091598.964288000	90.2334	148	0
1528091598.966685000	90.2358	106	1
1528091598.967152000	90.2363	92	0
1528091598.968658000	90.2378	332	0
1528091598.970705000	90.2398	103	1
1528091599.223348000	90.4925	391	1
1528091599.223437000	90.4926	259	1
1528091599.243988000	90.5131	87	0
1528091599.383526000	90.6526	256	0
1528091599.385015000	90.6541	148	0
1528091599.387702000	90.6568	106	1
1528091599.388305000	90.6574	92	0
1528091599.389759000	90.6589	113	0
1528091599.391695000	90.6608	103	1
1528091599.527753000	90.7969	386	1
1528091599.527811000	90.7969	259	1
1528091599.549246000	90.8184	87	0
1528091599.555260000	90.8244	87	0
1528091599.691371000	90.9605	352	0
1528091599.692813000	90.9619	148	0
1528091599.695723000	90.9648	92	0
1528091599.695818000	90.9649	109	1
1528091599.697257000	90.9664	129	0
1528091599.699737000	90.9689	103	1
1528091599.772768000	91.0419	386	1
1528091599.772827000	91.0419	259	1
1528091599.802948000	91.0721	87	0
1528091599.940427000	91.2095	235	0
1528091599.941885000	91.211	148	0
1528091599.944778000	91.2139	106	1
1528091599.944795000	91.2139	92	0
1528091599.946335000	91.2155	282	0
1528091599.948728000	91.2178	103	1
1528091600.249594000	91.5187	390	1
1528091600.249666000	91.5188	260	1
1528091600.271372000	91.5405	87	0
1528091600.273747000	91.5429	87	0
1528091600.407097000	91.6762	282	0
1528091600.408551000	91.6777	148	0
1528091600.410790000	91.6799	109	1
1528091600.411485000	91.6806	92	0
1528091600.412945000	91.6821	192	0
1528091600.414796000	91.6839	103	1
1528091600.557823000	91.8269	469	1
1528091600.557917000	91.827	259	1
1528091600.578146000	91.8473	87	0
1528091600.718206000	91.9873	337	0
1528091600.719658000	91.9888	148	0
1528091600.721841000	91.991	106	1
1528091600.722559000	91.9917	92	0
1528091600.724088000	91.9932	100	0
1528091600.725908000	91.995	103	1
1528091600.832980000	92.1021	388	1
1528091600.833047000	92.1022	262	1
1528091600.852611000	92.1217	87	0
1528091600.991229000	92.2603	237	0
1528091600.992658000	92.2618	148	0
1528091600.994858000	92.264	106	1
1528091600.997550000	92.2667	92	0
1528091600.999005000	92.2681	228	0
1528091601.000860000	92.27	103	1
1528091601.046541000	92.3157	92	0
1528091601.049842000	92.319	100	1
1528091601.313140000	92.5823	386	1
1528091601.313199000	92.5823	259	1
1528091601.332708000	92.6018	87	0
1528091601.477144000	92.7463	255	0
1528091601.478662000	92.7478	148	0
1528091601.480884000	92.75	106	1
1528091601.481601000	92.7507	92	0
1528091601.483061000	92.7522	235	0
1528091601.484903000	92.754	103	1
1528091602.971939000	94.2411	918	1
1528091602.972014000	94.2411	259	1
1528091602.992074000	94.2612	87	0
1528091603.132584000	94.4017	258	0
1528091603.134026000	94.4031	148	0
1528091603.136373000	94.4055	106	1
1528091603.136962000	94.4061	92	0
1528091603.138476000	94.4076	92	0
1528091603.140363000	94.4095	103	1
1528091603.286909000	94.556	902	1
1528091603.286973000	94.5561	260	1
1528091603.305554000	94.5747	87	0
1528091603.458106000	94.7272	233	0
1528091603.459551000	94.7287	148	0
1528091603.462408000	94.7315	106	1
1528091603.462647000	94.7318	92	0
1528091603.464115000	94.7332	268	0
1528091603.466378000	94.7355	103	1
1528091603.685883000	94.955	464	1
1528091603.685970000	94.9551	262	1
1528091603.724474000	94.9936	464	1
1528091603.726036000	94.9952	87	0
1528091603.745744000	95.0149	87	0
1528091603.863513000	95.1326	275	0
1528091603.865034000	95.1341	148	0
1528091603.867418000	95.1365	109	1
1528091603.867907000	95.137	92	0
1528091603.869382000	95.1385	224	0
1528091603.871408000	95.1405	103	1
1528091604.106965000	95.3761	387	1
1528091604.107031000	95.3761	260	1
1528091604.139762000	95.4089	87	0
1528091604.279752000	95.5489	256	0
1528091604.281252000	95.5504	148	0
1528091604.283422000	95.5525	106	1
1528091604.284247000	95.5534	92	0
1528091604.285705000	95.5548	118	0
1528091604.288381000	95.5575	103	1
1528091604.490450000	95.7596	391	1
1528091604.490520000	95.7596	261	1
1528091604.510218000	95.7793	87	0
1528091604.656295000	95.9254	235	0
1528091604.657741000	95.9269	148	0
1528091604.660396000	95.9295	106	1
1528091604.662397000	95.9315	92	0
1528091604.663878000	95.933	230	0
1528091604.666411000	95.9355	103	1
1528091604.911636000	96.1808	387	1
1528091604.911703000	96.1808	260	1
1528091604.933253000	96.2024	87	0
1528091605.074268000	96.3434	233	0
1528091605.075673000	96.3448	148	0
1528091605.078480000	96.3476	106	1
1528091605.078605000	96.3477	92	0
1528091605.080119000	96.3492	114	0
1528091605.082485000	96.3516	103	1
1528091605.391931000	96.661	386	1
1528091605.392006000	96.6611	260	1
1528091605.433557000	96.7027	386	1
1528091605.475522000	96.7446	260	1
1528091605.590661000	96.8598	87	0
1528091605.733137000	97.0023	256	0
1528091605.734651000	97.0038	148	0
1528091605.736516000	97.0056	106	1
1528091605.738328000	97.0074	92	0
1528091605.739756000	97.0089	288	0
1528091605.742531000	97.0116	103	1
1528091605.890930000	97.16	390	1
1528091605.891009000	97.1601	262	1
1528091605.920148000	97.1893	87	0
1528091606.062972000	97.3321	235	0
1528091606.064475000	97.3336	148	0
1528091606.066536000	97.3357	106	1
1528091606.068030000	97.3371	92	0
1528091606.069481000	97.3386	187	0
1528091606.071483000	97.3406	103	1
1528091606.260609000	97.5297	390	1
1528091606.260671000	97.5298	259	1
1528091606.294762000	97.5639	87	0
1528091606.432496000	97.7016	258	0
1528091606.433850000	97.703	148	0
1528091606.436561000	97.7057	106	1
1528091606.436871000	97.706	92	0
1528091606.438373000	97.7075	242	0
1528091606.440550000	97.7097	103	1
1528091606.687696000	97.9568	471	1
1528091606.687790000	97.9569	260	1
1528091606.708478000	97.9776	87	0
1528091606.879562000	98.1487	354	0
1528091606.880981000	98.1501	148	0
1528091606.883589000	98.1527	106	1
1528091606.884446000	98.1536	92	0
1528091606.885912000	98.155	205	0
1528091606.888603000	98.1577	103	1
1528091607.115866000	98.385	387	1
1528091607.115956000	98.3851	262	1
1528091607.136633000	98.4057	87	0
1528091607.336027000	98.6051	258	0
1528091607.338459000	98.6076	148	0
1528091607.339614000	98.6087	106	1
1528091607.341407000	98.6105	92	0
1528091607.342858000	98.612	153	0
1528091607.345603000	98.6147	103	1
1528091607.577060000	98.8462	387	1
1528091607.577123000	98.8462	262	1
1528091607.596294000	98.8654	87	0
1528091607.736613000	99.0057	256	0
1528091607.738117000	99.0072	148	0
1528091607.740560000	99.0097	106	1
1528091607.740975000	99.0101	92	0
1528091607.742440000	99.0116	307	0
1528091607.744588000	99.0137	103	1
1528091607.946942000	99.2161	919	1
1528091607.947003000	99.2161	259	1
1528091607.966265000	99.2354	87	0
1528091608.103995000	99.3731	364	0
1528091608.105491000	99.3746	148	0
1528091608.107653000	99.3768	106	1
1528091608.108421000	99.3775	92	0
1528091608.109885000	99.379	217	0
1528091608.112616000	99.3817	103	1
1528091608.392238000	99.6614	902	1
1528091608.392297000	99.6614	260	1
1528091608.411980000	99.6811	87	0
1528091608.549620000	99.8187	235	0
1528091608.551005000	99.8201	148	0
1528091608.553677000	99.8228	106	1
1528091608.553928000	99.823	92	0
1528091608.555520000	99.8246	308	0
1528091608.557698000	99.8268	103	1
1528091608.691862000	99.961	465	1
1528091608.691949000	99.9611	259	1
1528091608.708874000	99.978	100	0
1528091608.712676000	99.9818	100	1
1528091608.848517000	100.118	235	0
1528091608.849958000	100.119	148	0
1528091608.852689000	100.122	103	1
1528091608.852910000	100.122	92	0
1528091608.854484000	100.124	131	0
1528091608.856683000	100.126	103	1
1528091608.976868000	100.246	387	1
1528091608.976965000	100.246	259	1
1528091609.008201000	100.277	87	0
1528091609.149624000	100.419	255	0
1528091609.150990000	100.42	148	0
1528091609.153690000	100.423	106	1
1528091609.153939000	100.423	92	0
1528091609.156971000	100.426	188	0
1528091609.157638000	100.427	103	1
1528091609.431893000	100.701	386	1
1528091609.431986000	100.701	262	1
1528091609.455759000	100.725	87	0
1528091609.654046000	100.923	233	0
1528091609.655549000	100.925	148	0
1528091609.657701000	100.927	106	1
1528091609.658488000	100.928	92	0
1528091609.659948000	100.929	290	0
1528091609.662682000	100.932	103	1
1528091609.974137000	101.243	386	1
1528091609.974231000	101.243	260	1
1528091610.003996000	101.273	87	0
1528091610.141387000	101.411	298	0
1528091610.142827000	101.412	148	0
1528091610.145738000	101.415	92	0
1528091610.145745000	101.415	106	1
1528091610.147279000	101.416	325	0
1528091610.149707000	101.419	103	1
1528091610.441753000	101.711	386	1
1528091610.441812000	101.711	259	1
1528091610.460649000	101.73	87	0
1528091610.614189000	101.883	235	0
1528091610.615654000	101.885	148	0
1528091610.617785000	101.887	106	1
1528091610.618585000	101.888	92	0
1528091610.620043000	101.889	197	0
1528091610.622753000	101.892	103	1
1528091612.142362000	103.411	392	1
1528091612.142428000	103.412	261	1
1528091612.168885000	103.438	87	0
1528091612.310665000	103.58	259	0
1528091612.312141000	103.581	148	0
1528091612.314875000	103.584	106	1
1528091612.315065000	103.584	92	0
1528091612.316603000	103.586	239	0
1528091612.318870000	103.588	103	1
1528091612.356794000	103.626	388	1
1528091612.356885000	103.626	259	1
1528091612.358663000	103.628	259	0
1528091612.362879000	103.632	100	1
1528091612.378576000	103.648	87	0
1528091612.517869000	103.787	233	0
1528091612.519324000	103.788	148	0
1528091612.521879000	103.791	106	1
1528091612.522202000	103.791	92	0
1528091612.523664000	103.793	169	0
1528091612.525875000	103.795	103	1
1528091612.652469000	103.922	387	1
1528091612.652559000	103.922	260	1
1528091612.673207000	103.942	87	0
1528091612.816871000	104.086	233	0
1528091612.818379000	104.087	148	0
1528091612.820895000	104.09	106	1
1528091612.822739000	104.092	92	0
1528091612.824293000	104.093	327	0
1528091612.826890000	104.096	103	1
1528091613.084212000	104.353	470	1
1528091613.084281000	104.353	259	1
1528091613.118831000	104.388	87	0
1528091613.262770000	104.532	259	0
1528091613.264314000	104.533	148	0
1528091613.266952000	104.536	106	1
1528091613.267178000	104.536	92	0
1528091613.268658000	104.538	254	0
1528091613.270916000	104.54	103	1
1528091613.406951000	104.676	387	1
1528091613.407045000	104.676	259	1
1528091613.425464000	104.695	87	0
1528091613.568666000	104.838	235	0
1528091613.570164000	104.839	148	0
1528091613.572943000	104.842	106	1
1528091613.573154000	104.842	92	0
1528091613.574701000	104.844	254	0
1528091613.576930000	104.846	103	1
1528091613.652442000	104.922	387	1
1528091613.652532000	104.922	261	1
1528091613.671673000	104.941	87	0
1528091613.676573000	104.946	87	0
1528091613.815979000	105.085	354	0
1528091613.817492000	105.087	148	0
1528091613.819961000	105.089	109	1
1528091613.820421000	105.09	92	0
1528091613.821876000	105.091	124	0
1528091613.823959000	105.093	103	1
1528091614.059181000	105.328	922	1
1528091614.059272000	105.328	260	1
1528091614.078268000	105.347	87	0
1528091614.222099000	105.491	257	0
1528091614.223537000	105.493	148	0
1528091614.225910000	105.495	106	1
1528091614.227191000	105.496	92	0
1528091614.228654000	105.498	247	0
1528091614.231002000	105.5	103	1
1528091614.418315000	105.687	902	1
1528091614.418378000	105.687	259	1
1528091614.438953000	105.708	87	0
1528091614.589115000	105.858	256	0
1528091614.590603000	105.86	148	0
1528091614.593002000	105.862	106	1
1528091614.594254000	105.863	92	0
1528091614.595660000	105.865	165	0
1528091614.597990000	105.867	103	1
1528091614.876791000	106.146	463	1
1528091614.876877000	106.146	260	1
1528091614.914966000	106.184	87	0
1528091614.921992000	106.191	87	0
1528091615.060569000	106.33	339	0
1528091615.061999000	106.331	148	0
1528091615.063881000	106.333	92	0
1528091615.065031000	106.334	112	1
1528091615.065430000	106.335	303	0
1528091615.069050000	106.338	100	1
1528091615.442311000	106.711	392	1
1528091615.442374000	106.711	264	1
1528091615.472856000	106.742	87	0
1528091615.613029000	106.882	259	0
1528091615.614568000	106.884	148	0
1528091615.617061000	106.886	106	1
1528091615.618030000	106.887	92	0
1528091615.619498000	106.889	219	0
1528091615.622078000	106.891	103	1
1528091615.882530000	107.152	388	1
1528091615.882595000	107.152	260	1
1528091615.903048000	107.172	87	0
1528091616.071016000	107.34	233	0
1528091616.072455000	107.342	148	0
1528091616.075088000	107.344	106	1
1528091616.075462000	107.345	92	0
1528091616.076933000	107.346	339	0
1528091616.079104000	107.348	103	1
1528091616.183215000	107.452	386	1
1528091616.183302000	107.452	259	1
1528091616.204937000	107.474	87	0
1528091616.213551000	107.483	87	0
1528091616.349163000	107.618	257	0
1528091616.350637000	107.62	148	0
1528091616.353105000	107.622	109	1
1528091616.355308000	107.624	92	0
1528091616.356874000	107.626	269	0
1528091616.359094000	107.628	103	1
1528091616.438058000	107.707	386	1
1528091616.438143000	107.707	259	1
1528091616.456967000	107.726	87	0
1528091616.610109000	107.879	235	0
1528091616.611553000	107.881	148	0
1528091616.614117000	107.883	106	1
1528091616.614964000	107.884	92	0
1528091616.616381000	107.885	338	0
1528091616.619122000	107.888	103	1
1528091616.893488000	108.163	387	1
1528091616.893549000	108.163	260	1
1528091616.914898000	108.184	87	0
1528091617.059411000	108.329	277	0
1528091617.060925000	108.33	148	0
1528091617.063146000	108.332	106	1
1528091617.065679000	108.335	92	0
1528091617.067134000	108.336	209	0
1528091617.069144000	108.338	103	1
1528091617.253165000	108.522	388	1
1528091617.253258000	108.522	259	1
1528091617.298182000	108.567	388	1
1528091617.302711000	108.572	87	0
1528091617.321974000	108.591	87	0
1528091617.446061000	108.715	259	0
1528091617.447501000	108.717	148	0
1528091617.450191000	108.719	109	1
1528091617.450377000	108.719	92	0
1528091617.451958000	108.721	259	0
1528091617.454153000	108.723	103	1
1528091617.748591000	109.018	387	1
1528091617.748653000	109.018	260	1
1528091617.788121000	109.057	87	0
1528091617.933951000	109.203	233	0
1528091617.935503000	109.205	148	0
1528091617.938196000	109.207	106	1
1528091617.938588000	109.208	92	0
1528091617.939973000	109.209	101	0
1528091617.942125000	109.211	103	1
1528091618.147666000	109.417	471	1
1528091618.147726000	109.417	262	1
1528091618.177848000	109.447	87	0
1528091618.317879000	109.587	257	0
1528091618.319282000	109.588	148	0
1528091618.322150000	109.591	106	1
1528091618.322396000	109.592	92	0
1528091618.323866000	109.593	227	0
1528091618.326167000	109.595	103	1
1528091618.530636000	109.8	389	1
1528091618.530726000	109.8	259	1
1528091618.556410000	109.826	87	0
1528091618.696885000	109.966	233	0
1528091618.698329000	109.967	148	0
1528091618.701208000	109.97	92	0
1528091618.701299000	109.97	106	1
1528091618.702673000	109.972	335	0
1528091618.705227000	109.974	103	1
1528091618.743096000	110.012	92	0
1528091618.747240000	110.016	100	1
1528091618.982826000	110.252	921	1
1528091618.982884000	110.252	260	1
1528091619.004579000	110.274	87	0
1528091619.139520000	110.409	258	0
1528091619.141036000	110.41	148	0
1528091619.143265000	110.412	106	1
1528091619.145685000	110.415	92	0
1528091619.147203000	110.416	270	0
1528091619.149279000	110.418	103	1
1528091619.373441000	110.643	902	1
1528091619.373528000	110.643	259	1
1528091619.423289000	110.692	902	1
1528091619.427853000	110.697	87	0
1528091619.434641000	110.704	87	0
1528091619.465988000	110.735	87	0
1528091619.578060000	110.847	232	0
1528091619.579508000	110.849	148	0
1528091619.582313000	110.851	112	1
1528091619.582358000	110.851	92	0
1528091619.583899000	110.853	135	0
1528091619.586280000	110.855	103	1
1528091619.688385000	110.957	463	1
1528091619.688481000	110.958	259	1
1528091619.708910000	110.978	87	0
1528091619.844172000	111.113	352	0
1528091619.845625000	111.115	148	0
1528091619.848302000	111.117	106	1
1528091619.848489000	111.118	92	0
1528091619.850019000	111.119	112	0
1528091619.852298000	111.121	103	1
1528091619.913328000	111.182	387	1
1528091619.913392000	111.183	259	1
1528091619.931937000	111.201	87	0
1528091620.072301000	111.341	235	0
1528091620.073815000	111.343	148	0
1528091620.076315000	111.345	106	1
1528091620.076816000	111.346	92	0
1528091620.078276000	111.347	250	0
1528091620.080331000	111.349	103	1
1528091620.328454000	111.598	388	1
1528091620.328551000	111.598	260	1
1528091620.375119000	111.644	87	0
1528091620.505068000	111.774	279	0
1528091620.506444000	111.776	148	0
1528091620.509351000	111.778	92	0
1528091620.509426000	111.779	106	1
1528091620.510904000	111.78	110	0
1528091620.513357000	111.782	103	1
1528091620.677471000	111.947	386	1
1528091620.677566000	111.947	259	1
1528091620.697729000	111.967	87	0
1528091620.834566000	112.104	339	0
1528091620.836022000	112.105	148	0
1528091620.838383000	112.107	106	1
1528091620.838957000	112.108	92	0
1528091620.840359000	112.109	309	0
1528091620.842292000	112.111	103	1
1528091620.894948000	112.164	387	1
1528091620.895025000	112.164	262	1
1528091620.915299000	112.184	87	0
1528091621.101219000	112.37	256	0
1528091621.102661000	112.372	148	0
1528091621.105371000	112.374	106	1
1528091621.105978000	112.375	92	0
1528091621.107387000	112.377	174	0
1528091621.109378000	112.378	103	1
1528091622.575944000	113.845	387	1
1528091622.576012000	113.845	259	1
1528091622.595562000	113.865	87	0
1528091622.729994000	113.999	257	0
1528091622.731433000	114.001	148	0
1528091622.733467000	114.003	106	1
1528091622.734358000	114.003	92	0
1528091622.735884000	114.005	128	0
1528091622.738458000	114.008	103	1
1528091622.900691000	114.17	387	1
1528091622.900756000	114.17	259	1
1528091622.920292000	114.189	87	0
1528091623.060183000	114.329	237	0
1528091623.061564000	114.331	148	0
1528091623.064418000	114.334	106	1
1528091623.064565000	114.334	92	0
1528091623.066023000	114.335	134	0
1528091623.068426000	114.338	103	1
1528091624.789180000	116.058	389	1
1528091624.789265000	116.058	259	1
1528091624.810133000	116.079	87	0
1528091624.945006000	116.214	298	0
