1527907319.681853000	0	296	1
1527907319.710772000	0.028919	87	0
1527907319.901498000	0.219645	329	0
1527907319.905646000	0.223793	103	1
1527907319.910185000	0.228332	1412	0
1527907319.910799000	0.228946	1412	0
1527907319.911427000	0.229574	1412	0
1527907319.912048000	0.230195	186	0
1527907319.912676000	0.230823	1412	0
1527907319.913385000	0.231532	1412	0
1527907319.913574000	0.231721	115	1
1527907319.914040000	0.232187	1412	0
1527907319.914635000	0.232782	188	0
1527907319.915552000	0.233699	1412	0
1527907319.916193000	0.23434	1412	0
1527907319.916882000	0.235029	1412	0
1527907319.917481000	0.235628	173	0
1527907319.918270000	0.236417	1412	0
1527907319.918898000	0.237045	1412	0
1527907319.919523000	0.23767	1412	0
1527907319.920115000	0.238262	188	0
1527907319.920759000	0.238906	1033	0
1527907319.921423000	0.23957	100	1
1527907319.931189000	0.249336	127	1
1527907319.946831000	0.264978	1412	0
1527907319.947445000	0.265592	1412	0
1527907319.948072000	0.266219	1412	0
1527907319.948665000	0.266812	198	0
1527907319.950740000	0.268887	100	1
1527907319.953874000	0.272021	1241	0
1527907319.954492000	0.272639	1412	0
1527907319.955089000	0.273236	252	0
1527907319.955849000	0.273996	1412	0
1527907319.956447000	0.274594	802	0
1527907319.956614000	0.274761	121	1
1527907319.958160000	0.276307	1412	0
1527907319.958765000	0.276912	997	0
1527907319.960496000	0.278643	1412	0
1527907319.961041000	0.279188	1412	0
1527907319.961601000	0.279748	109	1
1527907319.961653000	0.2798	1412	0
1527907319.962347000	0.280494	188	0
1527907319.963039000	0.281186	84	0
1527907319.963711000	0.281858	1412	0
1527907319.964303000	0.28245	168	0
1527907319.965644000	0.283791	112	1
1527907319.967270000	0.285417	1412	0
1527907319.967898000	0.286045	1412	0
1527907319.968529000	0.286676	1412	0
1527907319.969124000	0.287271	188	0
1527907319.969790000	0.287937	1412	0
1527907319.970386000	0.288533	153	0
1527907319.971057000	0.289204	1412	0
1527907319.971159000	0.289306	115	1
1527907319.971685000	0.289832	1412	0
1527907319.972317000	0.290464	1412	0
1527907319.972985000	0.291132	188	0
1527907319.973636000	0.291783	794	0
1527907319.974281000	0.292428	1412	0
1527907319.974576000	0.292723	115	1
1527907319.974903000	0.29305	1412	0
1527907319.975534000	0.293681	1412	0
1527907319.976128000	0.294275	198	0
1527907319.976767000	0.294914	856	0
1527907319.978565000	0.296712	109	1
1527907320.391771000	0.709918	919	1
1527907320.391863000	0.71001	1412	1
1527907320.391898000	0.710045	908	1
1527907320.398666000	0.716813	437	1
1527907320.411283000	0.72943	87	0
1527907320.415083000	0.73323	87	0
1527907320.635982000	0.954129	168	1
1527907320.657514000	0.975661	87	0
1527907320.731649000	1.0498	376	0
1527907320.735678000	1.05382	103	1
1527907320.736050000	1.0542	80	0
1527907320.739681000	1.05783	100	1
1527907320.760107000	1.07825	265	0
1527907320.760769000	1.07892	1412	0
1527907320.761384000	1.07953	1412	0
1527907320.762009000	1.08016	1412	0
1527907320.762637000	1.08078	1412	0
1527907320.763359000	1.08151	1412	0
1527907320.763859000	1.08201	115	1
1527907320.763977000	1.08212	1169	0
1527907320.764664000	1.08281	92	0
1527907320.765295000	1.08344	164	0
1527907320.768937000	1.08708	106	1
1527907321.002895000	1.32104	412	0
1527907321.003553000	1.3217	1115	0
1527907321.004372000	1.32252	92	0
1527907321.005038000	1.32318	330	0
1527907321.006682000	1.32483	109	1
1527907321.414695000	1.73284	329	1
1527907321.414769000	1.73292	145	1
1527907321.432630000	1.75078	87	0
1527907321.465310000	1.78346	156	1
1527907321.465387000	1.78353	191	1
1527907321.481806000	1.79995	87	0
1527907321.504523000	1.82267	1412	0
1527907321.505159000	1.82331	1412	0
1527907321.505790000	1.82394	1412	0
1527907321.506391000	1.82454	528	0
1527907321.507000000	1.82515	92	0
1527907321.507635000	1.82578	213	0
1527907321.508703000	1.82685	121	1
1527907321.577591000	1.89574	592	0
1527907321.578185000	1.89633	92	0
1527907321.578809000	1.89696	120	0
1527907321.581693000	1.89984	106	1
1527907322.330786000	2.64893	345	1
1527907322.347448000	2.6656	87	0
1527907322.353889000	2.67204	1412	1
1527907322.353974000	2.67212	1412	1
1527907322.353995000	2.67214	297	1
1527907322.354067000	2.67221	845	1
1527907322.372593000	2.69074	87	0
1527907322.396736000	2.71488	765	0
1527907322.400730000	2.71888	106	1
1527907322.687059000	3.00521	327	0
1527907322.687715000	3.00586	1412	0
1527907322.688330000	3.00648	997	0
1527907322.688926000	3.00707	92	0
1527907322.689555000	3.0077	118	0
1527907322.690764000	3.00891	112	1
1527907323.386576000	3.70472	771	1
1527907323.386685000	3.70483	1412	1
1527907323.386721000	3.70487	1412	1
1527907323.386750000	3.7049	1412	1
1527907323.386772000	3.70492	1412	1
1527907323.386812000	3.70496	1412	1
1527907323.386868000	3.70501	1412	1
1527907323.386892000	3.70504	1412	1
1527907323.386915000	3.70506	1412	1
1527907323.386976000	3.70512	1412	1
1527907323.386998000	3.70514	1412	1
1527907323.387033000	3.70518	1412	1
1527907323.387079000	3.70523	1412	1
1527907323.387101000	3.70525	1284	1
1527907323.404346000	3.72249	87	0
1527907323.407466000	3.72561	87	0
1527907323.725602000	4.04375	396	0
1527907323.727565000	4.04571	80	0
1527907323.735208000	4.05335	109	1
1527907325.598071000	5.91622	333	1
1527907325.598166000	5.91631	1412	1
1527907325.598203000	5.91635	983	1
1527907325.599129000	5.91728	224	1
1527907325.599187000	5.91733	1412	1
1527907325.599212000	5.91736	1412	1
1527907325.599232000	5.91738	761	1
1527907325.613355000	5.9315	102	1
1527907325.614096000	5.93224	87	0
1527907325.618845000	5.93699	87	0
1527907325.620034000	5.93818	270	1
1527907325.628987000	5.94713	94	0
1527907325.632216000	5.95036	87	0
1527907325.632521000	5.95067	103	1
1527907325.639573000	5.95772	87	0
1527907325.961125000	6.27927	396	0
1527907325.963326000	6.28147	80	0
1527907325.965524000	6.28367	106	1
1527907326.638271000	6.95642	548	0
1527907326.638896000	6.95704	304	0
1527907326.639522000	6.95767	301	0
1527907326.640019000	6.95817	117	1
1527907326.643453000	6.9616	103	1
1527907326.643761000	6.96191	253	1
1527907326.657137000	6.97528	87	0
1527907326.667632000	6.98578	87	0
1527907326.877027000	7.19517	868	0
1527907326.877772000	7.19592	1412	0
1527907326.878407000	7.19655	1412	0
1527907326.879038000	7.19719	1412	0
1527907326.879634000	7.19778	180	0
1527907326.880289000	7.19844	1412	0
1527907326.880918000	7.19906	1357	0
1527907326.881582000	7.19973	1412	0
1527907326.882212000	7.20036	1412	0
1527907326.882904000	7.20105	1412	0
1527907326.883489000	7.20164	124	1
1527907326.883513000	7.20166	188	0
1527907326.884198000	7.20234	1235	0
1527907326.887468000	7.20562	112	1
1527907326.888467000	7.20661	1412	0
1527907326.889098000	7.20724	1412	0
1527907326.889729000	7.20788	1412	0
1527907326.890325000	7.20847	188	0
1527907326.890965000	7.20911	84	0
1527907326.892576000	7.21072	112	1
1527907326.907044000	7.22519	1412	0
1527907326.907653000	7.2258	739	0
1527907326.910559000	7.22871	103	1
1527907326.912207000	7.23035	1412	0
1527907326.912908000	7.23106	1412	0
1527907326.914391000	7.23254	1412	0
1527907326.914986000	7.23313	180	0
1527907326.916465000	7.23461	109	1
1527907326.922238000	7.24039	742	0
1527907326.922935000	7.24108	1412	0
1527907326.923574000	7.24172	1412	0
1527907326.924258000	7.2424	1412	0
1527907326.924897000	7.24304	1412	0
1527907326.925528000	7.24367	1412	0
1527907326.926156000	7.2443	1412	0
1527907326.926780000	7.24493	1191	0
1527907326.927411000	7.24556	1412	0
1527907326.928005000	7.24615	197	0
1527907326.928145000	7.24629	127	1
1527907326.928689000	7.24684	1412	0
1527907326.929326000	7.24747	1412	0
1527907326.929948000	7.2481	1412	0
1527907326.930540000	7.24869	188	0
1527907326.931199000	7.24935	1195	0
1527907326.931911000	7.25006	1412	0
1527907326.932541000	7.25069	1412	0
1527907326.933239000	7.25139	1412	0
1527907326.933556000	7.2517	121	1
1527907326.933836000	7.25198	188	0
1527907326.934485000	7.25263	987	0
1527907326.935124000	7.25327	1412	0
1527907326.935749000	7.2539	1262	0
1527907326.936362000	7.25451	744	0
1527907326.937004000	7.25515	1412	0
1527907326.937517000	7.25566	109	1
1527907326.937629000	7.25578	1334	0
1527907326.938258000	7.2564	1412	0
1527907326.938885000	7.25703	1412	0
1527907326.939484000	7.25763	340	0
1527907326.940100000	7.25825	140	0
1527907326.944170000	7.26232	112	1
1527907326.950711000	7.26886	103	1
1527907328.353675000	8.67182	310	1
1527907328.353760000	8.67191	145	1
1527907328.371764000	8.68991	87	0
1527907328.425844000	8.74399	1412	0
1527907328.426715000	8.74486	1412	0
1527907328.427345000	8.74549	1412	0
1527907328.427953000	8.7461	658	0
1527907328.428559000	8.74671	92	0
1527907328.429194000	8.74734	315	0
1527907328.429609000	8.74776	118	1
1527907329.429859000	9.74801	381	1
1527907329.429946000	9.74809	295	1
1527907329.430661000	9.74881	304	1
1527907329.430715000	9.74886	1412	1
1527907329.430739000	9.74889	1412	1
1527907329.430760000	9.74891	982	1
1527907329.447092000	9.76524	87	0
1527907329.473133000	9.79128	383	1
1527907329.490466000	9.80861	87	0
1527907329.736778000	10.0549	472	0
1527907329.740633000	10.0588	106	1
1527907329.743260000	10.0614	80	0
1527907329.746666000	10.0648	100	1
1527907329.765619000	10.0838	311	0
1527907329.766260000	10.0844	1400	0
1527907329.767399000	10.0855	513	0
1527907329.768025000	10.0862	592	0
1527907329.769321000	10.0875	635	0
1527907329.769633000	10.0878	112	1
1527907329.770303000	10.0884	467	0
1527907329.771577000	10.0897	697	0
1527907329.772500000	10.0906	484	0
1527907329.773613000	10.0918	106	1
1527907329.773800000	10.0919	835	0
1527907329.775463000	10.0936	649	0
1527907329.776117000	10.0943	519	0
1527907329.777066000	10.0952	439	0
1527907329.777608000	10.0958	109	1
1527907329.778425000	10.0966	275	0
1527907329.779051000	10.0972	103	0
1527907329.779694000	10.0978	701	0
1527907329.780382000	10.0985	616	0
1527907329.781016000	10.0992	558	0
1527907329.781631000	10.0998	130	0
1527907329.782270000	10.1004	654	0
1527907329.782615000	10.1008	118	1
1527907329.782958000	10.1011	583	0
1527907329.783677000	10.1018	689	0
1527907329.786615000	10.1048	103	1
1527907329.799764000	10.1179	1412	1
1527907329.799804000	10.118	1412	1
1527907329.799828000	10.118	261	1
1527907329.799888000	10.118	845	1
1527907329.809622000	10.1278	102	0
1527907329.810258000	10.1284	189	0
1527907329.813626000	10.1318	103	1
1527907329.818392000	10.1365	87	0
1527907329.842004000	10.1602	509	0
1527907329.842629000	10.1608	292	0
1527907329.845627000	10.1638	106	1
1527907330.423548000	10.7417	993	1
1527907330.423625000	10.7418	110	1
1527907330.433566000	10.7517	304	1
1527907330.436098000	10.7542	479	1
1527907330.436143000	10.7543	88	1
1527907330.442180000	10.7603	87	0
1527907330.450942000	10.7691	87	0
1527907330.456443000	10.7746	87	0
1527907330.580875000	10.899	240	0
1527907330.581482000	10.8996	151	0
1527907330.584386000	10.9025	92	0
1527907330.584671000	10.9028	115	1
1527907330.624282000	10.9424	155	0
1527907330.629526000	10.9477	100	1
1527907330.840386000	11.1585	300	0
1527907330.840989000	11.1591	103	0
1527907330.843773000	11.1619	92	0
1527907330.844398000	11.1625	103	0
1527907330.852026000	11.1702	109	1
1527907330.893260000	11.2114	235	0
1527907330.893873000	11.212	141	0
1527907330.896721000	11.2149	103	1
1527907330.896901000	11.215	92	0
1527907330.897541000	11.2157	170	0
1527907330.900737000	11.2189	103	1
1527907331.398028000	11.7162	394	1
1527907331.398114000	11.7163	265	1
1527907331.415943000	11.7341	87	0
1527907331.707718000	12.0259	420	1
1527907331.707809000	12.026	95	1
1527907331.725390000	12.0435	87	0
1527907331.856182000	12.1743	261	0
1527907331.856812000	12.175	367	0
1527907331.859764000	12.1779	109	1
1527907331.860749000	12.1789	157	0
1527907331.864900000	12.183	100	1
1527907332.234776000	12.5529	243	0
1527907332.235387000	12.5535	146	0
1527907332.236384000	12.5545	92	0
1527907332.236997000	12.5551	170	0
1527907332.238797000	12.5569	109	1
1527907332.372403000	12.6905	372	1
1527907332.372528000	12.6907	1412	1
1527907332.372567000	12.6907	1412	1
1527907332.372620000	12.6908	1412	1
1527907332.372658000	12.6908	1412	1
1527907332.372708000	12.6909	1412	1
1527907332.372745000	12.6909	1412	1
1527907332.372799000	12.6909	1412	1
1527907332.372836000	12.691	1412	1
1527907332.372894000	12.691	1412	1
1527907332.372917000	12.6911	1412	1
1527907332.372980000	12.6911	1412	1
1527907332.373017000	12.6912	1412	1
1527907332.373070000	12.6912	1412	1
1527907332.373092000	12.6912	1412	1
1527907332.373155000	12.6913	1412	1
1527907332.373193000	12.6913	1412	1
1527907332.373240000	12.6914	1412	1
1527907332.373277000	12.6914	1412	1
1527907332.374809000	12.693	1412	1
1527907332.374867000	12.693	1412	1
1527907332.374891000	12.693	1412	1
1527907332.374927000	12.6931	1412	1
1527907332.374977000	12.6931	1412	1
1527907332.375014000	12.6932	1412	1
1527907332.375048000	12.6932	1412	1
1527907332.375070000	12.6932	1412	1
1527907332.375111000	12.6933	1412	1
1527907332.375148000	12.6933	1412	1
1527907332.375182000	12.6933	1412	1
1527907332.375217000	12.6934	1412	1
1527907332.375251000	12.6934	1412	1
1527907332.375299000	12.6934	1412	1
1527907332.375322000	12.6935	1412	1
1527907332.375343000	12.6935	793	1
1527907332.389448000	12.7076	87	0
1527907332.394858000	12.713	87	0
1527907332.396177000	12.7143	87	0
1527907332.397535000	12.7157	87	0
1527907332.400816000	12.719	87	0
1527907332.652450000	12.9706	373	0
1527907332.655803000	12.9739	115	1
1527907332.657739000	12.9759	80	0
1527907332.661931000	12.9801	100	1
1527907332.860914000	13.1791	360	1
1527907332.861512000	13.1797	296	1
1527907332.861696000	13.1798	378	1
1527907332.880366000	13.1985	87	0
1527907332.995855000	13.314	327	1
1527907332.995941000	13.3141	281	1
1527907333.013558000	13.3317	87	0
1527907333.017820000	13.336	87	0
1527907333.029167000	13.3473	648	0
1527907333.029794000	13.3479	803	0
1527907333.031707000	13.3499	92	0
1527907333.032337000	13.3505	326	0
1527907333.032952000	13.3511	118	1
1527907333.166075000	13.4842	395	0
1527907333.166675000	13.4848	118	0
1527907333.167566000	13.4857	235	0
1527907333.168196000	13.4863	280	0
1527907333.169826000	13.488	92	0
1527907333.169878000	13.488	109	1
1527907333.170554000	13.4887	320	0
1527907333.171226000	13.4894	92	0
1527907333.171865000	13.49	324	0
1527907333.173857000	13.492	109	1
1527907333.420341000	13.7385	245	0
1527907333.421014000	13.7392	146	0
1527907333.423883000	13.742	103	1
1527907333.424505000	13.7427	92	0
1527907333.426330000	13.7445	138	0
1527907333.427846000	13.746	103	1
1527907333.454051000	13.7722	395	1
1527907333.454135000	13.7723	264	1
1527907333.471987000	13.7901	87	0
1527907333.714982000	14.0331	256	0
1527907333.715589000	14.0337	146	0
1527907333.718861000	14.037	106	1
1527907333.720464000	14.0386	92	0
1527907333.721277000	14.0394	217	0
1527907333.723843000	14.042	103	1
1527907333.745582000	14.0637	393	1
1527907333.745669000	14.0638	262	1
1527907333.762766000	14.0809	87	0
1527907334.160364000	14.4785	260	0
1527907334.160985000	14.4791	146	0
1527907334.163885000	14.482	106	1
1527907334.165105000	14.4833	92	0
1527907334.165754000	14.4839	189	0
1527907334.168880000	14.487	103	1
1527907334.218877000	14.537	515	1
1527907334.218951000	14.5371	263	1
1527907334.235441000	14.5536	87	0
1527907334.447123000	14.7653	268	0
1527907334.447739000	14.7659	146	0
1527907334.450922000	14.7691	106	1
1527907334.452766000	14.7709	92	0
1527907334.453414000	14.7716	117	0
1527907334.456927000	14.7751	103	1
1527907334.636114000	14.9543	870	1
1527907334.636228000	14.9544	263	1
1527907334.654193000	14.9723	87	0
1527907335.044999000	15.3631	258	0
1527907335.045673000	15.3638	146	0
1527907335.049016000	15.3672	106	1
1527907335.049663000	15.3678	92	0
1527907335.050347000	15.3685	129	0
1527907335.053025000	15.3712	103	1
1527907335.068197000	15.3863	403	1
1527907335.068271000	15.3864	265	1
1527907335.085046000	15.4032	87	0
1527907335.500482000	15.8186	235	0
1527907335.501041000	15.8192	146	0
1527907335.503801000	15.8219	92	0
1527907335.504037000	15.8222	109	1
1527907335.504491000	15.8226	89	0
1527907335.508043000	15.8262	100	1
1527907335.696373000	16.0145	975	1
1527907335.696445000	16.0146	260	1
1527907335.715736000	16.0339	87	0
1527907335.928642000	16.2468	258	0
1527907335.929253000	16.2474	146	0
1527907335.931995000	16.2501	106	1
1527907335.933172000	16.2513	92	0
1527907335.934459000	16.2526	178	0
1527907335.936982000	16.2551	103	1
1527907336.116254000	16.4344	395	1
1527907336.116339000	16.4345	267	1
1527907336.134354000	16.4525	87	0
1527907336.528424000	16.8466	235	0
1527907336.529035000	16.8472	148	0
1527907336.531174000	16.8493	92	0
1527907336.531922000	16.8501	332	0
1527907336.532066000	16.8502	112	1
1527907336.544886000	16.863	395	1
1527907336.544972000	16.8631	266	1
1527907336.561848000	16.88	87	0
1527907336.963589000	17.2817	258	0
1527907336.964196000	17.2823	148	0
1527907336.967105000	17.2853	92	0
1527907336.967234000	17.2854	106	1
1527907336.967742000	17.2859	320	0
1527907336.971051000	17.2892	103	1
1527907337.024549000	17.3427	391	1
1527907337.024642000	17.3428	260	1
1527907337.041863000	17.36	87	0
1527907337.046817000	17.365	87	0
1527907337.437084000	17.7552	235	0
1527907337.437712000	17.7559	148	0
1527907337.439254000	17.7574	92	0
1527907337.439875000	17.758	94	0
1527907337.441073000	17.7592	115	1
1527907337.647274000	17.9654	394	1
1527907337.647362000	17.9655	268	1
1527907337.665118000	17.9833	87	0
1527907337.673906000	17.9921	87	0
1527907338.057503000	18.3756	256	0
1527907338.058045000	18.3762	148	0
1527907338.061180000	18.3793	109	1
1527907338.061712000	18.3799	92	0
1527907338.063069000	18.3812	194	0
1527907338.065172000	18.3833	103	1
1527907338.252616000	18.5708	394	1
1527907338.252701000	18.5708	274	1
1527907338.269953000	18.5881	87	0
1527907338.670930000	18.9891	232	0
1527907338.671544000	18.9897	148	0
1527907338.674718000	18.9929	92	0
1527907338.675208000	18.9934	109	1
1527907338.675407000	18.9936	105	0
1527907338.679229000	18.9974	100	1
1527907338.691516000	19.0097	393	1
1527907338.691602000	19.0097	253	1
1527907338.708868000	19.027	87	0
1527907339.101468000	19.4196	326	0
1527907339.102100000	19.4202	148	0
1527907339.104394000	19.4225	92	0
1527907339.105178000	19.4233	109	1
1527907339.144902000	19.463	179	0
1527907339.149245000	19.4674	100	1
1527907339.313869000	19.632	395	1
1527907339.313957000	19.6321	265	1
1527907339.335527000	19.6537	87	0
1527907339.537904000	19.8561	395	0
1527907339.538442000	19.8566	148	0
1527907339.541228000	19.8594	92	0
1527907339.541882000	19.86	147	0
1527907339.542380000	19.8605	112	1
1527907339.741905000	20.0601	515	1
1527907339.741994000	20.0601	263	1
1527907339.758888000	20.077	87	0
1527907340.151769000	20.4699	256	0
1527907340.152377000	20.4705	148	0
1527907340.155249000	20.4734	106	1
1527907340.155264000	20.4734	92	0
1527907340.155892000	20.474	210	0
1527907340.159277000	20.4774	103	1
1527907340.201775000	20.5199	873	1
1527907340.201839000	20.52	264	1
1527907340.218718000	20.5369	87	0
1527907340.611056000	20.9292	256	0
1527907340.611643000	20.9298	148	0
1527907340.615284000	20.9334	106	1
1527907340.615578000	20.9337	92	0
1527907340.616836000	20.935	299	0
1527907340.619266000	20.9374	103	1
1527907340.646413000	20.9646	987	1
1527907340.646503000	20.9646	262	1
1527907340.665712000	20.9839	87	0
1527907341.067341000	21.3855	260	0
1527907341.067965000	21.3861	148	0
1527907341.070230000	21.3884	92	0
1527907341.070821000	21.389	259	0
1527907341.071303000	21.3894	112	1
1527907341.292892000	21.611	394	1
1527907341.292981000	21.6111	267	1
1527907341.309766000	21.6279	87	0
1527907341.521218000	21.8394	265	0
1527907341.521765000	21.8399	148	0
1527907341.524532000	21.8427	92	0
1527907341.525166000	21.8433	164	0
1527907341.525399000	21.8435	112	1
1527907341.582903000	21.901	392	1
1527907341.582993000	21.9011	259	1
1527907341.601147000	21.9193	87	0
1527907341.994307000	22.3125	255	0
1527907341.994926000	22.3131	148	0
1527907341.997389000	22.3155	92	0
1527907341.998020000	22.3162	210	0
1527907341.998543000	22.3167	112	1
1527907342.139102000	22.4572	388	1
1527907342.139233000	22.4574	263	1
1527907342.157043000	22.4752	87	0
1527907342.268766000	22.5869	304	1
1527907342.268849000	22.587	1412	1
1527907342.268874000	22.587	1412	1
1527907342.268910000	22.5871	1412	1
1527907342.268945000	22.5871	1412	1
1527907342.268976000	22.5871	331	1
1527907342.287279000	22.6054	87	0
1527907342.292086000	22.6102	87	0
1527907342.394155000	22.7123	392	0
1527907342.398430000	22.7166	109	1
1527907342.399394000	22.7175	80	0
1527907342.403417000	22.7216	100	1
1527907342.547848000	22.866	243	0
1527907342.548471000	22.8666	148	0
1527907342.551431000	22.8696	103	1
1527907342.552400000	22.8705	92	0
1527907342.553130000	22.8713	203	0
1527907342.556425000	22.8746	103	1
1527907342.605803000	22.9239	394	1
1527907342.605863000	22.924	266	1
1527907342.623745000	22.9419	87	0
1527907342.829630000	23.1478	256	0
1527907342.830238000	23.1484	148	0
1527907342.833392000	23.1515	106	1
1527907342.833829000	23.152	92	0
1527907342.834470000	23.1526	194	0
1527907342.837386000	23.1555	103	1
1527907342.940332000	23.2585	393	1
1527907342.940413000	23.2586	258	1
1527907342.957264000	23.2754	87	0
1527907343.348199000	23.6663	235	0
1527907343.348814000	23.667	148	0
1527907343.352023000	23.6702	92	0
1527907343.352476000	23.6706	109	1
1527907343.352675000	23.6708	195	0
1527907343.356499000	23.6746	100	1
1527907343.411190000	23.7293	391	1
1527907343.411253000	23.7294	265	1
1527907343.428145000	23.7463	87	0
1527907343.643243000	23.9614	232	0
1527907343.643792000	23.9619	148	0
1527907343.647464000	23.9656	92	0
1527907343.647558000	23.9657	106	1
1527907343.648093000	23.9662	217	0
1527907343.651521000	23.9697	103	1
1527907343.851004000	24.1692	393	1
1527907343.851089000	24.1692	261	1
1527907343.867868000	24.186	87	0
1527907344.265085000	24.5832	256	0
1527907344.265625000	24.5838	148	0
1527907344.268798000	24.5869	92	0
1527907344.269638000	24.5878	109	1
1527907344.269662000	24.5878	262	0
1527907344.273532000	24.5917	100	1
1527907344.473318000	24.7915	390	1
1527907344.473420000	24.7916	267	1
1527907344.489965000	24.8081	87	0
1527907344.895199000	25.2133	324	0
1527907344.895736000	25.2139	148	0
1527907344.898596000	25.2167	92	0
1527907344.899211000	25.2174	109	0
1527907344.899807000	25.218	112	1
1527907344.923180000	25.2413	512	1
1527907344.923242000	25.2414	264	1
1527907344.940398000	25.2585	87	0
1527907345.338421000	25.6566	397	0
1527907345.338959000	25.6571	148	0
1527907345.341153000	25.6593	92	0
1527907345.341808000	25.66	128	0
1527907345.342535000	25.6607	112	1
1527907345.468736000	25.7869	873	1
1527907345.468812000	25.787	265	1
1527907345.487752000	25.8059	87	0
1527907345.729513000	26.0477	235	0
1527907345.730055000	26.0482	148	0
1527907345.733572000	26.0517	106	1
1527907345.735261000	26.0534	92	0
1527907345.735894000	26.054	304	0
1527907345.738591000	26.0567	103	1
1527907345.950782000	26.2689	989	1
1527907345.950872000	26.269	264	1
1527907345.967424000	26.2856	87	0
1527907346.364343000	26.6825	282	0
1527907346.364884000	26.683	148	0
1527907346.368123000	26.6863	92	0
1527907346.368664000	26.6868	109	1
1527907346.368684000	26.6868	153	0
1527907346.372673000	26.6908	100	1
1527907346.415865000	26.734	394	1
1527907346.415938000	26.7341	262	1
1527907346.434103000	26.7522	87	0
1527907346.652968000	26.9711	232	0
1527907346.653664000	26.9718	148	0
1527907346.656680000	26.9748	106	1
1527907346.657254000	26.9754	92	0
1527907346.657896000	26.976	183	0
1527907346.660671000	26.9788	103	1
1527907346.858164000	27.1763	393	1
1527907346.858253000	27.1764	253	1
1527907346.876298000	27.1944	87	0
1527907347.277091000	27.5952	259	0
1527907347.277657000	27.5958	148	0
1527907347.279974000	27.5981	92	0
1527907347.280710000	27.5989	109	1
1527907347.280962000	27.5991	138	0
1527907347.284715000	27.6029	100	1
1527907348.426285000	28.7444	392	1
1527907348.426371000	28.7445	257	1
1527907348.443487000	28.7616	87	0
1527907348.446918000	28.7651	87	0
1527907348.874593000	29.1927	291	0
1527907348.875200000	29.1933	148	0
1527907348.877124000	29.1953	92	0
1527907348.877714000	29.1959	222	0
1527907348.878508000	29.1967	115	1
1527907348.883163000	29.2013	291	0
1527907348.886557000	29.2047	100	1
1527907349.039936000	29.3581	394	1
1527907349.039998000	29.3581	259	1
1527907349.057365000	29.3755	87	0
1527907349.453837000	29.772	235	0
1527907349.454418000	29.7726	148	0
1527907349.457562000	29.7757	92	0
1527907349.457649000	29.7758	106	1
1527907349.458272000	29.7764	224	0
1527907349.461623000	29.7798	103	1
1527907349.534995000	29.8531	391	1
1527907349.535056000	29.8532	262	1
1527907349.552252000	29.8704	87	0
1527907349.946261000	30.2644	256	0
1527907349.946861000	30.265	148	0
1527907349.950066000	30.2682	92	0
1527907349.950578000	30.2687	109	1
1527907349.950720000	30.2689	141	0
1527907349.954618000	30.2728	100	1
1527907349.958567000	30.2767	393	1
1527907349.958621000	30.2768	258	1
1527907349.975385000	30.2935	87	0
1527907350.442557000	30.7607	233	0
1527907350.443191000	30.7613	148	0
1527907350.446425000	30.7646	92	0
1527907350.446682000	30.7648	109	1
1527907350.447086000	30.7652	270	0
1527907350.450657000	30.7688	100	1
1527907350.661043000	30.9792	390	1
1527907350.661109000	30.9793	259	1
1527907350.678238000	30.9964	87	0
1527907351.076223000	31.3944	255	0
1527907351.076768000	31.3949	148	0
1527907351.079710000	31.3979	106	1
1527907351.080322000	31.3985	92	0
1527907351.080888000	31.399	250	0
1527907351.083694000	31.4018	103	1
1527907351.091751000	31.4099	393	1
1527907351.091841000	31.41	261	1
1527907351.108817000	31.427	87	0
1527907351.320218000	31.6384	233	0
1527907351.320759000	31.6389	148	0
1527907351.323656000	31.6418	106	1
1527907351.324652000	31.6428	92	0
1527907351.325288000	31.6434	140	0
1527907351.328733000	31.6469	103	1
1527907351.374972000	31.6931	512	1
1527907351.375057000	31.6932	258	1
1527907351.391635000	31.7098	87	0
1527907351.604710000	31.9229	235	0
1527907351.605337000	31.9235	148	0
1527907351.608682000	31.9268	106	1
1527907351.609233000	31.9274	92	0
1527907351.609875000	31.928	313	0
1527907351.612788000	31.9309	103	1
1527907351.839156000	32.1573	873	1
1527907351.839216000	32.1574	260	1
1527907351.868749000	32.1869	873	1
1527907351.898732000	32.2169	260	1
1527907351.903915000	32.2221	87	0
1527907351.983873000	32.302	87	0
1527907351.999329000	32.3175	87	0
1527907352.250911000	32.5691	258	0
1527907352.252379000	32.5705	148	0
1527907352.254178000	32.5723	92	0
1527907352.254703000	32.5728	115	1
1527907352.254799000	32.5729	93	0
1527907352.258697000	32.5768	100	1
1527907352.542866000	32.861	965	1
1527907352.542949000	32.8611	1412	1
1527907352.542974000	32.8611	1412	1
1527907352.543010000	32.8612	1412	1
1527907352.543056000	32.8612	555	1
1527907352.560054000	32.8782	100	0
1527907352.563798000	32.8819	100	1
1527907352.568217000	32.8864	87	0
1527907352.635947000	32.9541	327	1
1527907352.636009000	32.9542	221	1
1527907352.652965000	32.9711	87	0
1527907352.848195000	33.1663	458	0
1527907352.851739000	33.1699	106	1
1527907352.852816000	33.171	80	0
1527907352.856769000	33.1749	100	1
1527907353.052045000	33.3702	429	0
1527907353.052580000	33.3707	148	0
1527907353.055758000	33.3739	103	1
1527907353.057338000	33.3755	92	0
1527907353.058003000	33.3761	253	0
1527907353.060732000	33.3789	103	1
1527907353.247191000	33.5653	395	1
1527907353.247252000	33.5654	563	1
1527907353.263745000	33.5819	87	0
1527907353.660366000	33.9785	260	0
1527907353.660928000	33.9791	148	0
1527907353.663786000	33.9819	92	0
1527907353.663881000	33.982	106	1
1527907353.664553000	33.9827	184	0
1527907353.667788000	33.9859	103	1
1527907353.681958000	34.0001	394	1
1527907353.682051000	34.0002	315	1
1527907353.700553000	34.0187	87	0
1527907353.928735000	34.2469	258	0
1527907353.929301000	34.2474	148	0
1527907353.931848000	34.25	92	0
1527907353.932535000	34.2507	165	0
1527907353.932808000	34.251	112	1
1527907354.336332000	34.6545	391	1
1527907354.336427000	34.6546	259	1
1527907354.356637000	34.6748	87	0
1527907354.567827000	34.886	237	0
1527907354.568406000	34.8866	148	0
1527907354.571911000	34.8901	106	1
1527907354.572328000	34.8905	92	0
1527907354.573025000	34.8912	203	0
1527907354.575891000	34.894	103	1
1527907355.012331000	35.3305	393	1
1527907355.012389000	35.3305	257	1
1527907355.032547000	35.3507	87	0
1527907355.427491000	35.7456	291	0
1527907355.428034000	35.7462	148	0
1527907355.430532000	35.7487	92	0
1527907355.431086000	35.7492	221	0
1527907355.431891000	35.75	112	1
1527907355.487029000	35.8052	391	1
1527907355.487123000	35.8053	258	1
1527907355.504737000	35.8229	87	0
1527907355.744953000	36.0631	235	0
1527907355.745566000	36.0637	148	0
1527907355.748707000	36.0669	92	0
1527907355.748966000	36.0671	109	1
1527907355.749362000	36.0675	205	0
1527907355.752981000	36.0711	100	1
1527907355.906133000	36.2243	394	1
1527907355.906200000	36.2243	258	1
1527907355.925946000	36.2441	87	0
1527907356.321290000	36.6394	258	0
1527907356.321859000	36.64	148	0
1527907356.324995000	36.6431	106	1
1527907356.326140000	36.6443	92	0
1527907356.326728000	36.6449	289	0
1527907356.329995000	36.6481	103	1
1527907356.487578000	36.8057	390	1
1527907356.487645000	36.8058	260	1
1527907356.506055000	36.8242	87	0
1527907356.901948000	37.2201	256	0
1527907356.902512000	37.2207	148	0
1527907356.905740000	37.2239	92	0
1527907356.905978000	37.2241	109	1
1527907356.906454000	37.2246	301	0
1527907356.910050000	37.2282	100	1
1527907356.939064000	37.2572	390	1
1527907356.939154000	37.2573	258	1
1527907356.961187000	37.2793	87	0
1527907357.168035000	37.4862	233	0
1527907357.168650000	37.4868	148	0
1527907357.172051000	37.4902	106	1
1527907357.172380000	37.4905	92	0
1527907357.173640000	37.4918	123	0
1527907357.176048000	37.4942	103	1
1527907357.217155000	37.5353	512	1
1527907357.217246000	37.5354	260	1
1527907357.234616000	37.5528	87	0
1527907357.626410000	37.9446	235	0
1527907357.626962000	37.9451	148	0
1527907357.630073000	37.9482	106	1
1527907357.631043000	37.9492	92	0
1527907357.632272000	37.9504	261	0
1527907357.635021000	37.9532	103	1
1527907357.796395000	38.1145	873	1
1527907357.796460000	38.1146	260	1
1527907357.814161000	38.1323	87	0
1527907358.027246000	38.3454	258	0
1527907358.027787000	38.3459	148	0
1527907358.031109000	38.3493	106	1
1527907358.032920000	38.3511	92	0
1527907358.033616000	38.3518	110	0
1527907358.037091000	38.3552	103	1
1527907358.266530000	38.5847	989	1
1527907358.266596000	38.5847	262	1
1527907358.284603000	38.6028	87	0
1527907358.684118000	39.0023	235	0
1527907358.684717000	39.0029	148	0
1527907358.688104000	39.0063	106	1
1527907358.689484000	39.0076	92	0
1527907358.690833000	39.009	340	0
1527907358.693144000	39.0113	103	1
1527907358.806577000	39.1247	395	1
1527907358.806660000	39.1248	261	1
1527907358.826462000	39.1446	87	0
1527907359.228345000	39.5465	256	0
1527907359.228903000	39.547	148	0
1527907359.232168000	39.5503	106	1
1527907359.232636000	39.5508	92	0
1527907359.233405000	39.5516	305	0
1527907359.236101000	39.5542	103	1
1527907359.845423000	40.1636	389	1
1527907359.845518000	40.1637	258	1
1527907359.863187000	40.1813	87	0
1527907360.072174000	40.3903	302	0
1527907360.072856000	40.391	148	0
1527907360.076152000	40.3943	106	1
1527907360.077107000	40.3953	92	0
1527907360.078456000	40.3966	303	0
1527907360.081212000	40.3994	103	1
1527907360.221530000	40.5397	389	1
1527907360.221621000	40.5398	258	1
1527907360.238635000	40.5568	87	0
1527907360.480150000	40.7983	420	0
1527907360.480687000	40.7988	148	0
1527907360.482095000	40.8002	92	0
1527907360.482859000	40.801	212	0
1527907360.484189000	40.8023	112	1
1527907360.724575000	41.0427	391	1
1527907360.724665000	41.0428	261	1
1527907360.745091000	41.0632	87	0
1527907360.989899000	41.308	282	0
1527907360.990453000	41.3086	148	0
1527907360.994271000	41.3124	106	1
1527907360.995447000	41.3136	92	0
1527907360.996086000	41.3142	312	0
1527907360.999265000	41.3174	103	1
1527907361.056628000	41.3748	390	1
1527907361.056720000	41.3749	258	1
1527907361.079672000	41.3978	87	0
1527907361.088184000	41.4063	87	0
1527907361.283984000	41.6021	232	0
1527907361.284527000	41.6027	148	0
1527907361.288139000	41.6063	92	0
1527907361.288236000	41.6064	109	1
1527907361.288823000	41.607	305	0
1527907361.292274000	41.6104	103	1
1527907361.426776000	41.7449	389	1
1527907361.426869000	41.745	258	1
1527907361.444277000	41.7624	87	0
1527907361.839965000	42.1581	260	0
1527907361.840508000	42.1587	148	0
1527907361.842472000	42.1606	92	0
1527907361.843181000	42.1613	225	0
1527907361.844263000	42.1624	112	1
1527907361.976534000	42.2947	390	1
1527907361.976601000	42.2947	258	1
1527907361.992609000	42.3108	87	0
1527907362.403379000	42.7215	264	0
1527907362.404007000	42.7222	148	0
1527907362.407289000	42.7254	106	1
1527907362.408552000	42.7267	92	0
1527907362.409167000	42.7273	161	0
1527907362.412314000	42.7305	103	1
1527907362.476725000	42.7949	391	1
1527907362.476783000	42.7949	258	1
1527907362.494004000	42.8122	87	0
1527907362.887806000	43.206	258	0
1527907362.888413000	43.2066	148	0
1527907362.891342000	43.2095	92	0
1527907362.891388000	43.2095	106	1
1527907362.892502000	43.2106	284	0
1527907362.895324000	43.2135	103	1
1527907363.016785000	43.3349	390	1
1527907363.016876000	43.335	261	1
1527907363.034194000	43.3523	87	0
1527907363.289972000	43.6081	233	0
1527907363.290576000	43.6087	148	0
1527907363.293367000	43.6115	92	0
1527907363.294399000	43.6125	109	1
1527907363.333723000	43.6519	299	0
1527907363.337397000	43.6555	100	1
1527907363.364424000	43.6826	389	1
1527907363.364517000	43.6827	258	1
1527907363.381292000	43.6994	87	0
1527907363.779576000	44.0977	235	0
1527907363.780131000	44.0983	148	0
1527907363.783267000	44.1014	92	0
1527907363.783519000	44.1017	109	1
1527907363.783920000	44.1021	154	0
1527907363.787439000	44.1056	100	1
1527907363.951832000	44.27	515	1
1527907363.951892000	44.27	259	1
1527907363.969407000	44.2876	87	0
1527907364.363004000	44.6812	256	0
1527907364.363607000	44.6818	148	0
1527907364.366402000	44.6845	106	1
1527907364.366589000	44.6847	92	0
1527907364.367221000	44.6854	283	0
1527907364.370392000	44.6885	103	1
1527907364.427511000	44.7457	869	1
1527907364.427589000	44.7457	258	1
1527907364.444748000	44.7629	87	0
1527907364.656317000	44.9745	235	0
1527907364.656915000	44.9751	148	0
1527907364.660418000	44.9786	106	1
1527907364.662137000	44.9803	92	0
1527907364.662812000	44.981	117	0
1527907364.665431000	44.9836	103	1
1527907364.836994000	45.1551	989	1
1527907364.837051000	45.1552	257	1
1527907364.854275000	45.1724	87	0
1527907365.249479000	45.5676	255	0
1527907365.250064000	45.5682	148	0
1527907365.253240000	45.5714	92	0
1527907365.253496000	45.5716	109	1
1527907365.253911000	45.5721	251	0
1527907365.257496000	45.5756	100	1
1527907365.779469000	46.0976	392	1
1527907365.779530000	46.0977	260	1
1527907365.798103000	46.1163	87	0
1527907366.008997000	46.3271	255	0
1527907366.009616000	46.3278	148	0
1527907366.013144000	46.3313	106	1
1527907366.013897000	46.332	92	0
1527907366.015114000	46.3333	160	0
1527907366.018145000	46.3363	103	1
1527907366.360526000	46.6787	389	1
1527907366.360616000	46.6788	258	1
1527907366.377564000	46.6957	87	0
1527907366.780179000	47.0983	235	0
1527907366.780770000	47.0989	148	0
1527907366.784014000	47.1022	92	0
1527907366.784262000	47.1024	109	1
1527907366.784673000	47.1028	251	0
1527907366.788209000	47.1064	100	1
1527907366.852818000	47.171	372	1
1527907366.852913000	47.1711	1412	1
1527907366.852952000	47.1711	1412	1
1527907366.852996000	47.1711	1412	1
1527907366.853030000	47.1712	837	1
1527907366.870536000	47.1887	87	0
1527907366.880981000	47.1991	323	1
1527907366.881052000	47.1992	259	1
1527907366.899642000	47.2178	87	0
1527907367.059229000	47.3774	458	0
1527907367.063242000	47.3814	106	1
1527907367.065278000	47.3834	80	0
1527907367.069151000	47.3873	100	1
1527907367.335903000	47.654	450	0
1527907367.336494000	47.6546	148	0
1527907367.340222000	47.6584	103	1
1527907367.344801000	47.6629	92	0
1527907367.345488000	47.6636	306	0
1527907367.348218000	47.6664	103	1
1527907367.401811000	47.72	92	0
1527907367.405214000	47.7234	100	1
1527907367.491367000	47.8095	393	1
1527907367.491450000	47.8096	687	1
1527907367.508350000	47.8265	87	0
1527907367.914461000	48.2326	256	0
1527907367.915129000	48.2333	148	0
1527907367.917752000	48.2359	92	0
1527907367.918207000	48.2364	109	1
1527907367.918422000	48.2366	123	0
1527907367.922219000	48.2404	100	1
1527907369.046953000	49.3651	394	1
1527907369.047043000	49.3652	262	1
1527907369.065244000	49.3834	87	0
1527907369.274025000	49.5922	262	0
1527907369.274636000	49.5928	148	0
1527907369.277648000	49.5958	92	0
1527907369.278280000	49.5964	217	0
1527907369.278383000	49.5965	109	1
1527907369.282311000	49.6005	100	1
1527907369.461156000	49.7793	394	1
1527907369.461251000	49.7794	267	1
1527907369.478969000	49.7971	87	0
1527907369.687018000	50.0052	267	0
1527907369.687644000	50.0058	148	0
1527907369.689588000	50.0077	92	0
1527907369.690222000	50.0084	301	0
1527907369.691273000	50.0094	112	1
1527907369.890175000	50.2083	395	1
1527907369.890269000	50.2084	264	1
1527907369.906878000	50.225	87	0
1527907370.148474000	50.4666	258	0
1527907370.149105000	50.4673	148	0
1527907370.152361000	50.4705	106	1
1527907370.153742000	50.4719	92	0
1527907370.154374000	50.4725	147	0
1527907370.157347000	50.4755	103	1
1527907370.358963000	50.6771	388	1
1527907370.359022000	50.6772	264	1
1527907370.376677000	50.6948	87	0
1527907370.589816000	50.908	235	0
1527907370.590389000	50.9085	148	0
1527907370.593386000	50.9115	106	1
1527907370.593719000	50.9119	92	0
1527907370.594335000	50.9125	140	0
1527907370.597381000	50.9155	103	1
1527907370.782302000	51.1004	513	1
1527907370.782396000	51.1005	264	1
1527907370.800062000	51.1182	87	0
1527907371.192364000	51.5105	256	0
1527907371.193086000	51.5112	148	0
1527907371.195575000	51.5137	92	0
1527907371.196210000	51.5144	283	0
1527907371.196472000	51.5146	112	1
1527907371.291851000	51.61	873	1
1527907371.291910000	51.6101	253	1
1527907371.309382000	51.6275	87	0
1527907371.518160000	51.8363	232	0
1527907371.518774000	51.8369	148	0
1527907371.520989000	51.8391	92	0
1527907371.521685000	51.8398	321	0
1527907371.522431000	51.8406	112	1
1527907371.706026000	52.0242	987	1
1527907371.706119000	52.0243	439	1
1527907371.724119000	52.0423	87	0
1527907372.122311000	52.4405	256	0
1527907372.122983000	52.4411	148	0
1527907372.125970000	52.4441	92	0
1527907372.126402000	52.4445	109	1
1527907372.126633000	52.4448	285	0
1527907372.130465000	52.4486	100	1
1527907372.141425000	52.4596	394	1
1527907372.141510000	52.4597	377	1
1527907372.158046000	52.4762	87	0
1527907372.574659000	52.8928	235	0
1527907372.575237000	52.8934	148	0
1527907372.578424000	52.8966	106	1
1527907372.578621000	52.8968	92	0
1527907372.579260000	52.8974	254	0
1527907372.582508000	52.9007	103	1
1527907373.102437000	53.4206	372	1
1527907373.102535000	53.4207	1412	1
1527907373.102574000	53.4207	1412	1
1527907373.102608000	53.4208	1412	1
1527907373.102640000	53.4208	256	1
1527907373.121520000	53.4397	372	1
1527907373.122011000	53.4402	87	0
1527907373.138564000	53.4567	87	0
1527907373.222137000	53.5403	396	0
1527907373.226327000	53.5445	106	1
1527907373.227448000	53.5456	80	0
1527907373.231322000	53.5495	100	1
1527907373.293429000	53.6116	393	1
1527907373.293492000	53.6116	257	1
1527907373.322956000	53.6411	87	0
1527907373.532739000	53.8509	235	0
1527907373.533399000	53.8515	148	0
1527907373.536346000	53.8545	106	1
1527907373.536548000	53.8547	92	0
1527907373.537142000	53.8553	237	0
1527907373.540336000	53.8585	103	1
1527907373.663844000	53.982	391	1
1527907373.663932000	53.9821	257	1
1527907373.680218000	53.9984	87	0
1527907373.893084000	54.2112	305	0
1527907373.893652000	54.2118	148	0
1527907373.897441000	54.2156	106	1
1527907373.898338000	54.2165	92	0
1527907373.899026000	54.2172	255	0
1527907373.902347000	54.2205	103	1
1527907374.102941000	54.4211	395	1
1527907374.103033000	54.4212	263	1
1527907374.119577000	54.4377	87	0
1527907374.333312000	54.6515	443	0
1527907374.333861000	54.652	148	0
1527907374.337392000	54.6555	106	1
1527907374.338480000	54.6566	92	0
1527907374.339122000	54.6573	290	0
1527907374.342393000	54.6605	103	1
1527907374.659785000	54.9779	394	1
1527907374.659842000	54.978	258	1
1527907374.677610000	54.9958	87	0
1527907374.682534000	55.0007	87	0
1527907374.887601000	55.2057	256	0
1527907374.888197000	55.2063	148	0
1527907374.891423000	55.2096	109	1
1527907374.892679000	55.2108	92	0
1527907374.893389000	55.2115	157	0
1527907374.896439000	55.2146	103	1
1527907375.007697000	55.3258	390	1
1527907375.007760000	55.3259	257	1
1527907375.041444000	55.3596	390	1
1527907375.075427000	55.3936	257	1
1527907375.114825000	55.433	87	0
1527907375.148635000	55.4668	87	0
1527907375.149581000	55.4677	87	0
1527907375.236010000	55.5542	240	0
1527907375.236571000	55.5547	148	0
1527907375.239540000	55.5577	112	1
1527907375.240189000	55.5583	92	0
1527907375.240798000	55.5589	296	0
1527907375.244447000	55.5626	103	1
1527907375.288517000	55.6067	391	1
1527907375.288691000	55.6068	258	1
1527907375.306250000	55.6244	87	0
1527907375.703768000	56.0219	265	0
1527907375.704387000	56.0225	148	0
1527907375.707993000	56.0261	92	0
1527907375.708472000	56.0266	109	1
1527907375.708644000	56.0268	183	0
1527907375.712497000	56.0306	100	1
1527907376.015124000	56.3333	516	1
1527907376.015189000	56.3333	262	1
1527907376.033458000	56.3516	87	0
1527907376.246259000	56.5644	255	0
1527907376.246802000	56.5649	148	0
1527907376.250469000	56.5686	92	0
1527907376.250567000	56.5687	106	1
1527907376.251063000	56.5692	221	0
1527907376.254493000	56.5726	103	1
1527907376.310557000	56.6287	868	1
1527907376.310649000	56.6288	257	1
1527907376.338266000	56.6564	87	0
1527907376.548641000	56.8668	235	0
1527907376.549220000	56.8674	148	0
1527907376.552516000	56.8707	106	1
1527907376.552999000	56.8711	92	0
1527907376.553578000	56.8717	91	0
1527907376.556522000	56.8747	103	1
1527907377.331163000	57.6493	403	1
1527907377.331232000	57.6494	258	1
1527907377.350651000	57.6688	87	0
1527907377.557815000	57.876	258	0
1527907377.558425000	57.8766	148	0
1527907377.561579000	57.8797	106	1
1527907377.563553000	57.8817	92	0
1527907377.564195000	57.8823	149	0
1527907377.567567000	57.8857	103	1
1527907377.658090000	57.9762	976	1
1527907377.658152000	57.9763	260	1
1527907377.677026000	57.9952	87	0
1527907377.889552000	58.2077	258	0
1527907377.890125000	58.2083	148	0
1527907377.893372000	58.2115	92	0
1527907377.893598000	58.2117	109	1
1527907377.894079000	58.2122	134	0
1527907377.897579000	58.2157	100	1
1527907378.058309000	58.3765	394	1
1527907378.058382000	58.3765	259	1
1527907378.087567000	58.4057	87	0
1527907378.287150000	58.6053	235	0
1527907378.287715000	58.6059	148	0
1527907378.290608000	58.6088	106	1
1527907378.291240000	58.6094	92	0
1527907378.291953000	58.6101	103	0
1527907378.294608000	58.6128	103	1
1527907378.467187000	58.7853	390	1
1527907378.467251000	58.7854	258	1
1527907378.483665000	58.8018	87	0
1527907378.489432000	58.8076	87	0
1527907378.697412000	59.0156	233	0
1527907378.698028000	59.0162	148	0
1527907378.700525000	59.0187	92	0
1527907378.701158000	59.0193	311	0
1527907378.701811000	59.02	115	1
1527907379.091097000	59.4092	393	1
1527907379.091186000	59.4093	261	1
1527907379.107900000	59.426	87	0
1527907379.318196000	59.6363	258	0
1527907379.318740000	59.6369	148	0
1527907379.321699000	59.6398	106	1
1527907379.322022000	59.6402	92	0
1527907379.322659000	59.6408	128	0
1527907379.325671000	59.6438	103	1
1527907379.399760000	59.7179	395	1
1527907379.399821000	59.718	257	1
1527907379.425730000	59.7439	87	0
1527907379.637822000	59.956	232	0
1527907379.638403000	59.9565	148	0
1527907379.641710000	59.9599	106	1
1527907379.641729000	59.9599	92	0
1527907379.642359000	59.9605	269	0
1527907379.645700000	59.9638	103	1
1527907379.688885000	60.007	388	1
1527907379.688946000	60.0071	257	1
1527907379.705613000	60.0238	87	0
1527907379.918177000	60.2363	256	0
1527907379.918721000	60.2369	148	0
1527907379.921499000	60.2396	92	0
1527907379.921738000	60.2399	109	1
1527907379.922152000	60.2403	190	0
1527907379.925706000	60.2439	100	1
1527907380.108024000	60.4262	389	1
1527907380.108084000	60.4262	259	1
1527907380.125573000	60.4437	87	0
1527907380.522540000	60.8407	233	0
1527907380.523151000	60.8413	148	0
1527907380.526751000	60.8449	106	1
1527907380.528387000	60.8465	92	0
1527907380.529097000	60.8472	185	0
1527907380.531745000	60.8499	103	1
1527907380.678303000	60.9964	393	1
1527907380.678398000	60.9965	258	1
1527907380.696365000	61.0145	87	0
1527907380.703732000	61.0219	87	0
1527907380.907968000	61.2261	302	0
1527907380.908515000	61.2267	148	0
1527907380.911046000	61.2292	92	0
1527907380.911675000	61.2298	298	0
1527907380.911716000	61.2299	112	1
1527907380.915744000	61.2339	100	1
1527907381.083254000	61.4014	390	1
1527907381.083316000	61.4015	258	1
1527907381.102713000	61.4209	87	0
1527907381.497372000	61.8155	441	0
1527907381.497939000	61.8161	148	0
1527907381.500753000	61.8189	106	1
1527907381.500825000	61.819	92	0
1527907381.501540000	61.8197	140	0
1527907381.504745000	61.8229	103	1
1527907381.620796000	61.9389	512	1
1527907381.620861000	61.939	257	1
1527907381.638215000	61.9564	87	0
1527907382.051830000	62.37	260	0
1527907382.052438000	62.3706	148	0
1527907382.055674000	62.3738	92	0
1527907382.055788000	62.3739	106	1
1527907382.056331000	62.3745	115	0
1527907382.059771000	62.3779	103	1
1527907382.150229000	62.4684	869	1
1527907382.150294000	62.4684	258	1
1527907382.167309000	62.4855	87	0
1527907382.171135000	62.4893	87	0
1527907382.566191000	62.8843	265	0
1527907382.566751000	62.8849	148	0
1527907382.569810000	62.888	109	1
1527907382.570259000	62.8884	92	0
1527907382.570914000	62.8891	172	0
1527907382.573800000	62.8919	103	1
1527907382.643418000	62.9616	402	1
1527907382.643502000	62.9616	260	1
1527907382.665654000	62.9838	87	0
1527907382.882594000	63.2007	259	0
1527907382.883203000	63.2013	148	0
1527907382.886822000	63.205	106	1
1527907382.888080000	63.2062	92	0
1527907382.888718000	63.2069	262	0
1527907382.891828000	63.21	103	1
1527907383.054077000	63.3722	392	1
1527907383.054172000	63.3723	257	1
1527907383.072975000	63.3911	87	0
1527907383.280910000	63.5991	233	0
1527907383.281516000	63.5997	148	0
1527907383.284855000	63.603	106	1
1527907383.286035000	63.6042	92	0
1527907383.286677000	63.6048	297	0
1527907383.289915000	63.6081	103	1
1527907383.474268000	63.7924	971	1
1527907383.474356000	63.7925	258	1
1527907383.495519000	63.8137	87	0
1527907383.706580000	64.0247	235	0
1527907383.707215000	64.0254	148	0
1527907383.710063000	64.0282	92	0
1527907383.710715000	64.0289	89	0
1527907383.710936000	64.0291	112	1
1527907383.831120000	64.1493	393	1
1527907383.831213000	64.1494	260	1
1527907383.849806000	64.168	87	0
1527907384.067344000	64.3855	254	0
1527907384.067943000	64.3861	148	0
1527907384.070919000	64.3891	92	0
1527907384.070998000	64.3891	106	1
1527907384.071616000	64.3898	218	0
1527907384.074933000	64.3931	103	1
1527907384.566357000	64.8845	391	1
1527907384.566452000	64.8846	259	1
1527907384.584145000	64.9023	87	0
1527907384.795975000	65.1141	258	0
1527907384.796557000	65.1147	148	0
1527907384.800060000	65.1182	106	1
1527907384.800377000	65.1185	92	0
1527907384.801067000	65.1192	202	0
1527907384.803980000	65.1221	103	1
1527907384.829012000	65.1472	390	1
1527907384.829092000	65.1472	259	1
1527907384.847085000	65.1652	87	0
1527907385.059781000	65.3779	235	0
1527907385.060389000	65.3785	148	0
1527907385.064082000	65.3822	106	1
1527907385.064179000	65.3823	92	0
1527907385.064835000	65.383	163	0
1527907385.067912000	65.3861	103	1
1527907385.069288000	65.3874	391	1
1527907385.069326000	65.3875	259	1
1527907385.086692000	65.4048	87	0
1527907385.299889000	65.618	235	0
1527907385.300432000	65.6186	148	0
1527907385.304021000	65.6222	106	1
1527907385.304618000	65.6228	92	0
1527907385.305256000	65.6234	278	0
1527907385.308007000	65.6262	103	1
1527907385.537164000	65.8553	395	1
1527907385.537229000	65.8554	261	1
1527907385.554085000	65.8722	87	0
1527907385.770023000	66.0882	235	0
1527907385.770585000	66.0887	148	0
1527907385.773648000	66.0918	92	0
1527907385.774045000	66.0922	109	1
1527907385.774312000	66.0925	300	0
1527907385.778057000	66.0962	100	1
1527907386.366458000	66.6846	391	1
1527907386.366520000	66.6847	260	1
1527907386.384019000	66.7022	87	0
1527907386.592682000	66.9108	258	0
1527907386.593317000	66.9115	148	0
1527907386.597001000	66.9151	92	0
1527907386.597104000	66.9153	106	1
1527907386.597663000	66.9158	263	0
1527907386.601088000	66.9192	103	1
1527907386.674229000	66.9924	390	1
1527907386.674326000	66.9925	259	1
1527907386.690075000	67.0082	87	0
1527907386.906696000	67.2248	256	0
1527907386.907267000	67.2254	148	0
1527907386.910966000	67.2291	92	0
1527907386.911066000	67.2292	106	1
1527907386.911571000	67.2297	337	0
1527907386.915025000	67.2332	103	1
1527907386.953462000	67.2716	389	1
1527907386.953559000	67.2717	260	1
1527907386.971755000	67.2899	87	0
1527907387.186531000	67.5047	232	0
1527907387.187218000	67.5054	148	0
1527907387.190132000	67.5083	92	0
1527907387.190148000	67.5083	106	1
1527907387.190816000	67.509	274	0
1527907387.194107000	67.5123	103	1
1527907387.463582000	67.7817	515	1
1527907387.463660000	67.7818	262	1
1527907387.496216000	67.8144	515	1
1527907387.502684000	67.8208	87	0
1527907387.512488000	67.8306	87	0
1527907387.694046000	68.0122	279	0
1527907387.694612000	68.0128	148	0
1527907387.697328000	68.0155	92	0
1527907387.698018000	68.0162	293	0
1527907387.698144000	68.0163	112	1
1527907387.702152000	68.0203	100	1
1527907387.776349000	68.0945	868	1
1527907387.776441000	68.0946	261	1
1527907387.794132000	68.1123	87	0
1527907388.007738000	68.3259	464	0
1527907388.008383000	68.3265	148	0
1527907388.011118000	68.3293	106	1
1527907388.013017000	68.3312	92	0
1527907388.013701000	68.3318	280	0
1527907388.017129000	68.3353	103	1
1527907388.218348000	68.5365	402	1
1527907388.218438000	68.5366	260	1
1527907388.235707000	68.5539	87	0
1527907388.446521000	68.7647	239	0
1527907388.447159000	68.7653	148	0
1527907388.450152000	68.7683	106	1
1527907388.451069000	68.7692	92	0
1527907388.455186000	68.7733	100	1
1527907388.489812000	68.808	141	0
1527907388.493127000	68.8113	100	1
1527907388.542532000	68.8607	391	1
1527907388.542608000	68.8608	259	1
1527907388.561256000	68.8794	87	0
1527907388.771204000	69.0894	265	0
1527907388.771808000	69.09	148	0
1527907388.775203000	69.0933	106	1
1527907388.775769000	69.0939	92	0
1527907388.776423000	69.0946	269	0
1527907388.779139000	69.0973	103	1
1527907388.806329000	69.1245	972	1
1527907388.806409000	69.1246	262	1
1527907388.820725000	69.1389	100	0
1527907388.824234000	69.1424	100	1
1527907388.824720000	69.1429	87	0
1527907389.038235000	69.3564	258	0
1527907389.038842000	69.357	148	0
1527907389.042239000	69.3604	106	1
1527907389.042691000	69.3608	92	0
1527907389.043400000	69.3615	89	0
1527907389.046245000	69.3644	103	1
1527907389.250659000	69.5688	393	1
1527907389.250729000	69.5689	260	1
1527907389.267489000	69.5856	87	0
1527907389.361220000	69.6794	304	1
1527907389.361317000	69.6795	1412	1
1527907389.361356000	69.6795	1412	1
1527907389.361405000	69.6796	1148	1
1527907389.381938000	69.7001	87	0
1527907389.480132000	69.7983	235	0
1527907389.480693000	69.7988	148	0
1527907389.483524000	69.8017	92	0
1527907389.484160000	69.8023	207	0
1527907389.484250000	69.8024	112	1
1527907389.488195000	69.8063	100	1
1527907389.663049000	69.9812	402	0
1527907389.667305000	69.9855	100	1
1527907389.675218000	69.9934	80	0
1527907389.679279000	69.9974	100	1
1527907389.758370000	70.0765	390	1
1527907389.758434000	70.0766	261	1
1527907389.777049000	70.0952	87	0
1527907389.983059000	70.3012	256	0
1527907389.983613000	70.3018	148	0
1527907389.986686000	70.3048	92	0
1527907389.987265000	70.3054	302	0
1527907389.987347000	70.3055	109	1
1527907389.991304000	70.3095	100	1
1527907390.237781000	70.5559	390	1
1527907390.237878000	70.556	260	1
1527907390.256700000	70.5748	87	0
1527907390.260876000	70.579	87	0
1527907390.556172000	70.8743	233	0
1527907390.556726000	70.8749	148	0
1527907390.560431000	70.8786	109	1
1527907390.566074000	70.8842	92	0
1527907390.566716000	70.8849	281	0
1527907390.570320000	70.8885	103	1
1527907390.575943000	70.8941	233	0
1527907390.576716000	70.8949	148	0
1527907390.579307000	70.8975	103	1
1527907390.584897000	70.903	92	0
1527907390.588304000	70.9065	100	1
1527907390.679718000	70.9979	389	1
1527907390.679797000	70.9979	260	1
1527907390.696573000	71.0147	87	0
1527907390.909778000	71.2279	256	0
1527907390.910381000	71.2285	148	0
1527907390.913355000	71.2315	106	1
1527907390.914014000	71.2322	92	0
1527907390.914654000	71.2328	270	0
1527907390.917331000	71.2355	103	1
1527907391.145810000	71.464	393	1
1527907391.145901000	71.464	263	1
1527907391.162325000	71.4805	87	0
1527907391.390326000	71.7085	232	0
1527907391.390877000	71.709	148	0
1527907391.394228000	71.7124	92	0
1527907391.394331000	71.7125	106	1
1527907391.394950000	71.7131	260	0
1527907391.398335000	71.7165	103	1
1527907391.601704000	71.9199	389	1
1527907391.601766000	71.9199	260	1
1527907391.620921000	71.9391	87	0
1527907391.831238000	72.1494	258	0
1527907391.831778000	72.1499	148	0
1527907391.834133000	72.1523	92	0
1527907391.834722000	72.1529	126	0
1527907391.835362000	72.1535	112	1
1527907391.958564000	72.2767	394	1
1527907391.958651000	72.2768	259	1
1527907391.976888000	72.295	87	0
1527907392.185372000	72.5035	233	0
1527907392.186028000	72.5042	148	0
1527907392.189133000	72.5073	92	0
1527907392.189415000	72.5076	109	1
1527907392.189737000	72.5079	326	0
1527907392.193412000	72.5116	100	1
1527907392.362826000	72.681	494	1
1527907392.362925000	72.6811	1412	1
1527907392.362952000	72.6811	1412	1
1527907392.362993000	72.6811	1412	1
1527907392.363027000	72.6812	1412	1
1527907392.363066000	72.6812	1412	1
1527907392.363115000	72.6813	1412	1
1527907392.363148000	72.6813	1412	1
1527907392.363183000	72.6813	1412	1
1527907392.363220000	72.6814	1412	1
1527907392.363270000	72.6814	1412	1
1527907392.363295000	72.6814	1412	1
1527907392.363373000	72.6815	1412	1
1527907392.363398000	72.6815	1412	1
1527907392.363420000	72.6816	769	1
1527907392.372043000	72.6902	806	1
1527907392.372128000	72.6903	262	1
1527907392.379899000	72.698	87	0
1527907392.385244000	72.7034	87	0
1527907392.388942000	72.7071	87	0
1527907392.519279000	72.8374	418	0
1527907392.523445000	72.8416	109	1
1527907392.524742000	72.8429	80	0
1527907392.528429000	72.8466	100	1
1527907392.603419000	72.9216	451	0
1527907392.603994000	72.9221	148	0
1527907392.607403000	72.9255	103	1
1527907392.607870000	72.926	92	0
1527907392.608516000	72.9267	322	0
1527907392.611388000	72.9295	103	1
1527907392.896863000	73.215	394	1
1527907392.896956000	73.2151	261	1
1527907392.928454000	73.2466	394	1
1527907392.954229000	73.2724	87	0
1527907393.166885000	73.485	260	0
1527907393.167443000	73.4856	148	0
1527907393.170301000	73.4884	92	0
1527907393.170426000	73.4886	106	1
1527907393.170963000	73.4891	183	0
1527907393.174456000	73.4926	103	1
1527907393.264860000	73.583	402	1
1527907393.264920000	73.5831	262	1
1527907393.297705000	73.6159	87	0
1527907393.326265000	73.6444	87	0
1527907393.535545000	73.8537	265	0
1527907393.536164000	73.8543	148	0
1527907393.539427000	73.8576	109	1
1527907393.541139000	73.8593	92	0
1527907393.541809000	73.86	186	0
1527907393.544426000	73.8626	103	1
1527907393.781185000	74.0993	972	1
1527907393.781244000	74.0994	259	1
1527907393.828519000	74.1467	972	1
1527907393.834844000	74.153	87	0
1527907393.847069000	74.1652	87	0
1527907394.009149000	74.3273	258	0
1527907394.009690000	74.3278	148	0
1527907394.013194000	74.3313	92	0
1527907394.013525000	74.3317	112	1
1527907394.014069000	74.3322	212	0
1527907394.017505000	74.3357	100	1
1527907394.189848000	74.508	393	1
1527907394.189910000	74.5081	260	1
1527907394.207973000	74.5261	87	0
1527907394.417666000	74.7358	233	0
1527907394.418353000	74.7365	148	0
1527907394.421560000	74.7397	106	1
1527907394.423810000	74.742	92	0
1527907394.424527000	74.7427	94	0
1527907394.427567000	74.7457	103	1
1527907394.487676000	74.8058	390	1
1527907394.487774000	74.8059	262	1
1527907394.505834000	74.824	87	0
1527907394.720257000	75.0384	232	0
1527907394.720813000	75.039	148	0
1527907394.724639000	75.0428	106	1
1527907394.725044000	75.0432	92	0
1527907394.725722000	75.0439	93	0
1527907394.728578000	75.0467	103	1
1527907394.816750000	75.1349	389	1
1527907394.816846000	75.135	260	1
1527907394.835079000	75.1532	87	0
1527907395.044765000	75.3629	256	0
1527907395.045361000	75.3635	148	0
1527907395.048591000	75.3667	106	1
1527907395.049062000	75.3672	92	0
1527907395.049859000	75.368	223	0
1527907395.052639000	75.3708	103	1
1527907395.311872000	75.63	390	1
1527907395.311936000	75.6301	263	1
1527907395.331236000	75.6494	87	0
1527907395.539907000	75.8581	233	0
1527907395.540474000	75.8586	148	0
1527907395.543607000	75.8618	106	1
1527907395.544306000	75.8625	92	0
1527907395.544895000	75.863	310	0
1527907395.547608000	75.8658	103	1
1527907395.761012000	76.0792	389	1
1527907395.761072000	76.0792	260	1
1527907395.777365000	76.0955	87	0
1527907395.988969000	76.3071	256	0
1527907395.989539000	76.3077	148	0
1527907395.992612000	76.3108	106	1
1527907395.992987000	76.3111	92	0
1527907395.993596000	76.3117	93	0
1527907395.996627000	76.3148	103	1
1527907396.026455000	76.3446	92	0
1527907396.030615000	76.3488	100	1
1527907396.357859000	76.676	390	1
1527907396.357951000	76.6761	261	1
1527907396.375567000	76.6937	87	0
1527907396.674235000	76.9924	233	0
1527907396.674820000	76.993	148	0
1527907396.676851000	76.995	92	0
1527907396.677512000	76.9957	319	0
1527907396.677637000	76.9958	112	1
1527907396.828162000	77.1463	390	1
1527907396.828223000	77.1464	260	1
1527907396.868695000	77.1868	390	1
1527907396.896478000	77.2146	87	0
1527907396.897492000	77.2156	87	0
1527907396.898392000	77.2165	87	0
1527907397.057766000	77.3759	259	0
1527907397.058363000	77.3765	148	0
1527907397.061694000	77.3798	112	1
1527907397.062627000	77.3808	92	0
1527907397.063408000	77.3816	117	0
1527907397.066689000	77.3848	103	1
1527907397.166835000	77.485	392	1
1527907397.166899000	77.485	262	1
1527907397.185557000	77.5037	87	0
1527907397.396697000	77.7148	235	0
1527907397.397254000	77.7154	148	0
1527907397.399949000	77.7181	92	0
1527907397.400594000	77.7187	333	0
1527907397.400706000	77.7189	109	1
1527907397.404728000	77.7229	100	1
1527907397.574823000	77.893	395	1
1527907397.574911000	77.8931	267	1
1527907397.591740000	77.9099	87	0
1527907397.801797000	78.1199	259	0
1527907397.802398000	78.1205	148	0
1527907397.805697000	78.1238	106	1
1527907397.806120000	78.1243	92	0
1527907397.806757000	78.1249	116	0
1527907397.809672000	78.1278	103	1
1527907398.173476000	78.4916	513	1
1527907398.173538000	78.4917	261	1
1527907398.193005000	78.5112	87	0
1527907398.405677000	78.7238	233	0
1527907398.406290000	78.7244	148	0
1527907398.409318000	78.7275	92	0
1527907398.409755000	78.7279	109	1
1527907398.409981000	78.7281	153	0
1527907398.413756000	78.7319	100	1
1527907398.419720000	78.7379	872	1
1527907398.419788000	78.7379	259	1
1527907398.437791000	78.7559	87	0
1527907398.643791000	78.9619	281	0
1527907398.644454000	78.9626	148	0
1527907398.647760000	78.9659	106	1
1527907398.652071000	78.9702	92	0
1527907398.652835000	78.971	145	0
1527907398.655754000	78.9739	103	1
1527907398.679855000	78.998	92	0
1527907398.683762000	79.0019	100	1
1527907398.832110000	79.1503	403	1
1527907398.832169000	79.1503	260	1
1527907398.849220000	79.1674	87	0
1527907399.241936000	79.5601	466	0
1527907399.242489000	79.5606	148	0
1527907399.245416000	79.5636	92	0
1527907399.245775000	79.5639	109	1
1527907399.246014000	79.5642	115	0
1527907399.249766000	79.5679	100	1
1527907399.279138000	79.5973	977	1
1527907399.279209000	79.5974	261	1
1527907399.297580000	79.6157	87	0
1527907399.504910000	79.8231	239	0
1527907399.505486000	79.8236	148	0
1527907399.508851000	79.827	106	1
1527907399.508903000	79.827	92	0
1527907399.509547000	79.8277	157	0
1527907399.512750000	79.8309	103	1
1527907399.514902000	79.833	393	1
1527907399.514951000	79.8331	260	1
1527907399.533420000	79.8516	87	0
1527907399.742413000	80.0606	267	0
1527907399.743036000	80.0612	148	0
1527907399.746435000	80.0646	92	0
1527907399.746821000	80.065	109	1
1527907399.747123000	80.0653	183	0
1527907399.750780000	80.0689	100	1
1527907400.114226000	80.4324	390	1
1527907400.114304000	80.4325	260	1
1527907400.131053000	80.4492	87	0
1527907400.137626000	80.4558	87	0
1527907400.342139000	80.6603	255	0
1527907400.342759000	80.6609	148	0
1527907400.345402000	80.6635	92	0
1527907400.345851000	80.664	112	1
1527907400.345994000	80.6641	163	0
1527907400.349841000	80.668	100	1
1527907400.542193000	80.8603	389	1
1527907400.542284000	80.8604	261	1
1527907400.559622000	80.8778	87	0
1527907400.565615000	80.8838	87	0
1527907400.789174000	81.1073	256	0
1527907400.789738000	81.1079	148	0
1527907400.792855000	81.111	109	1
1527907400.793209000	81.1114	92	0
1527907400.793813000	81.112	212	0
1527907400.796853000	81.115	103	1
1527907400.912239000	81.2304	392	1
1527907400.912330000	81.2305	268	1
1527907400.930970000	81.2491	87	0
1527907401.139540000	81.4577	235	0
1527907401.140119000	81.4583	148	0
1527907401.143600000	81.4617	92	0
1527907401.143876000	81.462	106	1
1527907401.144249000	81.4624	213	0
1527907401.147872000	81.466	103	1
1527907401.343510000	81.6617	394	1
1527907401.343569000	81.6617	262	1
1527907401.360185000	81.6783	87	0
1527907401.756608000	82.0748	235	0
1527907401.757217000	82.0754	148	0
1527907401.760971000	82.0791	106	1
1527907401.761512000	82.0797	92	0
1527907401.762131000	82.0803	250	0
1527907401.764973000	82.0831	103	1
1527907401.814255000	82.1324	391	1
1527907401.814320000	82.1325	260	1
1527907401.831972000	82.1501	87	0
1527907402.041950000	82.3601	258	0
1527907402.042556000	82.3607	148	0
1527907402.045474000	82.3636	92	0
1527907402.045984000	82.3641	109	1
1527907402.046050000	82.3642	131	0
1527907402.049982000	82.3681	100	1
1527907402.152100000	82.4702	391	1
1527907402.152194000	82.4703	259	1
1527907402.172642000	82.4908	87	0
1527907402.569276000	82.8874	235	0
1527907402.569860000	82.888	148	0
1527907402.573009000	82.8912	106	1
1527907402.573721000	82.8919	92	0
1527907402.574368000	82.8925	323	0
1527907402.576995000	82.8951	103	1
1527907402.841506000	83.1597	394	1
1527907402.841582000	83.1597	264	1
1527907402.858943000	83.1771	87	0
1527907403.078566000	83.3967	256	0
1527907403.079113000	83.3973	148	0
1527907403.082039000	83.4002	106	1
1527907403.082273000	83.4004	92	0
1527907403.082982000	83.4011	314	0
1527907403.086030000	83.4042	103	1
1527907403.211351000	83.5295	511	1
1527907403.211448000	83.5296	262	1
1527907403.228245000	83.5464	87	0
1527907403.436682000	83.7548	233	0
1527907403.437225000	83.7554	148	0
1527907403.440450000	83.7586	92	0
1527907403.441019000	83.7592	109	1
1527907403.441031000	83.7592	178	0
1527907403.445071000	83.7632	100	1
1527907403.450099000	83.7682	868	1
1527907403.450154000	83.7683	260	1
1527907403.468047000	83.7862	87	0
1527907403.862332000	84.1805	259	0
1527907403.862957000	84.1811	148	0
1527907403.866085000	84.1842	106	1
1527907403.867023000	84.1852	92	0
1527907403.867726000	84.1859	118	0
1527907403.871067000	84.1892	103	1
1527907403.949161000	84.2673	408	1
1527907403.949255000	84.2674	263	1
1527907403.966769000	84.2849	87	0
1527907404.178592000	84.4967	236	0
1527907404.179139000	84.4973	148	0
1527907404.182110000	84.5003	106	1
1527907404.182668000	84.5008	92	0
1527907404.183439000	84.5016	307	0
1527907404.186095000	84.5042	103	1
1527907404.234189000	84.5523	976	1
1527907404.234278000	84.5524	259	1
1527907404.252185000	84.5703	87	0
1527907404.467548000	84.7857	235	0
1527907404.468108000	84.7863	148	0
1527907404.471117000	84.7893	106	1
1527907404.472054000	84.7902	92	0
1527907404.472725000	84.7909	131	0
1527907404.476110000	84.7943	103	1
1527907404.647763000	84.9659	393	1
1527907404.647824000	84.966	260	1
1527907404.667029000	84.9852	87	0
1527907404.670786000	84.9889	87	0
1527907405.060194000	85.3783	301	0
1527907405.060796000	85.3789	148	0
1527907405.063875000	85.382	92	0
1527907405.064077000	85.3822	112	1
1527907405.064577000	85.3827	94	0
1527907405.068093000	85.3862	100	1
1527907405.212306000	85.5305	392	1
1527907405.212402000	85.5305	261	1
1527907405.231742000	85.5499	87	0
1527907405.446344000	85.7645	443	0
1527907405.446964000	85.7651	148	0
1527907405.450044000	85.7682	92	0
1527907405.450109000	85.7683	106	1
1527907405.451333000	85.7695	190	0
1527907405.454113000	85.7723	103	1
1527907405.540307000	85.8585	391	1
1527907405.540372000	85.8585	262	1
1527907405.557543000	85.8757	87	0
1527907405.771414000	86.0896	240	0
1527907405.771964000	86.0901	148	0
1527907405.775160000	86.0933	92	0
1527907405.775242000	86.0934	106	1
1527907405.775797000	86.0939	178	0
1527907405.779200000	86.0973	103	1
1527907405.976720000	86.2949	391	1
1527907405.976818000	86.295	260	1
1527907405.993564000	86.3117	87	0
1527907406.005485000	86.3236	87	0
1527907406.208685000	86.5268	288	0
1527907406.209236000	86.5274	148	0
1527907406.212222000	86.5304	109	1
1527907406.212672000	86.5308	92	0
1527907406.213320000	86.5315	106	0
1527907406.216231000	86.5344	103	1
1527907406.404434000	86.7226	390	1
1527907406.404532000	86.7227	259	1
1527907406.423198000	86.7413	87	0
1527907406.632034000	86.9502	233	0
1527907406.632601000	86.9507	148	0
1527907406.636235000	86.9544	106	1
1527907406.636459000	86.9546	92	0
1527907406.637099000	86.9552	90	0
1527907406.640226000	86.9584	103	1
1527907407.406987000	87.7251	390	1
1527907407.407081000	87.7252	260	1
1527907407.425346000	87.7435	87	0
1527907407.638700000	87.9568	256	0
1527907407.639276000	87.9574	148	0
1527907407.642496000	87.9606	106	1
1527907407.643100000	87.9612	92	0
1527907407.645044000	87.9632	257	0
1527907407.646415000	87.9646	103	1
1527907407.675049000	87.9932	393	1
1527907407.675110000	87.9933	262	1
1527907407.693143000	88.0113	87	0
1527907407.899734000	88.2179	256	0
1527907407.900303000	88.2184	148	0
1527907407.903346000	88.2215	92	0
1527907407.903575000	88.2217	109	1
1527907407.903959000	88.2221	201	0
1527907407.907517000	88.2257	100	1
1527907407.942533000	88.2607	390	1
1527907407.942593000	88.2607	259	1
1527907407.959486000	88.2776	87	0
1527907408.170960000	88.4891	232	0
1527907408.171561000	88.4897	148	0
1527907408.174512000	88.4927	106	1
1527907408.175710000	88.4939	92	0
1527907408.176361000	88.4945	333	0
1527907408.179523000	88.4977	103	1
1527907408.191483000	88.5096	511	1
1527907408.191570000	88.5097	259	1
1527907408.211541000	88.5297	87	0
1527907408.425090000	88.7432	235	0
1527907408.425663000	88.7438	148	0
1527907408.428541000	88.7467	106	1
1527907408.428878000	88.747	92	0
1527907408.429526000	88.7477	107	0
1527907408.432532000	88.7507	103	1
1527907409.230937000	89.5491	870	1
1527907409.231028000	89.5492	261	1
1527907409.250780000	89.5689	87	0
1527907409.462634000	89.7808	256	0
1527907409.463319000	89.7815	148	0
1527907409.465880000	89.784	92	0
1527907409.466514000	89.7847	109	1
1527907409.466585000	89.7847	123	0
1527907409.470565000	89.7887	100	1
1527907409.673194000	89.9913	401	1
1527907409.673281000	89.9914	259	1
1527907409.690812000	90.009	87	0
1527907410.014155000	90.3323	256	0
1527907410.014701000	90.3328	148	0
1527907410.017626000	90.3358	106	1
1527907410.018366000	90.3365	92	0
1527907410.019014000	90.3372	149	0
1527907410.021613000	90.3398	103	1
1527907410.159037000	90.4772	390	1
1527907410.159103000	90.4772	261	1
1527907410.177615000	90.4958	87	0
1527907410.391572000	90.7097	235	0
1527907410.392131000	90.7103	148	0
1527907410.395660000	90.7138	106	1
1527907410.397064000	90.7152	92	0
1527907410.397651000	90.7158	105	0
1527907410.400634000	90.7188	103	1
1527907410.615211000	90.9334	972	1
1527907410.615275000	90.9334	262	1
1527907410.632139000	90.9503	87	0
1527907410.855512000	91.1737	258	0
1527907410.856064000	91.1742	148	0
1527907410.859677000	91.1778	106	1
1527907410.859747000	91.1779	92	0
1527907410.861105000	91.1793	187	0
1527907410.863629000	91.1818	103	1
1527907411.004013000	91.3222	394	1
1527907411.004074000	91.3222	260	1
1527907411.020834000	91.339	87	0
1527907411.025494000	91.3436	87	0
1527907411.231850000	91.55	235	0
1527907411.232444000	91.5506	148	0
1527907411.234918000	91.5531	92	0
1527907411.235543000	91.5537	210	0
1527907411.235638000	91.5538	112	1
1527907411.239745000	91.5579	100	1
1527907411.427028000	91.7452	309	1
1527907411.433132000	91.7513	326	1
1527907411.433210000	91.7514	259	1
1527907411.444763000	91.7629	87	0
1527907411.449567000	91.7677	87	0
1527907411.662603000	91.9807	232	0
1527907411.663246000	91.9814	148	0
1527907411.665407000	91.9836	92	0
1527907411.666050000	91.9842	323	0
1527907411.666652000	91.9848	115	1
1527907411.812042000	92.1302	615	0
1527907411.812807000	92.131	1412	0
1527907411.813481000	92.1316	994	0
1527907411.814071000	92.1322	92	0
1527907411.814708000	92.1329	252	0
1527907411.815662000	92.1338	112	1
1527907411.994487000	92.3126	235	1
1527907412.011840000	92.33	87	0
1527907412.026275000	92.3444	323	1
1527907412.026363000	92.3445	262	1
1527907412.043236000	92.3614	87	0
1527907412.170461000	92.4886	235	0
1527907412.171060000	92.4892	1412	0
1527907412.171681000	92.4898	996	0
1527907412.172370000	92.4905	92	0
1527907412.174704000	92.4929	115	1
1527907412.213650000	92.5318	130	0
1527907412.217717000	92.5359	100	1
1527907412.250359000	92.5685	366	0
1527907412.250928000	92.5691	148	0
1527907412.254519000	92.5727	92	0
1527907412.254749000	92.5729	106	1
1527907412.255189000	92.5733	328	0
1527907412.258738000	92.5769	100	1
1527907412.345307000	92.6635	283	1
1527907412.362576000	92.6807	87	0
1527907412.692083000	93.0102	388	0
1527907412.692636000	93.0108	322	0
1527907412.693294000	93.0114	123	1
1527907412.693400000	93.0115	158	0
1527907412.696280000	93.0144	288	1
1527907412.712460000	93.0306	87	0
1527907412.715571000	93.0337	87	0
1527907412.756073000	93.0742	345	1
1527907412.756135000	93.0743	262	1
1527907412.773916000	93.0921	87	0
1527907412.792013000	93.1102	287	0
1527907412.792582000	93.1107	473	0
1527907412.793284000	93.1114	229	0
1527907412.795762000	93.1139	109	1
1527907412.821370000	93.1395	1119	1
1527907412.839037000	93.1572	87	0
1527907412.985633000	93.3038	235	0
1527907412.986249000	93.3044	148	0
1527907412.989640000	93.3078	92	0
1527907412.989721000	93.3079	106	1
1527907412.990302000	93.3084	253	0
1527907412.993727000	93.3119	103	1
1527907413.223194000	93.5413	984	1
1527907413.223254000	93.5414	260	1
1527907413.239081000	93.5572	241	0
1527907413.239681000	93.5578	1412	0
1527907413.240298000	93.5584	833	0
1527907413.241161000	93.5593	92	0
1527907413.241780000	93.5599	212	0
1527907413.242953000	93.5611	112	1
1527907413.245934000	93.5641	87	0
1527907413.457767000	93.7759	233	0
1527907413.458383000	93.7765	148	0
1527907413.461773000	93.7799	106	1
1527907413.462239000	93.7804	92	0
1527907413.463019000	93.7812	232	0
1527907413.465788000	93.7839	103	1
1527907413.820227000	94.1384	390	1
1527907413.820291000	94.1384	259	1
1527907413.837726000	94.1559	87	0
1527907414.048845000	94.367	258	0
1527907414.049430000	94.3676	148	0
1527907414.052810000	94.371	106	1
1527907414.054764000	94.3729	92	0
1527907414.055460000	94.3736	302	0
1527907414.058821000	94.377	103	1
1527907414.149163000	94.4673	391	1
1527907414.149254000	94.4674	262	1
1527907414.166906000	94.4851	87	0
1527907414.176955000	94.4951	87	0
1527907414.254170000	94.5723	262	1
1527907414.276724000	94.5949	87	0
1527907414.358930000	94.6771	315	0
1527907414.359555000	94.6777	509	0
1527907414.361716000	94.6799	92	0
1527907414.362817000	94.681	109	1
1527907414.375975000	94.6941	255	0
1527907414.379861000	94.698	100	1
1527907414.382728000	94.7009	233	0
1527907414.383378000	94.7015	148	0
1527907414.386448000	94.7046	92	0
1527907414.386806000	94.705	106	1
1527907414.387838000	94.706	158	0
1527907414.391831000	94.71	100	1
1527907414.418660000	94.7368	393	1
1527907414.418747000	94.7369	260	1
1527907414.436065000	94.7542	87	0
1527907414.651683000	94.9698	233	0
1527907414.652252000	94.9704	148	0
1527907414.652945000	94.9711	92	0
1527907414.653690000	94.9718	232	0
1527907414.655856000	94.974	112	1
1527907414.885342000	95.2035	393	1
1527907414.885435000	95.2036	261	1
1527907414.918328000	95.2365	87	0
1527907415.128043000	95.4462	396	0
1527907415.128667000	95.4468	148	0
1527907415.131859000	95.45	106	1
1527907415.132377000	95.4505	92	0
1527907415.133132000	95.4513	296	0
1527907415.135944000	95.4541	103	1
1527907415.294307000	95.6125	390	1
1527907415.294397000	95.6125	261	1
1527907415.311404000	95.6296	87	0
1527907415.523719000	95.8419	262	0
1527907415.524286000	95.8424	148	0
1527907415.527724000	95.8459	92	0
1527907415.527959000	95.8461	109	1
1527907415.528427000	95.8466	153	0
1527907415.531958000	95.8501	100	1
1527907415.781434000	96.0996	390	1
1527907415.781493000	96.0996	260	1
1527907415.797987000	96.1161	87	0
1527907416.010677000	96.3288	381	0
1527907416.011222000	96.3294	148	0
1527907416.014981000	96.3331	106	1
1527907416.015171000	96.3333	92	0
1527907416.015820000	96.334	154	0
1527907416.018968000	96.3371	103	1
1527907416.209167000	96.5273	394	1
1527907416.209252000	96.5274	262	1
1527907416.226607000	96.5448	87	0
1527907416.438503000	96.7566	235	0
1527907416.439066000	96.7572	148	0
1527907416.441961000	96.7601	92	0
1527907416.442009000	96.7602	106	1
1527907416.442730000	96.7609	291	0
1527907416.445990000	96.7641	103	1
1527907416.618358000	96.9365	394	1
1527907416.618450000	96.9366	263	1
1527907416.636377000	96.9545	87	0
1527907416.855962000	97.1741	259	0
1527907416.856511000	97.1747	148	0
1527907416.859960000	97.1781	106	1
1527907416.860001000	97.1781	92	0
1527907416.860657000	97.1788	206	0
1527907416.863952000	97.1821	103	1
1527907416.915216000	97.2334	657	1
1527907416.915279000	97.2334	260	1
1527907416.932548000	97.2507	87	0
1527907417.142490000	97.4606	233	0
1527907417.143121000	97.4613	148	0
1527907417.145313000	97.4635	92	0
1527907417.145999000	97.4641	292	0
1527907417.146045000	97.4642	109	1
1527907417.150024000	97.4682	100	1
1527907417.243958000	97.5621	724	1
1527907417.244047000	97.5622	260	1
1527907417.261010000	97.5792	87	0
1527907417.469648000	97.7878	235	0
1527907417.470188000	97.7883	148	0
1527907417.474052000	97.7922	106	1
1527907417.475018000	97.7932	92	0
1527907417.476362000	97.7945	294	0
1527907417.479046000	97.7972	103	1
1527907417.631440000	97.9496	985	1
1527907417.631506000	97.9497	262	1
1527907417.649030000	97.9672	87	0
1527907417.866757000	98.1849	259	0
1527907417.867374000	98.1855	148	0
1527907417.871022000	98.1892	106	1
1527907417.871391000	98.1895	92	0
1527907417.873041000	98.1912	227	0
1527907417.875081000	98.1932	103	1
1527907418.190452000	98.5086	391	1
1527907418.190546000	98.5087	260	1
1527907418.207623000	98.5258	87	0
1527907418.416328000	98.7345	233	0
1527907418.416880000	98.735	148	0
1527907418.420108000	98.7383	106	1
1527907418.420568000	98.7387	92	0
1527907418.421208000	98.7394	171	0
1527907418.424121000	98.7423	103	1
1527907418.507305000	98.8255	390	1
1527907418.507397000	98.8255	260	1
1527907418.525415000	98.8436	87	0
1527907418.730640000	99.0488	235	0
1527907418.731259000	99.0494	148	0
1527907418.734127000	99.0523	106	1
1527907418.735092000	99.0532	92	0
1527907418.735739000	99.0539	278	0
1527907418.739118000	99.0573	103	1
1527907418.846506000	99.1647	391	1
1527907418.846564000	99.1647	260	1
1527907418.865338000	99.1835	87	0
1527907419.089250000	99.4074	256	0
1527907419.089810000	99.408	148	0
1527907419.093141000	99.4113	106	1
1527907419.094593000	99.4127	92	0
1527907419.095155000	99.4133	155	0
1527907419.098144000	99.4163	103	1
1527907419.353984000	99.6721	389	1
1527907419.354072000	99.6722	262	1
1527907419.372536000	99.6907	87	0
1527907419.586982000	99.9051	232	0
1527907419.587534000	99.9057	148	0
1527907419.590257000	99.9084	92	0
1527907419.590894000	99.909	237	0
1527907419.591125000	99.9093	112	1
1527907419.713860000	100.032	392	1
1527907419.713929000	100.032	260	1
1527907419.730667000	100.049	87	0
1527907419.752675000	100.071	87	0
1527907420.124397000	100.443	255	0
1527907420.125004000	100.443	148	0
1527907420.127116000	100.445	92	0
1527907420.127770000	100.446	217	0
1527907420.128217000	100.446	115	1
1527907420.159040000	100.477	392	1
1527907420.159132000	100.477	259	1
1527907420.177567000	100.496	87	0
1527907420.386319000	100.704	233	0
1527907420.386911000	100.705	148	0
1527907420.390161000	100.708	106	1
1527907420.390657000	100.709	92	0
1527907420.391288000	100.709	262	0
1527907420.394159000	100.712	103	1
1527907420.409657000	100.728	390	1
1527907420.409722000	100.728	262	1
1527907420.426848000	100.745	87	0
1527907420.633868000	100.952	235	0
1527907420.634459000	100.953	148	0
1527907420.638164000	100.956	106	1
1527907420.638520000	100.957	92	0
1527907420.639149000	100.957	91	0
1527907420.642177000	100.96	103	1
1527907420.926530000	101.245	394	1
1527907420.926618000	101.245	261	1
1527907420.944039000	101.262	87	0
1527907421.155225000	101.473	398	0
1527907421.155777000	101.474	148	0
1527907421.159272000	101.477	106	1
1527907421.159557000	101.478	92	0
1527907421.160194000	101.478	117	0
1527907421.163259000	101.481	103	1
1527907421.813881000	102.132	395	1
1527907421.813951000	102.132	262	1
1527907421.833699000	102.152	87	0
1527907422.046287000	102.364	285	0
1527907422.046895000	102.365	148	0
1527907422.049412000	102.368	92	0
1527907422.050049000	102.368	231	0
1527907422.050292000	102.368	112	1
1527907422.163390000	102.482	391	1
1527907422.163455000	102.482	259	1
1527907422.182291000	102.5	87	0
1527907422.390712000	102.709	359	0
1527907422.391261000	102.709	148	0
1527907422.394344000	102.712	106	1
1527907422.394641000	102.713	92	0
1527907422.395454000	102.714	255	0
1527907422.398352000	102.716	103	1
1527907422.590726000	102.909	658	1
1527907422.590788000	102.909	261	1
1527907422.608735000	102.927	87	0
1527907422.816596000	103.135	255	0
1527907422.817226000	103.135	148	0
1527907422.820279000	103.138	92	0
1527907422.820369000	103.139	106	1
1527907422.820945000	103.139	195	0
1527907422.824360000	103.143	103	1
1527907422.977569000	103.296	724	1
1527907422.977659000	103.296	259	1
1527907422.995473000	103.314	87	0
1527907423.205551000	103.524	235	0
1527907423.206114000	103.524	148	0
1527907423.209380000	103.528	106	1
1527907423.209998000	103.528	92	0
1527907423.210649000	103.529	217	0
1527907423.213401000	103.532	103	1
1527907423.386541000	103.705	985	1
1527907423.386633000	103.705	261	1
1527907423.404085000	103.722	87	0
1527907423.614625000	103.933	232	0
1527907423.615184000	103.933	148	0
1527907423.618403000	103.937	106	1
1527907423.619152000	103.937	92	0
1527907423.619749000	103.938	322	0
1527907423.623410000	103.942	103	1
1527907424.339286000	104.657	388	1
1527907424.339383000	104.658	259	1
1527907424.357047000	104.675	87	0
1527907424.567181000	104.885	258	0
1527907424.567773000	104.886	148	0
1527907424.570624000	104.889	92	0
1527907424.570874000	104.889	109	1
1527907424.571277000	104.889	101	0
1527907424.574812000	104.893	100	1
1527907424.588716000	104.907	391	1
1527907424.588783000	104.907	259	1
1527907424.606630000	104.925	87	0
1527907424.611968000	104.93	87	0
1527907424.819158000	105.137	259	0
1527907424.819738000	105.138	148	0
1527907424.822808000	105.141	109	1
1527907424.822998000	105.141	92	0
1527907424.823645000	105.142	97	0
1527907424.826802000	105.145	103	1
1527907424.878991000	105.197	391	1
1527907424.879066000	105.197	261	1
1527907424.895921000	105.214	87	0
1527907425.113334000	105.431	235	0
1527907425.113960000	105.432	148	0
1527907425.116374000	105.435	92	0
1527907425.116825000	105.435	109	1
1527907425.117023000	105.435	182	0
1527907425.120817000	105.439	100	1
1527907425.196386000	105.515	391	1
1527907425.196457000	105.515	259	1
1527907425.213691000	105.532	87	0
1527907425.424222000	105.742	232	0
1527907425.424768000	105.743	148	0
1527907425.427872000	105.746	106	1
1527907425.428968000	105.747	92	0
1527907425.429616000	105.748	166	0
1527907425.432845000	105.751	103	1
1527907425.608173000	105.926	389	1
1527907425.608263000	105.926	259	1
1527907425.625144000	105.943	87	0
1527907425.833677000	106.152	256	0
1527907425.834237000	106.152	148	0
1527907425.837923000	106.156	106	1
1527907425.838398000	106.157	92	0
1527907425.841926000	106.16	100	1
1527907425.877449000	106.196	300	0
1527907425.880881000	106.199	100	1
1527907426.024427000	106.343	394	1
1527907426.024519000	106.343	503	1
1527907426.041596000	106.36	87	0
1527907426.251785000	106.57	235	0
1527907426.252385000	106.571	148	0
1527907426.254570000	106.573	92	0
1527907426.255215000	106.573	255	0
1527907426.255882000	106.574	112	1
1527907426.457322000	106.775	394	1
1527907426.457388000	106.776	317	1
1527907426.474512000	106.793	87	0
1527907426.683381000	107.002	233	0
1527907426.683930000	107.002	148	0
1527907426.686974000	107.005	106	1
1527907426.688110000	107.006	92	0
1527907426.688727000	107.007	245	0
1527907426.691960000	107.01	103	1
1527907427.399534000	107.718	524	1
1527907427.399597000	107.718	911	1
1527907427.417147000	107.735	87	0
1527907427.523828000	107.842	254	0
1527907427.525973000	107.844	80	0
1527907427.527458000	107.846	106	1
1527907427.552601000	107.871	637	1
1527907427.552700000	107.871	1412	1
1527907427.552738000	107.871	1412	1
1527907427.552771000	107.871	1412	1
1527907427.552805000	107.871	1065	1
1527907427.570569000	107.889	87	0
1527907427.673989000	107.992	505	0
1527907427.678379000	107.997	103	1
1527907427.680121000	107.998	80	0
1527907427.683379000	108.002	100	1
1527907427.746237000	108.064	727	1
1527907427.746312000	108.064	262	1
1527907427.763437000	108.082	87	0
1527907427.775615000	108.094	87	0
1527907428.178010000	108.496	309	0
1527907428.178622000	108.497	148	0
1527907428.181396000	108.5	109	1
1527907428.182276000	108.5	92	0
1527907428.183635000	108.502	336	0
1527907428.186404000	108.505	103	1
1527907428.309262000	108.627	988	1
1527907428.309355000	108.628	263	1
1527907428.328039000	108.646	87	0
1527907428.333454000	108.652	87	0
1527907428.541432000	108.86	356	0
1527907428.541985000	108.86	148	0
1527907428.545424000	108.864	109	1
1527907428.545437000	108.864	92	0
1527907428.546118000	108.864	141	0
1527907428.549411000	108.868	103	1
1527907428.568054000	108.886	392	1
1527907428.568153000	108.886	379	1
1527907428.584896000	108.903	87	0
1527907428.798551000	109.117	258	0
1527907428.799172000	109.117	148	0
1527907428.802034000	109.12	92	0
1527907428.802418000	109.121	109	1
1527907428.802658000	109.121	267	0
1527907428.806635000	109.125	100	1
1527907429.028884000	109.347	391	1
1527907429.028970000	109.347	503	1
1527907429.046592000	109.365	87	0
1527907429.051950000	109.37	87	0
1527907429.269676000	109.588	236	0
1527907429.270120000	109.588	148	0
1527907429.273540000	109.592	109	1
1527907429.273558000	109.592	92	0
1527907429.274256000	109.592	93	0
1527907429.277524000	109.596	103	1
1527907429.464574000	109.783	391	1
1527907429.464669000	109.783	317	1
1527907429.482056000	109.8	87	0
1527907429.486721000	109.805	87	0
1527907429.690701000	110.009	233	0
1527907429.691267000	110.009	148	0
1527907429.694535000	110.013	109	1
1527907429.696176000	110.014	92	0
1527907429.696763000	110.015	247	0
1527907429.699526000	110.018	103	1
1527907430.099164000	110.417	393	1
1527907430.099235000	110.417	260	1
1527907430.115647000	110.434	87	0
1527907430.121726000	110.44	87	0
1527907430.331987000	110.65	258	0
1527907430.332539000	110.651	148	0
1527907430.335534000	110.654	92	0
1527907430.335622000	110.654	109	1
1527907430.336209000	110.654	321	0
1527907430.339566000	110.658	103	1
1527907430.741060000	111.059	394	1
1527907430.741127000	111.059	259	1
1527907430.757588000	111.076	87	0
1527907430.972260000	111.29	256	0
1527907430.972875000	111.291	148	0
1527907430.976620000	111.295	106	1
1527907430.977119000	111.295	92	0
1527907430.977694000	111.296	193	0
1527907430.980604000	111.299	103	1
1527907431.177885000	111.496	393	1
1527907431.177941000	111.496	266	1
1527907431.196275000	111.514	87	0
1527907431.406430000	111.725	235	0
1527907431.407005000	111.725	148	0
1527907431.410470000	111.729	92	0
1527907431.410584000	111.729	106	1
1527907431.411137000	111.729	244	0
1527907431.414617000	111.733	103	1
1527907431.976164000	112.294	391	1
1527907431.976231000	112.294	259	1
1527907431.996196000	112.314	87	0
1527907432.210554000	112.529	256	0
1527907432.211169000	112.529	148	0
1527907432.213972000	112.532	92	0
1527907432.214617000	112.533	109	1
1527907432.214631000	112.533	227	0
1527907432.218635000	112.537	100	1
1527907432.252827000	112.571	390	1
1527907432.252925000	112.571	262	1
1527907432.270913000	112.589	87	0
1527907432.276554000	112.595	87	0
1527907432.483056000	112.801	235	0
1527907432.483650000	112.802	148	0
1527907432.486687000	112.805	109	1
1527907432.487688000	112.806	92	0
1527907432.488322000	112.806	265	0
1527907432.491680000	112.81	103	1
1527907432.569962000	112.888	391	1
1527907432.570023000	112.888	262	1
1527907432.590271000	112.908	87	0
1527907432.598464000	112.917	87	0
1527907432.801955000	113.12	258	0
1527907432.802507000	113.121	148	0
1527907432.805708000	113.124	109	1
1527907432.806296000	113.124	92	0
1527907432.806937000	113.125	112	0
1527907432.809728000	113.128	103	1
1527907433.011416000	113.33	657	1
1527907433.011476000	113.33	260	1
1527907433.030686000	113.349	87	0
1527907433.238954000	113.557	233	0
1527907433.239559000	113.558	148	0
1527907433.242678000	113.561	92	0
1527907433.242761000	113.561	106	1
1527907433.243422000	113.562	181	0
1527907433.246748000	113.565	103	1
1527907433.445100000	113.763	728	1
1527907433.445192000	113.763	264	1
1527907433.462483000	113.781	87	0
1527907433.467675000	113.786	87	0
1527907433.675453000	113.994	302	0
1527907433.675994000	113.994	148	0
1527907433.679295000	113.997	92	0
1527907433.679758000	113.998	112	1
1527907433.680042000	113.998	249	0
1527907433.683765000	114.002	100	1
1527907433.915497000	114.234	983	1
1527907433.915573000	114.234	260	1
1527907433.933328000	114.251	87	0
1527907433.937738000	114.256	87	0
1527907434.144750000	114.463	304	0
1527907434.145394000	114.464	148	0
1527907434.148760000	114.467	109	1
1527907434.148939000	114.467	92	0
1527907434.149651000	114.468	126	0
1527907434.152753000	114.471	103	1
1527907434.278133000	114.596	391	1
1527907434.278207000	114.596	260	1
1527907434.297136000	114.615	87	0
1527907434.301154000	114.619	87	0
1527907434.507476000	114.826	258	0
1527907434.508066000	114.826	148	0
1527907434.511766000	114.83	109	1
1527907434.512273000	114.83	92	0
1527907434.512974000	114.831	206	0
1527907434.515751000	114.834	103	1
1527907434.601091000	114.919	390	1
1527907434.601182000	114.919	260	1
1527907434.619365000	114.938	87	0
1527907434.627950000	114.946	87	0
1527907434.833349000	115.151	287	0
1527907434.833923000	115.152	148	0
1527907434.836201000	115.154	92	0
1527907434.836784000	115.155	112	1
1527907434.836805000	115.155	269	0
1527907434.840756000	115.159	100	1
1527907434.875803000	115.194	395	1
1527907434.875894000	115.194	223	1
1527907434.895355000	115.214	87	0
1527907435.044441000	115.363	304	1
1527907435.044530000	115.363	1412	1
1527907435.044564000	115.363	1412	1
1527907435.044591000	115.363	1412	1
1527907435.044610000	115.363	565	1
1527907435.061618000	115.38	87	0
1527907435.104891000	115.423	356	0
1527907435.105499000	115.424	148	0
1527907435.108786000	115.427	109	1
1527907435.109183000	115.427	92	0
1527907435.109762000	115.428	219	0
1527907435.112773000	115.431	103	1
1527907435.162995000	115.481	401	0
1527907435.166775000	115.485	100	1
1527907435.168753000	115.487	79	0
1527907435.172774000	115.491	100	1
1527907435.325319000	115.643	393	1
1527907435.325385000	115.644	379	1
1527907435.343333000	115.661	85	0
1527907435.554943000	115.873	231	0
1527907435.555520000	115.874	147	0
1527907435.558811000	115.877	106	1
1527907435.559251000	115.877	91	0
1527907435.560533000	115.879	230	0
1527907435.562814000	115.881	103	1
1527907435.615120000	115.933	392	1
1527907435.615212000	115.933	317	1
1527907435.633171000	115.951	85	0
1527907435.845251000	116.163	258	0
1527907435.845852000	116.164	148	0
1527907435.848843000	116.167	106	1
1527907435.849024000	116.167	92	0
1527907435.849668000	116.168	318	0
1527907435.852815000	116.171	103	1
1527907435.941033000	116.259	395	1
1527907435.941118000	116.259	255	1
1527907435.957633000	116.276	87	0
1527907436.168605000	116.487	233	0
1527907436.169180000	116.487	148	0
1527907436.171728000	116.49	92	0
1527907436.172840000	116.491	109	1
1527907436.172886000	116.491	248	0
1527907436.176855000	116.495	100	1
