1527732684.699659000	0	275	1
1527732684.720251000	0.020592	67	0
1527732685.004087000	0.304428	310	0
1527732685.009375000	0.309716	81	1
1527732685.022749000	0.32309	1392	0
1527732685.022851000	0.323192	1392	0
1527732685.023009000	0.32335	1392	0
1527732685.023011000	0.323352	166	0
1527732685.023307000	0.323648	1392	0
1527732685.023370000	0.323711	1392	0
1527732685.023395000	0.323736	1392	0
1527732685.023398000	0.323739	168	0
1527732685.023887000	0.324228	1392	0
1527732685.024115000	0.324456	1392	0
1527732685.024277000	0.324618	105	1
1527732685.024628000	0.324969	1315	0
1527732685.025165000	0.325506	1392	0
1527732685.025499000	0.32584	1392	0
1527732685.025771000	0.326112	1392	0
1527732685.025773000	0.326114	168	0
1527732685.026066000	0.326407	1170	0
1527732685.026398000	0.326739	1392	0
1527732685.026928000	0.327269	1392	0
1527732685.028321000	0.328662	1392	0
1527732685.028323000	0.328664	168	0
1527732685.028417000	0.328758	64	0
1527732685.028542000	0.328883	105	1
1527732685.028553000	0.328894	1219	0
1527732685.029014000	0.329355	1392	0
1527732685.029018000	0.329359	232	0
1527732685.029340000	0.329681	1392	0
1527732685.029421000	0.329762	782	0
1527732685.029859000	0.3302	1392	0
1527732685.029980000	0.330321	993	0
1527732685.033319000	0.33366	99	1
1527732685.041075000	0.341416	1392	0
1527732685.041366000	0.341707	1392	0
1527732685.041700000	0.342041	1392	0
1527732685.041703000	0.342044	168	0
1527732685.042007000	0.342348	1392	0
1527732685.042010000	0.342351	172	0
1527732685.044476000	0.344817	1392	0
1527732685.044716000	0.345057	1392	0
1527732685.045076000	0.345417	1392	0
1527732685.045078000	0.345419	168	0
1527732685.045289000	0.34563	105	1
1527732685.045389000	0.34573	1392	0
1527732685.045391000	0.345732	129	0
1527732685.045750000	0.346091	1392	0
1527732685.046686000	0.347027	1392	0
1527732685.046689000	0.34703	1392	0
1527732685.046692000	0.347033	168	0
1527732685.046693000	0.347034	64	0
1527732685.046778000	0.347119	767	0
1527732685.047536000	0.347877	1392	0
1527732685.047767000	0.348108	1392	0
1527732685.047941000	0.348282	105	1
1527732685.048075000	0.348416	1392	0
1527732685.048077000	0.348418	168	0
1527732685.048288000	0.348629	621	0
1527732685.048354000	0.348695	275	0
1527732685.052318000	0.352659	87	1
1527732685.564626000	0.864967	335	1
1527732685.564709000	0.86505	1392	1
1527732685.564735000	0.865076	896	1
1527732685.577241000	0.877582	1135	1
1527732685.584272000	0.884613	67	0
1527732685.599455000	0.899796	67	0
1527732685.702425000	1.00277	260	0
1527732685.702729000	1.00307	1392	0
1527732685.703060000	1.0034	1392	0
1527732685.703350000	1.00369	1392	0
1527732685.703353000	1.00369	160	0
1527732685.703798000	1.00414	1392	0
1527732685.704139000	1.00448	1392	0
1527732685.704732000	1.00507	1051	0
1527732685.707774000	1.00811	105	1
1527732685.822206000	1.12255	196	1
1527732685.844267000	1.14461	67	0
1527732685.853924000	1.15426	72	0
1527732685.854025000	1.15437	250	0
1527732685.858373000	1.15871	84	1
1527732685.868670000	1.16901	401	0
1527732685.871478000	1.17182	60	0
1527732685.873378000	1.17372	81	1
1527732685.914746000	1.21509	401	0
1527732685.919388000	1.21973	78	1
1527732685.934280000	1.23462	391	0
1527732685.934378000	1.23472	1096	0
1527732685.934744000	1.23508	72	0
1527732685.934811000	1.23515	180	0
1527732685.942394000	1.24273	87	1
1527732687.627265000	2.92761	211	1
1527732687.647586000	2.94793	67	0
1527732687.733903000	3.03424	235	0
1527732687.734261000	3.0346	1392	0
1527732687.734947000	3.03529	974	0
1527732687.736160000	3.0365	72	0
1527732687.738480000	3.03882	90	1
1527732687.759484000	3.05982	1392	1
1527732687.759528000	3.05987	1392	1
1527732687.759566000	3.05991	332	1
1527732687.759637000	3.05998	823	1
1527732687.775088000	3.07543	263	0
1527732687.780771000	3.08111	78	1
1527732687.781073000	3.08141	67	0
1527732687.789289000	3.08963	67	0
1527732687.809392000	3.10973	506	0
1527732687.809685000	3.11003	102	0
1527732687.814574000	3.11491	87	1
1527732688.566577000	3.86692	752	1
1527732688.566668000	3.86701	1392	1
1527732688.566695000	3.86704	1392	1
1527732688.566738000	3.86708	1392	1
1527732688.566772000	3.86711	1392	1
1527732688.566816000	3.86716	1392	1
1527732688.566853000	3.86719	1392	1
1527732688.566901000	3.86724	1392	1
1527732688.566939000	3.86728	1392	1
1527732688.566973000	3.86731	1392	1
1527732688.567012000	3.86735	1392	1
1527732688.567059000	3.8674	1392	1
1527732688.568715000	3.86906	1392	1
1527732688.568765000	3.86911	1261	1
1527732688.586712000	3.88705	67	0
1527732688.590482000	3.89082	67	0
1527732688.835802000	4.13614	447	0
1527732688.838334000	4.13867	60	0
1527732688.847539000	4.14788	87	1
1527732689.587532000	4.88787	314	1
1527732689.587619000	4.88796	1392	1
1527732689.587645000	4.88799	969	1
1527732689.595143000	4.89548	204	1
1527732689.595237000	4.89558	1392	1
1527732689.595279000	4.89562	1392	1
1527732689.596495000	4.89684	748	1
1527732689.608070000	4.90841	81	1
1527732689.610568000	4.91091	67	0
1527732689.610766000	4.91111	231	1
1527732689.616586000	4.91693	67	0
1527732689.622231000	4.92257	74	0
1527732689.624513000	4.92485	67	0
1527732689.627388000	4.92773	87	1
1527732689.630295000	4.93064	67	0
1527732689.700951000	5.00129	378	0
1527732689.702796000	5.00314	60	0
1527732689.707516000	5.00786	84	1
1527732689.816558000	5.1169	525	0
1527732689.816657000	5.117	287	0
1527732689.816660000	5.117	206	0
1527732689.821773000	5.12211	84	1
1527732689.822097000	5.12244	81	1
1527732689.826294000	5.12663	231	1
1527732689.848343000	5.14868	67	0
1527732689.857456000	5.1578	67	0
1527732690.088882000	5.38922	873	0
1527732690.089004000	5.38934	1392	0
1527732690.089168000	5.38951	1392	0
1527732690.089316000	5.38966	1392	0
1527732690.089319000	5.38966	160	0
1527732690.091380000	5.39172	1392	0
1527732690.091470000	5.39181	1340	0
1527732690.091585000	5.39193	1392	0
1527732690.091652000	5.39199	1392	0
1527732690.091790000	5.39213	1392	0
1527732690.091792000	5.39213	168	0
1527732690.092042000	5.39238	111	1
1527732690.095760000	5.3961	1392	0
1527732690.096040000	5.39638	1392	0
1527732690.096364000	5.3967	84	1
1527732690.096376000	5.39672	1392	0
1527732690.096379000	5.39672	160	0
1527732690.098029000	5.39837	1392	0
1527732690.098211000	5.39855	1392	0
1527732690.098214000	5.39855	526	0
1527732690.100018000	5.40036	1392	0
1527732690.100333000	5.40067	1392	0
1527732690.100597000	5.40094	1392	0
1527732690.100599000	5.40094	168	0
1527732690.101385000	5.40173	102	1
1527732690.102769000	5.40311	762	0
1527732690.105101000	5.40544	1392	0
1527732690.105450000	5.40579	1392	0
1527732690.105755000	5.4061	1392	0
1527732690.105758000	5.4061	168	0
1527732690.105833000	5.40617	64	0
1527732690.107362000	5.4077	93	1
1527732690.107430000	5.40777	957	0
1527732690.110516000	5.41086	1392	0
1527732690.110770000	5.41111	1392	0
1527732690.111498000	5.41184	1392	0
1527732690.111568000	5.41191	168	0
1527732690.112365000	5.41271	78	1
1527732690.113359000	5.4137	1392	0
1527732690.113362000	5.4137	202	0
1527732690.115966000	5.41631	1392	0
1527732690.116062000	5.4164	1392	0
1527732690.116064000	5.4164	1392	0
1527732690.116067000	5.41641	168	0
1527732690.116307000	5.41665	105	1
1527732690.118545000	5.41889	64	0
1527732690.118628000	5.41897	1163	0
1527732690.123387000	5.42373	81	1
1527732690.130260000	5.4306	1392	0
1527732690.130377000	5.43072	1392	0
1527732690.132682000	5.43302	1392	0
1527732690.132688000	5.43303	168	0
1527732690.132775000	5.43312	980	0
1527732690.132973000	5.43331	1392	0
1527732690.133040000	5.43338	1229	0
1527732690.133043000	5.43338	724	0
1527732690.133240000	5.43358	1392	0
1527732690.133383000	5.43372	1321	0
1527732690.133520000	5.43386	105	1
1527732690.133535000	5.43388	1392	0
1527732690.134138000	5.43448	1392	0
1527732690.134208000	5.43455	306	0
1527732690.138382000	5.43872	84	1
1527732690.139260000	5.4396	72	0
1527732690.139358000	5.4397	176	0
1527732690.144375000	5.44472	81	1
1527732692.556337000	7.85668	490	1
1527732692.556415000	7.85676	274	1
1527732692.562002000	7.86234	282	1
1527732692.562094000	7.86243	1392	1
1527732692.562135000	7.86248	1392	1
1527732692.562185000	7.86253	959	1
1527732692.577462000	7.8778	67	0
1527732692.583749000	7.88409	67	0
1527732692.662387000	7.96273	377	1
1527732692.682814000	7.98315	67	0
1527732692.691067000	7.99141	327	0
1527732692.691428000	7.99177	1380	0
1527732692.691500000	7.99184	493	0
1527732692.693088000	7.99343	572	0
1527732692.693514000	7.99385	615	0
1527732692.694616000	7.99496	447	0
1527732692.695746000	7.99609	677	0
1527732692.696239000	7.99658	464	0
1527732692.696287000	7.99663	99	1
1527732692.697315000	7.99766	815	0
1527732692.698228000	7.99857	629	0
1527732692.699121000	7.99946	499	0
1527732692.700089000	8.00043	419	0
1527732692.701510000	8.00185	90	1
1527732692.701804000	8.00214	681	0
1527732692.702625000	8.00297	596	0
1527732692.704448000	8.00479	538	0
1527732692.705406000	8.00575	634	0
1527732692.706289000	8.00663	87	1
1527732692.706875000	8.00722	563	0
1527732692.706950000	8.00729	669	0
1527732692.711342000	8.01168	81	1
1527732692.713122000	8.01346	72	0
1527732692.714121000	8.01446	85	0
1527732692.718362000	8.0187	81	1
1527732692.811619000	8.11196	1392	1
1527732692.811666000	8.11201	1392	1
1527732692.811705000	8.11205	262	1
1527732692.811778000	8.11212	823	1
1527732692.833193000	8.13353	67	0
1527732692.856855000	8.1572	506	0
1527732692.856976000	8.15732	307	0
1527732692.861307000	8.16165	84	1
1527732692.862204000	8.16254	423	0
1527732692.867295000	8.16764	78	1
1527732692.871541000	8.17188	60	0
1527732692.876308000	8.17665	78	1
1527732692.965714000	8.26605	264	0
1527732692.965827000	8.26617	83	0
1527732692.970319000	8.27066	81	1
1527732692.971165000	8.27151	257	0
1527732692.976320000	8.27666	78	1
1527732694.344241000	9.64458	970	1
1527732694.344318000	9.64466	89	1
1527732694.365371000	9.66571	67	0
1527732694.373271000	9.67361	282	1
1527732694.375367000	9.67571	455	1
1527732694.375422000	9.67576	67	1
1527732694.393345000	9.69369	67	0
1527732694.528020000	9.82836	414	1
1527732694.528095000	9.82844	74	1
1527732694.532012000	9.83235	242	0
1527732694.532127000	9.83247	83	0
1527732694.535794000	9.83613	72	0
1527732694.536208000	9.83655	95	0
1527732694.536717000	9.83706	87	1
1527732694.550180000	9.85052	67	0
1527732694.596721000	9.89706	371	1
1527732694.596812000	9.89715	242	1
1527732694.616924000	9.91726	67	0
1527732694.619069000	9.91941	287	0
1527732694.619161000	9.9195	121	0
1527732694.622185000	9.92253	72	0
1527732694.622291000	9.92263	311	0
1527732694.623408000	9.92375	93	1
1527732694.648909000	9.94925	244	0
1527732694.649202000	9.94954	131	0
1527732694.653464000	9.9538	81	1
1527732694.653744000	9.95408	72	0
1527732694.654151000	9.95449	140	0
1527732694.662447000	9.96279	81	1
1527732694.680934000	9.98127	226	0
1527732694.681066000	9.98141	345	0
1527732694.686052000	9.98639	234	0
1527732694.686859000	9.9872	84	1
1527732695.331555000	10.6319	250	0
1527732695.331557000	10.6319	126	0
1527732695.333712000	10.6341	72	0
1527732695.333796000	10.6341	185	0
1527732695.336460000	10.6368	87	1
1527732695.459235000	10.7596	338	1
1527732695.460286000	10.7606	274	1
1527732695.479298000	10.7796	67	0
1527732695.492545000	10.7929	356	1
1527732695.513615000	10.814	67	0
1527732695.563951000	10.8643	300	1
1527732695.564078000	10.8644	1392	1
1527732695.564106000	10.8644	1392	1
1527732695.564153000	10.8645	1392	1
1527732695.564205000	10.8645	1392	1
1527732695.564258000	10.8646	1392	1
1527732695.564284000	10.8646	1392	1
1527732695.564334000	10.8647	1392	1
1527732695.564359000	10.8647	1392	1
1527732695.564403000	10.8647	1392	1
1527732695.564436000	10.8648	1392	1
1527732695.564474000	10.8648	1392	1
1527732695.566466000	10.8668	1392	1
1527732695.566502000	10.8668	1392	1
1527732695.566550000	10.8669	1392	1
1527732695.566589000	10.8669	1392	1
1527732695.568473000	10.8688	1392	1
1527732695.568502000	10.8688	1392	1
1527732695.568545000	10.8689	1392	1
1527732695.568578000	10.8689	1392	1
1527732695.570449000	10.8708	1392	1
1527732695.570482000	10.8708	1392	1
1527732695.570522000	10.8709	1392	1
1527732695.572434000	10.8728	1392	1
1527732695.572468000	10.8728	1392	1
1527732695.572513000	10.8729	1392	1
1527732695.572557000	10.8729	1392	1
1527732695.574477000	10.8748	1392	1
1527732695.574513000	10.8749	1392	1
1527732695.574553000	10.8749	1392	1
1527732695.574600000	10.8749	1392	1
1527732695.584161000	10.8845	67	0
1527732695.584477000	10.8848	1392	1
1527732695.584519000	10.8849	1392	1
1527732695.586453000	10.8868	1392	1
1527732695.586497000	10.8868	234	1
1527732695.587412000	10.8878	67	0
1527732695.591589000	10.8919	67	0
1527732695.595527000	10.8959	67	0
1527732695.606904000	10.9072	67	0
1527732695.619901000	10.9202	255	0
1527732695.620014000	10.9204	98	0
1527732695.623530000	10.9239	72	0
1527732695.624146000	10.9245	304	0
1527732695.624784000	10.9251	102	1
1527732695.633703000	10.934	370	1
1527732695.633794000	10.9341	239	1
1527732695.653726000	10.9541	67	0
1527732695.753633000	11.054	354	0
1527732695.758514000	11.0589	81	1
1527732695.759429000	11.0598	60	0
1527732695.764504000	11.0648	78	1
1527732695.764771000	11.0651	305	0
1527732695.764866000	11.0652	260	0
1527732695.766903000	11.0672	72	0
1527732695.767759000	11.0681	208	0
1527732695.769477000	11.0698	87	1
1527732695.772818000	11.0732	558	0
1527732695.772971000	11.0733	782	0
1527732695.775874000	11.0762	72	0
1527732695.775968000	11.0763	110	0
1527732695.777469000	11.0778	87	1
1527732695.800523000	11.1009	295	0
1527732695.800618000	11.101	126	0
1527732695.803289000	11.1036	72	0
1527732695.803376000	11.1037	75	0
1527732695.805467000	11.1058	87	1
1527732695.844174000	11.1445	285	0
1527732695.848503000	11.1488	78	1
1527732696.053258000	11.3536	371	1
1527732696.053352000	11.3537	238	1
1527732696.075935000	11.3763	67	0
1527732696.390018000	11.6904	238	0
1527732696.390775000	11.6911	126	0
1527732696.394087000	11.6944	72	0
1527732696.394532000	11.6949	87	1
1527732696.394544000	11.6949	282	0
1527732696.399591000	11.6999	78	1
1527732696.513132000	11.8135	368	1
1527732696.513190000	11.8135	239	1
1527732696.534541000	11.8349	67	0
1527732696.657210000	11.9576	215	0
1527732696.657424000	11.9578	126	0
1527732696.661539000	11.9619	72	0
1527732696.662011000	11.9624	134	0
1527732696.662517000	11.9629	90	1
1527732696.794820000	12.0952	491	1
1527732696.794883000	12.0952	234	1
1527732696.815175000	12.1155	67	0
1527732696.961791000	12.2621	215	0
1527732696.961793000	12.2621	126	0
1527732696.965630000	12.266	72	0
1527732696.966152000	12.2665	247	0
1527732696.966627000	12.267	90	1
1527732697.249259000	12.5496	368	1
1527732697.249321000	12.5497	238	1
1527732697.269652000	12.57	67	0
1527732697.429556000	12.7299	262	0
1527732697.429559000	12.7299	126	0
1527732697.433873000	12.7342	72	0
1527732697.433875000	12.7342	145	0
1527732697.434581000	12.7349	90	1
1527732697.664307000	12.9646	852	1
1527732697.664368000	12.9647	235	1
1527732697.694933000	12.9953	67	0
1527732698.002000000	13.3023	245	0
1527732698.002160000	13.3025	126	0
1527732698.005269000	13.3056	72	0
1527732698.005368000	13.3057	287	0
1527732698.006592000	13.3069	90	1
1527732698.115275000	13.4156	964	1
1527732698.115338000	13.4157	237	1
1527732698.137169000	13.4375	67	0
1527732698.424578000	13.7249	238	0
1527732698.424697000	13.725	126	0
1527732698.428157000	13.7285	72	0
1527732698.429256000	13.7296	111	0
1527732698.429833000	13.7302	90	1
1527732698.658053000	13.9584	371	1
1527732698.658149000	13.9585	243	1
1527732698.679065000	13.9794	67	0
1527732698.803499000	14.1038	219	0
1527732698.803502000	14.1038	128	0
1527732698.807502000	14.1078	72	0
1527732698.807504000	14.1078	77	0
1527732698.808659000	14.109	90	1
1527732699.092605000	14.3929	368	1
1527732699.092695000	14.393	234	1
1527732699.113686000	14.414	67	0
1527732699.402067000	14.7024	278	0
1527732699.402071000	14.7024	128	0
1527732699.406436000	14.7068	72	0
1527732699.406438000	14.7068	126	0
1527732699.406735000	14.7071	90	1
1527732699.505917000	14.8063	366	1
1527732699.505978000	14.8063	238	1
1527732699.529528000	14.8299	67	0
1527732699.824005000	15.1243	212	0
1527732699.824102000	15.1244	128	0
1527732699.824793000	15.1251	72	0
1527732699.825228000	15.1256	151	0
1527732699.843737000	15.1441	90	1
1527732699.965189000	15.2655	366	1
1527732699.965283000	15.2656	238	1
1527732699.985910000	15.2863	67	0
1527732700.297530000	15.5979	235	0
1527732700.297936000	15.5983	128	0
1527732700.302139000	15.6025	72	0
1527732700.302632000	15.603	291	0
1527732700.302834000	15.6032	90	1
1527732700.410346000	15.7107	366	1
1527732700.410435000	15.7108	243	1
1527732700.431087000	15.7314	67	0
1527732700.728750000	16.0291	308	0
1527732700.729302000	16.0296	128	0
1527732700.732531000	16.0329	72	0
1527732700.733320000	16.0337	101	0
1527732700.733775000	16.0341	90	1
1527732700.982842000	16.2832	372	1
1527732700.982931000	16.2833	241	1
1527732701.004104000	16.3044	67	0
1527732701.330950000	16.6313	236	0
1527732701.330953000	16.6313	128	0
1527732701.333790000	16.6341	72	0
1527732701.334327000	16.6347	288	0
1527732701.335802000	16.6361	90	1
1527732701.434140000	16.7345	367	1
1527732701.434237000	16.7346	243	1
1527732701.455480000	16.7558	67	0
1527732701.593335000	16.8937	215	0
1527732701.593338000	16.8937	128	0
1527732701.596836000	16.8972	72	0
1527732701.596930000	16.8973	96	0
1527732701.597822000	16.8982	90	1
1527732701.705356000	17.0057	371	1
1527732701.705450000	17.0058	238	1
1527732701.727276000	17.0276	67	0
1527732702.030013000	17.3304	235	0
1527732702.030130000	17.3305	128	0
1527732702.033257000	17.3336	72	0
1527732702.033606000	17.3339	86	0
1527732702.034837000	17.3352	90	1
1527732702.142465000	17.4428	493	1
1527732702.142558000	17.4429	246	1
1527732702.162668000	17.463	67	0
1527732702.466234000	17.7666	305	0
1527732702.466348000	17.7667	128	0
1527732702.470937000	17.7713	84	1
1527732702.471278000	17.7716	72	0
1527732702.471280000	17.7716	220	0
1527732702.475922000	17.7763	81	1
1527732702.625089000	17.9254	370	1
1527732702.625157000	17.9255	234	1
1527732702.663033000	17.9634	370	1
1527732702.666212000	17.9666	67	0
1527732702.687175000	17.9875	67	0
1527732702.780602000	18.0809	212	0
1527732702.780722000	18.0811	128	0
1527732702.780723000	18.0811	72	0
1527732702.780725000	18.0811	134	0
1527732702.785894000	18.0862	93	1
1527732703.039333000	18.3397	849	1
1527732703.039409000	18.3397	240	1
1527732703.069444000	18.3698	67	0
1527732703.189975000	18.4903	238	0
1527732703.190086000	18.4904	128	0
1527732703.193603000	18.4939	72	0
1527732703.193699000	18.494	135	0
1527732703.194891000	18.4952	90	1
1527732703.452515000	18.7529	959	1
1527732703.452604000	18.7529	243	1
1527732703.487670000	18.788	70	0
1527732703.490324000	18.7907	67	0
1527732703.492976000	18.7933	81	1
1527732703.768879000	19.0692	236	0
1527732703.768882000	19.0692	128	0
1527732703.772539000	19.0729	72	0
1527732703.772541000	19.0729	119	0
1527732703.773939000	19.0743	87	1
1527732703.922216000	19.2226	370	1
1527732703.922306000	19.2226	243	1
1527732703.945439000	19.2458	67	0
1527732704.080028000	19.3804	215	0
1527732704.080431000	19.3808	128	0
1527732704.084231000	19.3846	72	0
1527732704.084329000	19.3847	167	0
1527732704.084934000	19.3853	90	1
1527732704.395812000	19.6962	368	1
1527732704.395874000	19.6962	240	1
1527732704.416292000	19.7166	67	0
1527732704.537627000	19.838	270	0
1527732704.537630000	19.838	128	0
1527732704.542759000	19.8431	72	0
1527732704.542762000	19.8431	216	0
1527732704.543043000	19.8434	90	1
1527732704.890705000	20.191	370	1
1527732704.890797000	20.1911	239	1
1527732704.911001000	20.2113	67	0
1527732705.215626000	20.516	242	0
1527732705.215629000	20.516	128	0
1527732705.219503000	20.5198	72	0
1527732705.219988000	20.5203	279	0
1527732705.221020000	20.5214	90	1
1527732705.348485000	20.6488	368	1
1527732705.348576000	20.6489	239	1
1527732705.369053000	20.6694	67	0
1527732705.658642000	20.959	215	0
1527732705.658780000	20.9591	128	0
1527732705.662228000	20.9626	72	0
1527732705.662724000	20.9631	225	0
1527732705.664051000	20.9644	90	1
1527732705.862517000	21.1629	372	1
1527732705.862612000	21.163	244	1
1527732705.882951000	21.1833	67	0
1527732706.188525000	21.4889	280	0
1527732706.188649000	21.489	128	0
1527732706.193098000	21.4934	84	1
1527732706.194735000	21.4951	72	0
1527732706.194737000	21.4951	65	0
1527732706.199196000	21.4995	81	1
1527732706.372844000	21.6732	368	1
1527732706.372905000	21.6732	244	1
1527732706.393133000	21.6935	67	0
1527732706.404958000	21.7053	67	0
1527732706.735132000	22.0355	212	0
1527732706.735265000	22.0356	128	0
1527732706.738752000	22.0391	72	0
1527732706.739181000	22.0395	305	0
1527732706.740110000	22.0405	93	1
1527732706.799712000	22.1001	370	1
1527732706.799790000	22.1001	242	1
1527732706.819797000	22.1201	67	0
1527732707.251380000	22.5517	238	0
1527732707.251382000	22.5517	128	0
1527732707.255405000	22.5557	72	0
1527732707.255880000	22.5562	195	0
1527732707.256129000	22.5565	90	1
1527732707.351431000	22.6518	368	1
1527732707.351516000	22.6519	244	1
1527732707.373341000	22.6737	67	0
1527732707.753199000	23.0535	306	0
1527732707.753337000	23.0537	128	0
1527732707.756092000	23.0564	72	0
1527732707.756094000	23.0564	128	0
1527732707.758234000	23.0586	90	1
1527732707.919641000	23.22	493	1
1527732707.919704000	23.22	241	1
1527732707.940662000	23.241	67	0
1527732707.952065000	23.2524	67	0
1527732708.265867000	23.5662	235	0
1527732708.265870000	23.5662	128	0
1527732708.269738000	23.5701	72	0
1527732708.270168000	23.5705	174	0
1527732708.271199000	23.5715	93	1
1527732708.340297000	23.6406	368	1
1527732708.340395000	23.6407	238	1
1527732708.360728000	23.6611	67	0
1527732708.659051000	23.9594	238	0
1527732708.659421000	23.9598	128	0
1527732708.661888000	23.9622	72	0
1527732708.661973000	23.9623	68	0
1527732708.664234000	23.9646	90	1
1527732708.921824000	24.2222	848	1
1527732708.921926000	24.2223	241	1
1527732708.944417000	24.2448	67	0
1527732709.241281000	24.5416	310	0
1527732709.241284000	24.5416	128	0
1527732709.245149000	24.5455	72	0
1527732709.245604000	24.5459	262	0
1527732709.246288000	24.5466	90	1
1527732709.324150000	24.6245	963	1
1527732709.324229000	24.6246	243	1
1527732709.346049000	24.6464	67	0
1527732709.649539000	24.9499	212	0
1527732709.649652000	24.95	128	0
1527732709.652908000	24.9532	72	0
1527732709.653351000	24.9537	167	0
1527732709.654280000	24.9546	90	1
1527732709.847203000	25.1475	370	1
1527732709.847294000	25.1476	245	1
1527732709.869249000	25.1696	67	0
1527732710.158478000	25.4588	213	0
1527732710.158481000	25.4588	128	0
1527732710.163172000	25.4635	72	0
1527732710.163442000	25.4638	87	1
1527732710.165531000	25.4659	288	0
1527732710.170381000	25.4707	78	1
1527732710.210369000	25.5107	371	1
1527732710.210433000	25.5108	235	1
1527732710.231469000	25.5318	67	0
1527732710.541723000	25.8421	240	0
1527732710.541726000	25.8421	128	0
1527732710.545102000	25.8454	72	0
1527732710.545321000	25.8457	243	0
1527732710.546328000	25.8467	90	1
1527732710.674693000	25.975	366	1
1527732710.674783000	25.9751	238	1
1527732710.698117000	25.9985	67	0
1527732710.840654000	26.141	236	0
1527732710.840775000	26.1411	128	0
1527732710.844542000	26.1449	72	0
1527732710.845256000	26.1456	217	0
1527732710.845344000	26.1457	87	1
1527732710.850481000	26.1508	78	1
1527732711.099946000	26.4003	367	1
1527732711.100036000	26.4004	242	1
1527732711.119847000	26.4202	67	0
1527732711.419376000	26.7197	268	0
1527732711.419378000	26.7197	128	0
1527732711.424013000	26.7244	72	0
1527732711.424118000	26.7245	188	0
1527732711.424812000	26.7252	90	1
1527732711.469893000	26.7702	369	1
1527732711.469954000	26.7703	239	1
1527732711.490948000	26.7913	67	0
1527732711.796514000	27.0969	215	0
1527732711.796634000	27.097	128	0
1527732711.800634000	27.101	72	0
1527732711.800746000	27.1011	320	0
1527732711.801465000	27.1018	90	1
1527732711.900839000	27.2012	371	1
1527732711.900916000	27.2013	240	1
1527732711.921378000	27.2217	67	0
1527732712.237166000	27.5375	239	0
1527732712.237280000	27.5376	128	0
1527732712.241183000	27.5415	72	0
1527732712.241267000	27.5416	146	0
1527732712.242412000	27.5428	90	1
1527732712.318542000	27.6189	366	1
1527732712.318629000	27.619	238	1
1527732712.335861000	27.6362	80	0
1527732712.340480000	27.6408	78	1
1527732712.644705000	27.945	212	0
1527732712.644707000	27.945	128	0
1527732712.649008000	27.9493	72	0
1527732712.649106000	27.9494	122	0
1527732712.649691000	27.95	87	1
1527732712.800873000	28.1012	366	1
1527732712.800967000	28.1013	240	1
1527732712.820699000	28.121	67	0
1527732713.109388000	28.4097	257	0
1527732713.109390000	28.4097	128	0
1527732713.112172000	28.4125	72	0
1527732713.112942000	28.4133	289	0
1527732713.114547000	28.4149	90	1
1527732713.158999000	28.4593	490	1
1527732713.159061000	28.4594	240	1
1527732713.180465000	28.4808	67	0
1527732713.490165000	28.7905	235	0
1527732713.490168000	28.7905	128	0
1527732713.494960000	28.7953	72	0
1527732713.495067000	28.7954	202	0
1527732713.495677000	28.796	90	1
1527732713.650851000	28.9512	370	1
1527732713.650939000	28.9513	241	1
1527732713.672953000	28.9733	67	0
1527732713.980354000	29.2807	212	0
1527732713.980356000	29.2807	128	0
1527732713.984060000	29.2844	72	0
1527732713.984062000	29.2844	75	0
1527732713.985601000	29.2859	90	1
1527732714.080000000	29.3803	849	1
1527732714.080064000	29.3804	242	1
1527732714.106279000	29.4066	67	0
1527732714.427200000	29.7275	332	0
1527732714.427202000	29.7275	128	0
1527732714.430324000	29.7307	72	0
1527732714.430766000	29.7311	126	0
1527732714.432560000	29.7329	90	1
1527732714.520028000	29.8204	966	1
1527732714.520123000	29.8205	244	1
1527732714.543580000	29.8439	67	0
1527732714.828160000	30.1285	215	0
1527732714.828162000	30.1285	128	0
1527732714.831472000	30.1318	72	0
1527732714.831932000	30.1323	285	0
1527732714.832690000	30.133	90	1
1527732714.981298000	30.2816	368	1
1527732714.981388000	30.2817	240	1
1527732715.002749000	30.3031	67	0
1527732715.291155000	30.5915	258	0
1527732715.291264000	30.5916	128	0
1527732715.295578000	30.5959	84	1
1527732715.295893000	30.5962	72	0
1527732715.296472000	30.5968	236	0
1527732715.300578000	30.6009	81	1
1527732715.499935000	30.8003	371	1
1527732715.500004000	30.8003	251	1
1527732715.520816000	30.8212	67	0
1527732715.642139000	30.9425	282	0
1527732715.642257000	30.9426	128	0
1527732715.645947000	30.9463	72	0
1527732715.646048000	30.9464	302	0
1527732715.646612000	30.947	90	1
1527732715.927243000	31.2276	370	1
1527732715.927329000	31.2277	245	1
1527732715.954673000	31.255	67	0
1527732716.102807000	31.4031	213	0
1527732716.102810000	31.4032	128	0
1527732716.105972000	31.4063	72	0
1527732716.106085000	31.4064	258	0
1527732716.107641000	31.408	90	1
1527732716.337075000	31.6374	367	1
1527732716.337167000	31.6375	241	1
1527732716.375735000	31.6761	367	1
1527732716.377539000	31.6779	67	0
1527732716.407928000	31.7083	67	0
1527732716.498948000	31.7993	238	0
1527732716.499069000	31.7994	128	0
1527732716.503103000	31.8034	72	0
1527732716.503770000	31.8041	90	1
1527732716.503790000	31.8041	144	0
1527732716.508675000	31.809	78	1
1527732716.598944000	31.8993	371	1
1527732716.599024000	31.8994	239	1
1527732716.620272000	31.9206	67	0
1527732716.937728000	32.2381	217	0
1527732716.937731000	32.2381	128	0
1527732716.941486000	32.2418	72	0
1527732716.941488000	32.2418	104	0
1527732716.942696000	32.243	90	1
1527732717.156933000	32.4573	371	1
1527732717.157025000	32.4574	240	1
1527732717.177744000	32.4781	67	0
1527732717.609666000	32.91	259	0
1527732717.609668000	32.91	128	0
1527732717.612753000	32.9131	72	0
1527732717.612755000	32.9131	118	0
1527732717.614826000	32.9152	90	1
1527732717.764122000	33.0645	371	1
1527732717.764183000	33.0645	236	1
1527732717.784370000	33.0847	67	0
1527732717.892489000	33.1928	245	0
1527732717.892492000	33.1928	128	0
1527732717.896923000	33.1973	72	0
1527732717.896925000	33.1973	134	0
1527732717.897746000	33.1981	90	1
1527732718.282752000	33.5831	489	1
1527732718.282831000	33.5832	240	1
1527732718.303114000	33.6035	67	0
1527732718.409153000	33.7095	236	0
1527732718.409274000	33.7096	128	0
1527732718.412009000	33.7123	72	0
1527732718.412097000	33.7124	123	0
1527732718.413780000	33.7141	90	1
1527732718.533024000	33.8334	367	1
1527732718.533116000	33.8335	239	1
1527732718.553469000	33.8538	67	0
1527732718.864584000	34.1649	217	0
1527732718.864586000	34.1649	128	0
1527732718.867824000	34.1682	72	0
1527732718.868171000	34.1685	68	0
1527732718.869880000	34.1702	90	1
1527732718.953115000	34.2535	367	1
1527732718.953176000	34.2535	239	1
1527732718.972849000	34.2732	67	0
1527732719.080824000	34.3812	215	0
1527732719.081497000	34.3818	128	0
1527732719.084596000	34.3849	72	0
1527732719.085007000	34.3853	201	0
1527732719.085822000	34.3862	90	1
1527732719.184640000	34.485	847	1
1527732719.184731000	34.4851	240	1
1527732719.207171000	34.5075	67	0
1527732719.316848000	34.6172	281	0
1527732719.316850000	34.6172	128	0
1527732719.321283000	34.6216	72	0
1527732719.321370000	34.6217	269	0
1527732719.321851000	34.6222	90	1
1527732719.554283000	34.8546	966	1
1527732719.554374000	34.8547	238	1
1527732719.594968000	34.8953	966	1
1527732719.607654000	34.908	67	0
1527732719.641515000	34.9419	67	0
1527732719.738173000	35.0385	213	0
1527732719.738175000	35.0385	128	0
1527732719.740781000	35.0411	72	0
1527732719.740785000	35.0411	190	0
1527732719.742933000	35.0433	93	1
1527732719.814689000	35.115	367	1
1527732719.814751000	35.1151	240	1
1527732719.848512000	35.1489	67	0
1527732719.965663000	35.266	213	0
1527732719.965792000	35.2661	128	0
1527732719.965862000	35.2662	72	0
1527732719.968104000	35.2684	137	0
1527732719.971002000	35.2713	90	1
1527732720.146286000	35.4466	371	1
1527732720.146380000	35.4467	241	1
1527732720.188711000	35.4891	67	0
1527732720.472891000	35.7732	329	0
1527732720.472897000	35.7732	128	0
1527732720.476111000	35.7765	72	0
1527732720.476113000	35.7765	188	0
1527732720.477989000	35.7783	90	1
1527732720.624122000	35.9245	367	1
1527732720.624220000	35.9246	241	1
1527732720.644647000	35.945	67	0
1527732720.948385000	36.2487	213	0
1527732720.948387000	36.2487	128	0
1527732720.951725000	36.2521	72	0
1527732720.951825000	36.2522	318	0
1527732720.952926000	36.2533	90	1
1527732721.066615000	36.367	367	1
1527732721.066692000	36.367	241	1
1527732721.087173000	36.3875	67	0
1527732721.216559000	36.5169	258	0
1527732721.216562000	36.5169	128	0
1527732721.220381000	36.5207	72	0
1527732721.220828000	36.5212	72	0
1527732721.221941000	36.5223	90	1
1527732721.273378000	36.5737	366	1
1527732721.273471000	36.5738	240	1
1527732721.293954000	36.5943	67	0
1527732721.410927000	36.7113	283	0
1527732721.411042000	36.7114	128	0
1527732721.414998000	36.7153	72	0
1527732721.415083000	36.7154	261	0
1527732721.415942000	36.7163	90	1
1527732721.525782000	36.8261	367	1
1527732721.525869000	36.8262	241	1
1527732721.545663000	36.846	67	0
1527732721.660697000	36.961	215	0
1527732721.660700000	36.961	128	0
1527732721.663985000	36.9643	72	0
1527732721.663988000	36.9643	255	0
1527732721.666046000	36.9664	90	1
1527732721.966913000	37.2673	371	1
1527732721.966971000	37.2673	242	1
1527732721.987241000	37.2876	67	0
1527732722.105221000	37.4056	213	0
1527732722.105340000	37.4057	128	0
1527732722.109558000	37.4099	72	0
1527732722.109849000	37.4102	141	0
1527732722.110021000	37.4104	90	1
1527732722.415450000	37.7158	371	1
1527732722.415542000	37.7159	245	1
1527732722.439642000	37.74	67	0
1527732722.731722000	38.0321	240	0
1527732722.732035000	38.0324	128	0
1527732722.736269000	38.0366	72	0
1527732722.736361000	38.0367	127	0
1527732722.737023000	38.0374	90	1
1527732722.891511000	38.1919	489	1
1527732722.891573000	38.1919	241	1
1527732722.912069000	38.2124	67	0
1527732723.038683000	38.339	235	0
1527732723.038898000	38.3392	128	0
1527732723.042409000	38.3427	72	0
1527732723.042822000	38.3432	81	0
1527732723.044058000	38.3444	90	1
1527732723.394470000	38.6948	366	1
1527732723.394532000	38.6949	241	1
1527732723.414634000	38.715	67	0
1527732723.546292000	38.8466	270	0
1527732723.546294000	38.8466	128	0
1527732723.546425000	38.8468	72	0
1527732723.546427000	38.8468	66	0
1527732723.551154000	38.8515	90	1
1527732723.654433000	38.9548	849	1
1527732723.654527000	38.9549	237	1
1527732723.674152000	38.9745	67	0
1527732723.807484000	39.1078	213	0
1527732723.807622000	39.108	128	0
1527732723.812176000	39.1125	84	1
1527732723.812590000	39.1129	72	0
1527732723.812591000	39.1129	195	0
1527732723.817085000	39.1174	81	1
1527732723.876604000	39.1769	965	1
1527732723.876700000	39.177	240	1
1527732723.899929000	39.2003	67	0
1527732724.021499000	39.3218	219	0
1527732724.021636000	39.322	138	0
1527732724.021638000	39.322	91	0
1527732724.026188000	39.3265	87	1
1527732724.095466000	39.3958	371	1
1527732724.095560000	39.3959	239	1
1527732724.116061000	39.4164	67	0
1527732724.243095000	39.5434	234	0
1527732724.243098000	39.5434	128	0
1527732724.247664000	39.548	72	0
1527732724.248093000	39.5484	174	0
1527732724.248189000	39.5485	87	1
1527732724.253136000	39.5535	78	1
1527732724.314420000	39.6148	365	1
1527732724.314482000	39.6148	239	1
1527732724.335129000	39.6355	67	0
1527732724.443693000	39.744	257	0
1527732724.444045000	39.7444	128	0
1527732724.448131000	39.7485	84	1
1527732724.448675000	39.749	72	0
1527732724.449109000	39.7494	260	0
1527732724.453215000	39.7536	81	1
1527732724.524537000	39.8249	368	1
1527732724.524599000	39.8249	239	1
1527732724.544691000	39.845	67	0
1527732724.680452000	39.9808	212	0
1527732724.680455000	39.9808	128	0
1527732724.684881000	39.9852	72	0
1527732724.684979000	39.9853	273	0
1527732724.685209000	39.9855	84	1
1527732724.690161000	39.9905	81	1
1527732724.743276000	40.0436	370	1
1527732724.743376000	40.0437	244	1
1527732724.763622000	40.064	67	0
1527732725.069397000	40.3697	213	0
1527732725.069401000	40.3697	128	0
1527732725.072806000	40.3731	72	0
1527732725.072809000	40.3731	151	0
1527732725.074160000	40.3745	90	1
1527732725.246399000	40.5467	371	1
1527732725.246490000	40.5468	241	1
1527732725.268271000	40.5686	67	0
1527732725.387650000	40.688	329	0
1527732725.387652000	40.688	128	0
1527732725.391801000	40.6921	72	0
1527732725.392217000	40.6926	270	0
1527732725.392238000	40.6926	87	1
1527732725.397201000	40.6975	78	1
1527732725.779429000	41.0798	371	1
1527732725.779522000	41.0799	236	1
1527732725.800741000	41.1011	67	0
1527732725.923833000	41.2242	215	0
1527732725.923836000	41.2242	128	0
1527732725.929227000	41.2296	84	1
1527732725.933176000	41.2335	72	0
1527732725.933656000	41.234	283	0
1527732725.938223000	41.2386	81	1
1527732726.048728000	41.3491	368	1
1527732726.048801000	41.3491	240	1
1527732726.069183000	41.3695	67	0
1527732726.177180000	41.4775	237	0
1527732726.177182000	41.4775	128	0
1527732726.181095000	41.4814	72	0
1527732726.181775000	41.4821	238	0
1527732726.182259000	41.4826	90	1
1527732726.279257000	41.5796	368	1
1527732726.279346000	41.5797	236	1
1527732726.301367000	41.6017	67	0
1527732726.619660000	41.92	305	0
1527732726.619663000	41.92	128	0
1527732726.623975000	41.9243	72	0
1527732726.623978000	41.9243	198	0
1527732726.624282000	41.9246	90	1
1527732726.792122000	42.0925	492	1
1527732726.792212000	42.0926	242	1
1527732726.831274000	42.1316	492	1
1527732726.853404000	42.1537	67	0
1527732726.888900000	42.1892	67	0
1527732726.970090000	42.2704	213	0
1527732726.970094000	42.2704	128	0
1527732726.975302000	42.2756	87	1
1527732726.975929000	42.2763	72	0
1527732726.975931000	42.2763	117	0
1527732726.980372000	42.2807	81	1
1527732726.994252000	42.2946	213	0
1527732726.999277000	42.2996	78	1
1527732727.321777000	42.6221	850	1
1527732727.321840000	42.6222	245	1
1527732727.360683000	42.661	67	0
1527732727.457981000	42.7583	235	0
1527732727.457983000	42.7583	128	0
1527732727.461196000	42.7615	72	0
1527732727.461309000	42.7616	309	0
1527732727.463329000	42.7637	90	1
1527732727.693758000	42.9941	963	1
1527732727.693820000	42.9942	238	1
1527732727.716330000	43.0167	67	0
1527732727.846148000	43.1465	219	0
1527732727.846272000	43.1466	128	0
1527732727.848824000	43.1492	72	0
1527732727.849284000	43.1496	320	0
1527732727.851325000	43.1517	90	1
1527732728.131967000	43.4323	368	1
1527732728.132043000	43.4324	242	1
1527732728.152581000	43.4529	67	0
1527732728.260158000	43.5605	258	0
1527732728.260160000	43.5605	128	0
1527732728.263107000	43.5634	72	0
1527732728.263109000	43.5634	83	0
1527732728.265429000	43.5658	90	1
1527732728.418055000	43.7184	370	1
1527732728.418116000	43.7185	240	1
1527732728.444532000	43.7449	67	0
1527732728.578967000	43.8793	247	0
1527732728.578969000	43.8793	128	0
1527732728.581652000	43.882	72	0
1527732728.581654000	43.882	106	0
1527732728.583438000	43.8838	90	1
1527732728.871752000	44.1721	372	1
1527732728.871812000	44.1722	246	1
1527732728.892776000	44.1931	67	0
1527732729.011683000	44.312	213	0
1527732729.011686000	44.312	128	0
1527732729.015722000	44.3161	72	0
1527732729.016182000	44.3165	124	0
1527732729.016468000	44.3168	90	1
1527732729.317456000	44.6178	371	1
1527732729.317532000	44.6179	251	1
1527732729.337453000	44.6378	67	0
1527732729.442124000	44.7425	239	0
1527732729.442161000	44.7425	128	0
1527732729.445959000	44.7463	72	0
1527732729.446435000	44.7468	314	0
1527732729.447461000	44.7478	90	1
1527732729.598028000	44.8984	366	1
1527732729.598106000	44.8984	240	1
1527732729.619011000	44.9194	67	0
1527732729.734983000	45.0353	213	0
1527732729.735096000	45.0354	128	0
1527732729.738794000	45.0391	72	0
1527732729.739431000	45.0398	87	1
1527732729.739746000	45.0401	194	0
1527732729.744462000	45.0448	78	1
1527732730.124024000	45.4244	367	1
1527732730.124116000	45.4245	240	1
1527732730.153777000	45.4541	67	0
1527732730.269601000	45.5699	280	0
1527732730.269714000	45.5701	128	0
1527732730.273361000	45.5737	72	0
1527732730.274088000	45.5744	70	0
1527732730.274648000	45.575	90	1
1527732730.392920000	45.6933	371	1
1527732730.393014000	45.6934	239	1
1527732730.414668000	45.715	67	0
1527732730.709099000	46.0094	213	0
1527732730.709216000	46.0096	128	0
1527732730.713492000	46.0138	84	1
1527732730.714276000	46.0146	72	0
1527732730.714372000	46.0147	160	0
1527732730.719484000	46.0198	81	1
1527732730.928897000	46.2292	366	1
1527732730.928991000	46.2293	242	1
1527732730.949848000	46.2502	67	0
1527732731.076811000	46.3772	213	0
1527732731.076814000	46.3772	128	0
1527732731.079415000	46.3798	72	0
1527732731.079848000	46.3802	201	0
1527732731.081505000	46.3818	90	1
1527732731.345952000	46.6463	366	1
1527732731.346047000	46.6464	239	1
1527732731.376090000	46.6764	67	0
1527732731.502504000	46.8028	329	0
1527732731.502613000	46.803	128	0
1527732731.506792000	46.8071	72	0
1527732731.506900000	46.8072	83	0
1527732731.507610000	46.808	90	1
1527732731.604841000	46.9052	489	1
1527732731.604922000	46.9053	238	1
1527732731.626583000	46.9269	67	0
1527732731.637205000	46.9375	67	0
1527732731.744892000	47.0452	215	0
1527732731.744894000	47.0452	128	0
1527732731.747333000	47.0477	72	0
1527732731.747678000	47.048	123	0
1527732731.749616000	47.05	93	1
1527732732.019847000	47.3202	851	1
1527732732.019929000	47.3203	236	1
1527732732.043867000	47.3442	67	0
1527732732.054885000	47.3552	67	0
1527732732.160936000	47.4613	235	0
1527732732.160938000	47.4613	128	0
1527732732.165284000	47.4656	72	0
1527732732.165548000	47.4659	90	1
1527732732.165613000	47.466	113	0
1527732732.170637000	47.471	78	1
1527732732.449410000	47.7498	961	1
1527732732.449489000	47.7498	236	1
1527732732.470209000	47.7705	67	0
1527732732.478763000	47.7791	67	0
1527732732.607552000	47.9079	308	0
1527732732.607558000	47.9079	128	0
1527732732.612654000	47.913	72	0
1527732732.612677000	47.913	87	1
1527732732.612742000	47.9131	148	0
1527732732.617649000	47.918	81	1
1527732732.670630000	47.971	371	1
1527732732.670726000	47.9711	238	1
1527732732.691435000	47.9918	67	0
1527732732.853225000	48.1536	213	0
1527732732.853324000	48.1537	128	0
1527732732.857677000	48.158	84	1
1527732732.860118000	48.1605	72	0
1527732732.860120000	48.1605	130	0
1527732732.864665000	48.165	81	1
1527732733.134376000	48.4347	367	1
1527732733.134453000	48.4348	236	1
1527732733.165022000	48.4654	67	0
1527732733.486701000	48.787	235	0
1527732733.487461000	48.7878	128	0
1527732733.491700000	48.792	72	0
1527732733.491766000	48.7921	84	1
1527732733.491793000	48.7921	75	0
1527732733.496694000	48.797	81	1
1527732733.556565000	48.8569	366	1
1527732733.556660000	48.857	238	1
1527732733.576677000	48.877	67	0
1527732733.686858000	48.9872	217	0
1527732733.686861000	48.9872	128	0
1527732733.691674000	48.992	72	0
1527732733.691750000	48.9921	84	1
1527732733.692174000	48.9925	305	0
1527732733.696721000	48.9971	81	1
1527732733.763441000	49.0638	371	1
1527732733.763510000	49.0639	243	1
1527732733.785258000	49.0856	67	0
1527732733.892928000	49.1933	236	0
1527732733.892932000	49.1933	128	0
1527732733.897689000	49.198	84	1
1527732733.897820000	49.1982	72	0
1527732733.897904000	49.1982	145	0
1527732733.902735000	49.2031	81	1
1527732734.184040000	49.4844	371	1
1527732734.184100000	49.4844	241	1
1527732734.206781000	49.5071	67	0
1527732734.511671000	49.812	270	0
1527732734.511674000	49.812	128	0
1527732734.515645000	49.816	72	0
1527732734.516085000	49.8164	87	0
1527732734.516697000	49.817	90	1
1527732734.604022000	49.9044	368	1
1527732734.604084000	49.9044	239	1
1527732734.625416000	49.9258	67	0
1527732734.858215000	50.1586	213	0
1527732734.858518000	50.1589	128	0
1527732734.862816000	50.1632	84	1
1527732734.864185000	50.1645	72	0
1527732734.864292000	50.1646	101	0
1527732734.868760000	50.1691	81	1
1527732735.065469000	50.3658	371	1
1527732735.065557000	50.3659	251	1
1527732735.087602000	50.3879	67	0
1527732735.199143000	50.4995	243	0
1527732735.199146000	50.4995	128	0
1527732735.202940000	50.5033	72	0
1527732735.203413000	50.5038	191	0
1527732735.203946000	50.5043	90	1
1527732735.278969000	50.5793	369	1
1527732735.279041000	50.5794	236	1
1527732735.300292000	50.6006	67	0
1527732735.408661000	50.709	212	0
1527732735.408664000	50.709	128	0
1527732735.411764000	50.7121	72	0
1527732735.413802000	50.7141	107	0
1527732735.413840000	50.7142	87	1
1527732735.418812000	50.7192	78	1
1527732735.506116000	50.8065	370	1
1527732735.506197000	50.8065	240	1
1527732735.528209000	50.8285	67	0
1527732735.677611000	50.978	255	0
1527732735.680492000	50.9808	128	0
1527732735.681789000	50.9821	72	0
1527732735.682241000	50.9826	175	0
1527732735.682754000	50.9831	90	1
1527732736.146507000	51.4468	493	1
1527732736.146586000	51.4469	246	1
1527732736.177387000	51.4777	67	0
1527732736.304193000	51.6045	235	0
1527732736.305155000	51.6055	128	0
1527732736.307760000	51.6081	72	0
1527732736.308151000	51.6085	83	0
1527732736.308803000	51.6091	90	1
1527732736.367310000	51.6677	845	1
1527732736.367398000	51.6677	241	1
1527732736.388948000	51.6893	67	0
1527732736.540603000	51.8409	215	0
1527732736.540605000	51.8409	128	0
1527732736.545905000	51.8462	84	1
1527732736.545958000	51.8463	72	0
1527732736.546052000	51.8464	166	0
1527732736.550894000	51.8512	81	1
1527732736.574879000	51.8752	965	1
1527732736.574961000	51.8753	239	1
1527732736.596692000	51.897	67	0
1527732736.712341000	52.0127	308	0
1527732736.712454000	52.0128	128	0
1527732736.716751000	52.0171	72	0
1527732736.716864000	52.0172	178	0
1527732736.716920000	52.0173	84	1
1527732736.721831000	52.0222	81	1
1527732736.819285000	52.1196	368	1
1527732736.819375000	52.1197	239	1
1527732736.839049000	52.1394	67	0
1527732736.850293000	52.1506	67	0
1527732736.980467000	52.2808	212	0
1527732736.980469000	52.2808	128	0
1527732736.984334000	52.2847	72	0
1527732736.984421000	52.2848	314	0
1527732736.985845000	52.2862	93	1
1527732737.259487000	52.5598	369	1
1527732737.259580000	52.5599	247	1
1527732737.280997000	52.5813	67	0
1527732737.392149000	52.6925	258	0
1527732737.392151000	52.6925	128	0
1527732737.396902000	52.6972	72	0
1527732737.397002000	52.6973	84	1
1527732737.397016000	52.6974	225	0
1527732737.401908000	52.7022	81	1
1527732737.749952000	53.0503	371	1
1527732737.750035000	53.0504	244	1
1527732737.771021000	53.0714	67	0
1527732737.890701000	53.191	282	0
1527732737.890703000	53.191	128	0
1527732737.895961000	53.1963	84	1
1527732737.896574000	53.1969	72	0
1527732737.896576000	53.1969	244	0
1527732737.900915000	53.2013	81	1
1527732738.019468000	53.3198	366	1
1527732738.019555000	53.3199	240	1
1527732738.039984000	53.3403	67	0
1527732738.174646000	53.475	213	0
1527732738.174648000	53.475	128	0
1527732738.179159000	53.4795	72	0
1527732738.179243000	53.4796	256	0
1527732738.179886000	53.4802	90	1
1527732738.389593000	53.6899	370	1
1527732738.389651000	53.69	241	1
1527732738.410857000	53.7112	67	0
1527732738.543345000	53.8437	236	0
1527732738.543347000	53.8437	128	0
1527732738.546779000	53.8471	72	0
1527732738.546781000	53.8471	70	0
1527732738.547963000	53.8483	90	1
1527732738.738324000	54.0387	367	1
1527732738.738387000	54.0387	239	1
1527732738.772269000	54.0726	67	0
1527732739.061105000	54.3614	217	0
1527732739.061442000	54.3618	128	0
1527732739.064319000	54.3647	72	0
1527732739.064852000	54.3652	293	0
1527732739.065962000	54.3663	90	1
1527732739.250876000	54.5512	371	1
1527732739.250970000	54.5513	242	1
1527732739.272706000	54.573	67	0
1527732739.392343000	54.6927	259	0
1527732739.392347000	54.6927	128	0
1527732739.396106000	54.6964	72	0
1527732739.396682000	54.697	304	0
1527732739.397195000	54.6975	90	1
1527732739.550308000	54.8506	367	1
1527732739.550398000	54.8507	241	1
1527732739.570424000	54.8708	67	0
1527732739.677751000	54.9781	244	0
1527732739.677753000	54.9781	128	0
1527732739.682179000	54.9825	72	0
1527732739.682286000	54.9826	230	0
1527732739.682993000	54.9833	90	1
1527732739.795219000	55.0956	370	1
1527732739.795286000	55.0956	240	1
1527732739.819026000	55.1194	67	0
1527732739.957790000	55.2581	212	0
1527732739.957793000	55.2581	128	0
1527732739.961570000	55.2619	72	0
1527732739.961573000	55.2619	116	0
1527732739.963093000	55.2634	90	1
1527732740.066807000	55.3671	488	1
1527732740.066884000	55.3672	240	1
1527732740.089637000	55.39	67	0
1527732740.195413000	55.4958	238	0
1527732740.195415000	55.4958	128	0
1527732740.200103000	55.5004	84	1
1527732740.200413000	55.5008	72	0
1527732740.200415000	55.5008	131	0
1527732740.205131000	55.5055	81	1
1527732740.587480000	55.8878	844	1
1527732740.587574000	55.8879	239	1
1527732740.608591000	55.9089	67	0
1527732740.738519000	56.0389	215	0
1527732740.738522000	56.0389	128	0
1527732740.741078000	56.0414	72	0
1527732740.741484000	56.0418	206	0
1527732740.743066000	56.0434	90	1
1527732740.782243000	56.0826	215	0
1527732740.787065000	56.0874	78	1
1527732740.851833000	56.1522	966	1
1527732740.851928000	56.1523	250	1
1527732740.873912000	56.1743	67	0
1527732740.986419000	56.2868	255	0
1527732740.986506000	56.2868	128	0
1527732740.990330000	56.2907	72	0
1527732740.990750000	56.2911	281	0
1527732740.991220000	56.2916	90	1
1527732741.197851000	56.4982	370	1
1527732741.197920000	56.4983	239	1
1527732741.218106000	56.5184	67	0
1527732741.350183000	56.6505	236	0
1527732741.350186000	56.6505	128	0
1527732741.351244000	56.6516	72	0
1527732741.351320000	56.6517	288	0
1527732741.355112000	56.6555	90	1
1527732741.396070000	56.6964	236	0
1527732741.401171000	56.7015	78	1
1527732741.661957000	56.9623	370	1
1527732741.662024000	56.9624	248	1
1527732741.684593000	56.9849	67	0
1527732741.799090000	57.0994	213	0
1527732741.799453000	57.0998	128	0
1527732741.803193000	57.1035	72	0
1527732741.803283000	57.1036	207	0
1527732741.804117000	57.1045	90	1
1527732742.091245000	57.3916	367	1
1527732742.091316000	57.3917	241	1
1527732742.111940000	57.4123	67	0
1527732742.251453000	57.5518	329	0
1527732742.251568000	57.5519	128	0
1527732742.254266000	57.5546	72	0
1527732742.254732000	57.5551	203	0
1527732742.256143000	57.5565	90	1
1527732742.332915000	57.6333	366	1
1527732742.333009000	57.6333	242	1
1527732742.354309000	57.6546	67	0
1527732742.464673000	57.765	215	0
1527732742.464793000	57.7651	128	0
1527732742.468126000	57.7685	72	0
1527732742.468216000	57.7686	165	0
1527732742.469149000	57.7695	90	1
1527732742.565373000	57.8657	372	1
1527732742.565452000	57.8658	243	1
1527732742.587663000	57.888	67	0
1527732742.889737000	58.1901	235	0
1527732742.889740000	58.1901	128	0
1527732742.894227000	58.1946	84	1
1527732742.894264000	58.1946	72	0
1527732742.897498000	58.1978	245	0
1527732742.899173000	58.1995	81	1
1527732743.177378000	58.4777	367	1
1527732743.177468000	58.4778	240	1
1527732743.196786000	58.4971	67	0
1527732743.305681000	58.606	308	0
1527732743.305683000	58.606	128	0
1527732743.310232000	58.6106	84	1
1527732743.311872000	58.6122	72	0
1527732743.311874000	58.6122	297	0
1527732743.316217000	58.6166	81	1
1527732743.387274000	58.6876	368	1
1527732743.387378000	58.6877	240	1
1527732743.407822000	58.7082	67	0
1527732743.622422000	58.9228	212	0
1527732743.622425000	58.9228	128	0
1527732743.626939000	58.9273	72	0
1527732743.626941000	58.9273	249	0
1527732743.627220000	58.9276	90	1
1527732743.668245000	58.9686	369	1
1527732743.668300000	58.9686	241	1
1527732743.689394000	58.9897	67	0
1527732743.801699000	59.102	213	0
1527732743.801701000	59.102	128	0
1527732743.805558000	59.1059	72	0
1527732743.805560000	59.1059	300	0
1527732743.806225000	59.1066	90	1
1527732743.889843000	59.1902	366	1
1527732743.889927000	59.1903	243	1
1527732743.910459000	59.2108	67	0
1527732744.029657000	59.33	219	0
1527732744.029659000	59.33	128	0
1527732744.033773000	59.3341	72	0
1527732744.033868000	59.3342	244	0
1527732744.034373000	59.3347	90	1
1527732744.241518000	59.5419	493	1
1527732744.241602000	59.5419	237	1
1527732744.263013000	59.5634	67	0
1527732744.392143000	59.6925	259	0
1527732744.392145000	59.6925	128	0
1527732744.395699000	59.696	72	0
1527732744.396165000	59.6965	265	0
1527732744.397268000	59.6976	90	1
1527732744.683347000	59.9837	846	1
1527732744.683441000	59.9838	248	1
1527732744.705212000	60.0056	67	0
1527732744.826933000	60.1273	245	0
1527732744.827045000	60.1274	128	0
1527732744.830569000	60.1309	72	0
1527732744.831320000	60.1317	87	1
1527732744.831626000	60.132	234	0
1527732744.836317000	60.1367	78	1
1527732745.128116000	60.4285	961	1
1527732745.128187000	60.4285	241	1
1527732745.150132000	60.4505	67	0
1527732745.155053000	60.4554	67	0
1527732745.276760000	60.5771	236	0
1527732745.276763000	60.5771	128	0
1527732745.281176000	60.5815	72	0
1527732745.281178000	60.5815	181	0
1527732745.281456000	60.5818	93	1
1527732745.323338000	60.6237	236	0
1527732745.328345000	60.6287	78	1
1527732745.397394000	60.6977	367	1
1527732745.397480000	60.6978	237	1
1527732745.420115000	60.7205	67	0
1527732745.524986000	60.8253	217	0
1527732745.524989000	60.8253	128	0
1527732745.529203000	60.8295	72	0
1527732745.529292000	60.8296	253	0
1527732745.530329000	60.8307	90	1
1527732745.798070000	61.0984	369	1
1527732745.798133000	61.0985	239	1
1527732745.820033000	61.1204	67	0
1527732745.965893000	61.2662	212	0
1527732745.966004000	61.2663	128	0
1527732745.968500000	61.2688	72	0
1527732745.968633000	61.269	200	0
1527732745.970374000	61.2707	90	1
1527732746.047925000	61.3483	366	1
1527732746.048024000	61.3484	241	1
1527732746.069407000	61.3697	67	0
1527732746.199927000	61.5003	280	0
1527732746.199930000	61.5003	128	0
1527732746.204441000	61.5048	84	1
1527732746.205386000	61.5057	72	0
1527732746.205388000	61.5057	89	0
1527732746.210449000	61.5108	81	1
1527732746.317045000	61.6174	368	1
1527732746.317140000	61.6175	241	1
1527732746.338888000	61.6392	67	0
1527732746.460077000	61.7604	213	0
1527732746.460080000	61.7604	128	0
1527732746.465464000	61.7658	84	1
1527732746.465748000	61.7661	72	0
1527732746.468728000	61.7691	308	0
1527732746.470375000	61.7707	81	1
1527732746.557871000	61.8582	371	1
1527732746.557966000	61.8583	245	1
1527732746.578877000	61.8792	67	0
1527732746.697175000	61.9975	215	0
1527732746.697177000	61.9975	128	0
1527732746.701674000	62.002	72	0
1527732746.702099000	62.0024	136	0
1527732746.702657000	62.003	90	1
1527732747.046817000	62.3472	368	1
1527732747.046879000	62.3472	241	1
1527732747.077195000	62.3775	67	0
1527732747.206172000	62.5065	331	0
1527732747.206175000	62.5065	128	0
1527732747.206177000	62.5065	72	0
1527732747.206316000	62.5067	317	0
1527732747.211508000	62.5118	90	1
1527732747.378566000	62.6789	372	1
1527732747.378654000	62.679	242	1
1527732747.399038000	62.6994	67	0
1527732747.519699000	62.82	213	0
1527732747.519702000	62.82	128	0
1527732747.523752000	62.8241	72	0
1527732747.523849000	62.8242	247	0
1527732747.524443000	62.8248	90	1
1527732747.809854000	63.1102	371	1
1527732747.809914000	63.1103	244	1
1527732747.829912000	63.1303	67	0
1527732748.147633000	63.448	235	0
1527732748.147636000	63.448	128	0
1527732748.152115000	63.4525	72	0
1527732748.152212000	63.4526	265	0
1527732748.152645000	63.453	90	1
1527732748.233167000	63.5335	367	1
1527732748.233261000	63.5336	244	1
1527732748.254839000	63.5552	67	0
1527732748.363502000	63.6638	308	0
1527732748.363608000	63.6639	128	0
1527732748.367515000	63.6679	72	0
1527732748.367906000	63.6682	65	0
1527732748.368473000	63.6688	90	1
1527732748.444954000	63.7453	494	1
1527732748.445016000	63.7454	240	1
1527732748.467609000	63.7679	67	0
1527732748.579173000	63.8795	212	0
1527732748.579175000	63.8795	128	0
1527732748.581765000	63.8821	72	0
1527732748.581768000	63.8821	135	0
1527732748.584579000	63.8849	90	1
1527732748.668886000	63.9692	844	1
1527732748.668979000	63.9693	240	1
1527732748.690366000	63.9907	67	0
1527732748.826764000	64.1271	213	0
1527732748.826766000	64.1271	128	0
1527732748.831590000	64.1319	84	1
1527732748.831958000	64.1323	72	0
1527732748.832411000	64.1328	69	0
1527732748.836576000	64.1369	81	1
1527732749.056803000	64.3571	964	1
1527732749.056897000	64.3572	238	1
1527732749.077489000	64.3778	67	0
1527732749.197777000	64.4981	240	0
1527732749.197781000	64.4981	128	0
1527732749.200961000	64.5013	72	0
1527732749.200963000	64.5013	88	0
1527732749.202636000	64.503	90	1
1527732749.241987000	64.5423	240	0
1527732749.246616000	64.547	78	1
1527732749.350197000	64.6505	371	1
1527732749.350280000	64.6506	241	1
1527732749.380815000	64.6812	67	0
1527732749.512203000	64.8125	238	0
1527732749.512337000	64.8127	128	0
1527732749.516203000	64.8165	72	0
1527732749.516311000	64.8167	97	0
1527732749.517571000	64.8179	90	1
1527732749.769903000	65.0702	368	1
1527732749.769997000	65.0703	245	1
1527732749.790735000	65.0911	67	0
1527732749.949640000	65.25	247	0
1527732749.949756000	65.2501	128	0
1527732749.953270000	65.2536	72	0
1527732749.953389000	65.2537	134	0
1527732749.954569000	65.2549	90	1
1527732750.226969000	65.5273	372	1
1527732750.227056000	65.5274	250	1
1527732750.249094000	65.5494	67	0
1527732750.367446000	65.6678	236	0
1527732750.367449000	65.6678	128	0
1527732750.371179000	65.6715	72	0
1527732750.371181000	65.6715	107	0
1527732750.372689000	65.673	90	1
1527732750.661920000	65.9623	371	1
1527732750.661988000	65.9623	245	1
1527732750.682920000	65.9833	67	0
1527732750.791180000	66.0915	216	0
1527732750.791182000	66.0915	128	0
1527732750.795707000	66.096	84	1
1527732750.796607000	66.0969	72	0
1527732750.796615000	66.097	284	0
1527732750.801712000	66.1021	81	1
1527732750.884487000	66.1848	365	1
1527732750.884589000	66.1849	240	1
1527732750.906093000	66.2064	67	0
1527732751.014322000	66.3147	213	0
1527732751.014494000	66.3148	128	0
1527732751.019742000	66.3201	84	1
1527732751.032398000	66.3327	72	0
1527732751.032400000	66.3327	65	0
1527732751.037712000	66.3381	81	1
1527732751.169176000	66.4695	367	1
1527732751.169270000	66.4696	241	1
1527732751.188793000	66.4891	67	0
1527732751.318423000	66.6188	278	0
1527732751.318427000	66.6188	128	0
1527732751.320999000	66.6213	72	0
1527732751.321484000	66.6218	227	0
1527732751.323690000	66.624	90	1
1527732751.591124000	66.8915	367	1
1527732751.591209000	66.8915	241	1
1527732751.615839000	66.9162	67	0
1527732751.734664000	67.035	213	0
1527732751.734667000	67.035	128	0
1527732751.738027000	67.0384	72	0
1527732751.738820000	67.0392	66	0
1527732751.739688000	67.04	90	1
1527732752.011229000	67.3116	370	1
1527732752.011310000	67.3117	244	1
1527732752.045027000	67.3454	67	0
1527732752.145504000	67.4458	215	0
1527732752.145507000	67.4458	128	0
1527732752.150794000	67.4511	84	1
1527732752.246912000	67.5473	72	0
1527732752.246915000	67.5473	68	0
1527732752.251813000	67.5522	81	1
1527732752.432515000	67.7329	368	1
1527732752.432591000	67.7329	240	1
1527732752.463090000	67.7634	67	0
1527732752.468971000	67.7693	404	1
1527732752.469066000	67.7694	1392	1
1527732752.469105000	67.7694	1392	1
1527732752.469136000	67.7695	1392	1
1527732752.469157000	67.7695	320	1
1527732752.499048000	67.7994	67	0
1527732752.604215000	67.9046	393	0
1527732752.608755000	67.9091	84	1
1527732752.610645000	67.911	60	0
1527732752.615748000	67.9161	78	1
1527732752.748559000	68.0489	338	0
1527732752.748562000	68.0489	128	0
1527732752.751134000	68.0515	72	0
1527732752.751564000	68.0519	255	0
1527732752.753822000	68.0542	87	1
1527732752.942182000	68.2425	367	1
1527732752.942244000	68.2426	241	1
1527732752.962974000	68.2633	67	0
1527732753.084794000	68.3851	282	0
1527732753.084796000	68.3851	128	0
1527732753.089140000	68.3895	72	0
1527732753.089143000	68.3895	144	0
1527732753.089761000	68.3901	90	1
1527732753.512052000	68.8124	845	1
1527732753.512142000	68.8125	245	1
1527732753.533622000	68.834	67	0
1527732753.648948000	68.9493	235	0
1527732753.649062000	68.9494	128	0
1527732753.652716000	68.9531	72	0
1527732753.652824000	68.9532	125	0
1527732753.653793000	68.9541	90	1
1527732753.841358000	69.1417	963	1
1527732753.841449000	69.1418	239	1
1527732753.861827000	69.1622	67	0
1527732754.160942000	69.4613	213	0
1527732754.161063000	69.4614	128	0
1527732754.164264000	69.4646	72	0
1527732754.164677000	69.465	231	0
1527732754.165823000	69.4662	90	1
1527732754.261244000	69.5616	366	1
1527732754.261334000	69.5617	239	1
1527732754.281844000	69.5822	67	0
1527732754.416381000	69.7167	240	0
1527732754.416493000	69.7168	128	0
1527732754.420193000	69.7205	72	0
1527732754.420606000	69.7209	296	0
1527732754.421145000	69.7215	90	1
1527732754.481096000	69.7814	371	1
1527732754.481187000	69.7815	241	1
1527732754.504442000	69.8048	67	0
1527732754.610172000	69.9105	236	0
1527732754.610482000	69.9108	128	0
1527732754.613441000	69.9138	72	0
1527732754.613443000	69.9138	170	0
1527732754.614851000	69.9152	90	1
1527732754.851317000	70.1517	371	1
1527732754.851410000	70.1518	242	1
1527732754.871143000	70.1715	67	0
1527732754.985239000	70.2856	244	0
1527732754.985355000	70.2857	128	0
1527732754.989367000	70.2897	72	0
1527732754.989783000	70.2901	136	0
1527732754.989921000	70.2903	90	1
1527732755.101045000	70.4014	369	1
1527732755.101120000	70.4015	243	1
1527732755.121426000	70.4218	67	0
1527732755.253381000	70.5537	238	0
1527732755.253384000	70.5537	128	0
1527732755.256910000	70.5573	72	0
1527732755.256912000	70.5573	161	0
1527732755.257889000	70.5582	90	1
1527732755.332275000	70.6326	371	1
1527732755.332336000	70.6327	238	1
1527732755.364917000	70.6653	67	0
1527732755.470463000	70.7708	283	1
1527732755.470560000	70.7709	1392	1
1527732755.470587000	70.7709	1392	1
1527732755.470633000	70.771	1392	1
1527732755.470670000	70.771	1392	1
1527732755.470704000	70.771	1392	1
1527732755.470737000	70.7711	1392	1
1527732755.470777000	70.7711	1392	1
1527732755.470811000	70.7712	1392	1
1527732755.470850000	70.7712	1392	1
1527732755.470898000	70.7712	1392	1
1527732755.470942000	70.7713	1392	1
1527732755.472873000	70.7732	1392	1
1527732755.472914000	70.7733	725	1
1527732755.473221000	70.7736	219	0
1527732755.473317000	70.7737	128	0
1527732755.477523000	70.7779	72	0
1527732755.477873000	70.7782	87	1
1527732755.477987000	70.7783	298	0
1527732755.482900000	70.7832	78	1
1527732755.490518000	70.7909	67	0
1527732755.494965000	70.7953	67	0
1527732755.580146000	70.8805	385	1
1527732755.580208000	70.8805	241	1
1527732755.602815000	70.9032	67	0
1527732755.622558000	70.9229	395	0
1527732755.626783000	70.9271	60	0
1527732755.627008000	70.9273	84	1
1527732755.722393000	71.0227	215	0
1527732755.722395000	71.0227	128	0
1527732755.726113000	71.0265	72	0
1527732755.726115000	71.0265	117	0
1527732755.726907000	71.0272	87	1
1527732756.039436000	71.3398	371	1
1527732756.039497000	71.3398	240	1
1527732756.061857000	71.3622	67	0
1527732756.171979000	71.4723	213	0
1527732756.171981000	71.4723	128	0
1527732756.174959000	71.4753	72	0
1527732756.175050000	71.4754	216	0
1527732756.177017000	71.4774	90	1
1527732756.281284000	71.5816	367	1
1527732756.281371000	71.5817	241	1
1527732756.304482000	71.6048	67	0
1527732756.413006000	71.7133	238	0
1527732756.413134000	71.7135	128	0
1527732756.415893000	71.7162	72	0
1527732756.417761000	71.7181	257	0
1527732756.417958000	71.7183	90	1
1527732756.591405000	71.8917	490	1
1527732756.591467000	71.8918	241	1
1527732756.612178000	71.9125	67	0
1527732756.722972000	72.0233	216	0
1527732756.722975000	72.0233	128	0
1527732756.726180000	72.0265	72	0
1527732756.726734000	72.0271	263	0
1527732756.727974000	72.0283	90	1
1527732757.031495000	72.3318	851	1
1527732757.031558000	72.3319	247	1
1527732757.054215000	72.3546	67	0
1527732757.176037000	72.4764	331	0
1527732757.176040000	72.4764	128	0
1527732757.179720000	72.4801	72	0
1527732757.180105000	72.4804	277	0
1527732757.181003000	72.4813	90	1
1527732757.305993000	72.6063	966	1
1527732757.306082000	72.6064	239	1
1527732757.327217000	72.6276	67	0
1527732757.436071000	72.7364	306	0
1527732757.436194000	72.7365	128	0
1527732757.439754000	72.7401	72	0
1527732757.439757000	72.7401	279	0
1527732757.441019000	72.7414	90	1
1527732757.526588000	72.8269	367	1
1527732757.526682000	72.827	243	1
1527732757.546959000	72.8473	67	0
1527732757.657116000	72.9575	213	0
1527732757.657228000	72.9576	128	0
1527732757.661195000	72.9615	72	0
1527732757.662115000	72.9625	87	1
1527732757.662753000	72.9631	309	0
1527732757.667029000	72.9674	78	1
1527732757.738513000	73.0389	366	1
1527732757.738603000	73.0389	242	1
1527732757.759750000	73.0601	67	0
1527732757.868991000	73.1693	213	0
1527732757.868997000	73.1693	128	0
1527732757.871540000	73.1719	72	0
1527732757.871542000	73.1719	226	0
1527732757.874123000	73.1745	90	1
1527732758.202791000	73.5031	371	1
1527732758.202853000	73.5032	241	1
1527732758.223586000	73.5239	67	0
1527732758.232213000	73.5326	67	0
1527732758.347842000	73.6482	242	0
1527732758.347845000	73.6482	128	0
1527732758.351690000	73.652	72	0
1527732758.352157000	73.6525	243	0
1527732758.353049000	73.6534	93	1
1527732758.500139000	73.8005	372	1
1527732758.500225000	73.8006	242	1
1527732758.520350000	73.8207	67	0
1527732758.525451000	73.8258	67	0
1527732758.629890000	73.9302	238	0
1527732758.630251000	73.9306	128	0
1527732758.633474000	73.9338	72	0
1527732758.633476000	73.9338	119	0
1527732758.635161000	73.9355	93	1
1527732758.722523000	74.0229	370	1
1527732758.722617000	74.023	238	1
1527732758.745041000	74.0454	67	0
1527732758.860910000	74.1613	245	0
1527732758.860912000	74.1613	128	0
1527732758.864426000	74.1648	72	0
1527732758.864886000	74.1652	96	0
1527732758.866087000	74.1664	90	1
1527732759.152370000	74.4527	367	1
1527732759.152464000	74.4528	239	1
1527732759.172859000	74.4732	67	0
1527732759.296846000	74.5972	238	0
1527732759.296849000	74.5972	128	0
1527732759.299529000	74.5999	72	0
1527732759.299998000	74.6003	260	0
1527732759.302113000	74.6025	90	1
1527732759.364034000	74.6644	368	1
1527732759.364113000	74.6645	242	1
1527732759.389822000	74.6902	67	0
1527732759.508106000	74.8084	219	0
1527732759.508109000	74.8084	128	0
1527732759.511395000	74.8117	72	0
1527732759.511397000	74.8117	188	0
1527732759.513213000	74.8136	90	1
1527732759.612165000	74.9125	371	1
1527732759.612255000	74.9126	237	1
1527732759.631996000	74.9323	67	0
1527732759.752208000	75.0525	213	0
1527732759.752321000	75.0527	128	0
1527732759.757030000	75.0574	72	0
1527732759.757032000	75.0574	87	0
1527732759.757282000	75.0576	90	1
1527732760.033256000	75.3336	493	1
1527732760.033319000	75.3337	245	1
1527732760.061400000	75.3617	67	0
1527732760.169920000	75.4703	257	0
1527732760.169923000	75.4703	128	0
1527732760.172155000	75.4725	72	0
1527732760.172232000	75.4726	200	0
1527732760.175180000	75.4755	90	1
1527732760.254264000	75.5546	367	1
1527732760.254361000	75.5547	237	1
1527732760.276022000	75.5764	67	0
1527732760.681416000	75.9818	239	0
1527732760.681418000	75.9818	128	0
1527732760.684175000	75.9845	72	0
1527732760.684726000	75.9851	215	0
1527732760.686240000	75.9866	90	1
1527732760.894549000	76.1949	852	1
1527732760.894637000	76.195	244	1
1527732760.915391000	76.2157	67	0
1527732761.026203000	76.3265	215	0
1527732761.026318000	76.3267	128	0
1527732761.030376000	76.3307	72	0
1527732761.030737000	76.3311	66	0
1527732761.031229000	76.3316	90	1
1527732761.235565000	76.5359	962	1
1527732761.235658000	76.536	242	1
1527732761.258523000	76.5589	67	0
1527732761.370832000	76.6712	236	0
1527732761.370834000	76.6712	128	0
1527732761.374862000	76.6752	72	0
1527732761.375228000	76.6756	87	1
1527732761.375259000	76.6756	233	0
1527732761.380237000	76.6806	78	1
1527732761.662241000	76.9626	371	1
1527732761.662327000	76.9627	240	1
1527732761.683180000	76.9835	67	0
1527732761.811928000	77.1123	213	0
1527732761.811930000	77.1123	128	0
1527732761.814149000	77.1145	72	0
1527732761.814151000	77.1145	145	0
1527732761.817289000	77.1176	90	1
1527732762.096726000	77.3971	366	1
1527732762.096814000	77.3972	240	1
1527732762.135344000	77.4357	366	1
1527732762.142643000	77.443	67	0
1527732762.183587000	77.4839	67	0
1527732762.242634000	77.543	351	0
1527732762.242636000	77.543	128	0
1527732762.247344000	77.5477	87	1
1527732762.248088000	77.5484	72	0
1527732762.248090000	77.5484	103	0
1527732762.253332000	77.5537	81	1
1527732762.394642000	77.695	367	1
1527732762.394704000	77.695	242	1
1527732762.435876000	77.7362	67	0
1527732762.534751000	77.8351	282	0
1527732762.534753000	77.8351	128	0
1527732762.535161000	77.8355	72	0
1527732762.535227000	77.8356	270	0
1527732762.539342000	77.8397	90	1
1527732762.643893000	77.9442	370	1
1527732762.643992000	77.9443	241	1
1527732762.672580000	77.9729	67	0
1527732762.776946000	78.0773	212	0
1527732762.776948000	78.0773	128	0
1527732762.781392000	78.0817	84	1
1527732762.787934000	78.0883	72	0
1527732762.792309000	78.0926	78	1
1527732762.796938000	78.0973	123	0
1527732762.801383000	78.1017	78	1
1527732763.153926000	78.4543	368	1
1527732763.154014000	78.4544	239	1
1527732763.173365000	78.4737	67	0
1527732763.320798000	78.6211	238	0
1527732763.320800000	78.6211	128	0
1527732763.323719000	78.6241	72	0
1527732763.324366000	78.6247	274	0
1527732763.325351000	78.6257	90	1
1527732763.493763000	78.7941	371	1
1527732763.493826000	78.7942	238	1
1527732763.515817000	78.8162	67	0
1527732763.644567000	78.9449	217	0
1527732763.644693000	78.945	128	0
1527732763.647750000	78.9481	72	0
1527732763.647841000	78.9482	259	0
1527732763.649361000	78.9497	90	1
1527732763.902950000	79.2033	371	1
1527732763.903034000	79.2034	251	1
1527732763.934889000	79.2352	67	0
1527732764.049817000	79.3502	235	0
1527732764.049820000	79.3502	128	0
1527732764.053625000	79.354	72	0
1527732764.053628000	79.354	79	0
1527732764.054400000	79.3547	90	1
1527732764.365978000	79.6663	492	1
1527732764.366067000	79.6664	242	1
1527732764.387664000	79.688	67	0
1527732764.495617000	79.796	268	0
1527732764.495619000	79.796	128	0
1527732764.498585000	79.7989	72	0
1527732764.498856000	79.7992	285	0
1527732764.500501000	79.8008	90	1
1527732764.791991000	80.0923	367	1
1527732764.792083000	80.0924	239	1
1527732764.813188000	80.1135	67	0
1527732764.947446000	80.2478	212	0
1527732764.947448000	80.2478	128	0
1527732764.950833000	80.2512	72	0
1527732764.950835000	80.2512	70	0
1527732764.952515000	80.2529	90	1
1527732765.171872000	80.4722	366	1
1527732765.171966000	80.4723	241	1
1527732765.191421000	80.4918	67	0
1527732765.477547000	80.7779	240	0
1527732765.477899000	80.7782	128	0
1527732765.481343000	80.7817	72	0
1527732765.481447000	80.7818	149	0
1527732765.482457000	80.7828	90	1
1527732765.641758000	80.9421	850	1
1527732765.641850000	80.9422	245	1
1527732765.658056000	80.9584	70	0
1527732765.661956000	80.9623	67	0
1527732765.662558000	80.9629	81	1
1527732765.782834000	81.0832	215	0
1527732765.782836000	81.0832	128	0
1527732765.786067000	81.0864	72	0
1527732765.786702000	81.087	73	0
1527732765.787486000	81.0878	87	1
1527732766.102923000	81.4033	962	1
1527732766.103013000	81.4034	240	1
1527732766.124319000	81.4247	67	0
1527732766.245430000	81.5458	280	0
1527732766.245433000	81.5458	128	0
1527732766.249462000	81.5498	72	0
1527732766.249464000	81.5498	149	0
1527732766.250513000	81.5509	90	1
1527732766.522693000	81.823	368	1
1527732766.522875000	81.8232	241	1
1527732766.542629000	81.843	67	0
1527732766.550359000	81.8507	67	0
1527732766.675289000	81.9756	213	0
1527732766.675292000	81.9756	128	0
1527732766.679692000	81.98	72	0
1527732766.679785000	81.9801	259	0
1527732766.680545000	81.9809	93	1
1527732766.789017000	82.0894	367	1
1527732766.789108000	82.0894	242	1
1527732766.808974000	82.1093	67	0
1527732766.917727000	82.2181	215	0
1527732766.917729000	82.2181	128	0
1527732766.921131000	82.2215	72	0
1527732766.921133000	82.2215	91	0
1527732766.922641000	82.223	90	1
1527732767.014283000	82.3146	368	1
1527732767.014343000	82.3147	239	1
1527732767.035263000	82.3356	67	0
1527732767.143102000	82.4434	216	0
1527732767.143104000	82.4434	128	0
1527732767.146174000	82.4465	72	0
1527732767.146645000	82.447	193	0
1527732767.147571000	82.4479	90	1
1527732767.387815000	82.6882	372	1
1527732767.387897000	82.6882	241	1
1527732767.410123000	82.7105	67	0
1527732767.538560000	82.8389	238	0
1527732767.538562000	82.8389	128	0
1527732767.540526000	82.8409	72	0
1527732767.542262000	82.8426	218	0
1527732767.543667000	82.844	90	1
1527732767.892949000	83.1933	372	1
1527732767.893033000	83.1934	240	1
1527732767.913970000	83.2143	67	0
1527732768.022504000	83.3228	328	0
1527732768.022507000	83.3228	128	0
1527732768.026637000	83.327	72	0
1527732768.026725000	83.3271	307	0
1527732768.027611000	83.328	90	1
1527732768.333790000	83.6341	370	1
1527732768.333887000	83.6342	238	1
1527732768.354379000	83.6547	67	0
1527732768.457852000	83.7582	306	0
1527732768.457855000	83.7582	128	0
1527732768.461257000	83.7616	72	0
1527732768.461703000	83.762	231	0
1527732768.462678000	83.763	90	1
1527732768.763130000	84.0635	370	1
1527732768.763219000	84.0636	239	1
1527732768.783643000	84.084	67	0
1527732768.898179000	84.1985	215	0
1527732768.898307000	84.1986	128	0
1527732768.902672000	84.203	84	1
1527732768.903053000	84.2034	72	0
1527732768.903125000	84.2035	71	0
1527732768.907641000	84.208	81	1
1527732769.023853000	84.3242	489	1
1527732769.023919000	84.3243	238	1
1527732769.057178000	84.3575	67	0
1527732769.164628000	84.465	211	0
1527732769.164634000	84.465	128	0
1527732769.169762000	84.4701	84	1
1527732769.170955000	84.4713	72	0
1527732769.170956000	84.4713	132	0
1527732769.175680000	84.476	81	1
1527732769.514136000	84.8145	365	1
1527732769.514228000	84.8146	245	1
1527732769.553525000	84.8539	67	0
1527732769.674097000	84.9744	240	0
1527732769.674100000	84.9744	128	0
1527732769.677556000	84.9779	72	0
1527732769.678009000	84.9783	261	0
1527732769.678700000	84.979	90	1
1527732769.963523000	85.2639	371	1
1527732769.963600000	85.2639	246	1
1527732769.985476000	85.2858	67	0
1527732770.111840000	85.4122	235	0
1527732770.112176000	85.4125	128	0
1527732770.116425000	85.4168	72	0
1527732770.116751000	85.4171	87	1
1527732770.116790000	85.4171	174	0
1527732770.121804000	85.4221	78	1
1527732770.234958000	85.5353	845	1
1527732770.235026000	85.5354	241	1
1527732770.259362000	85.5597	67	0
1527732770.363899000	85.6642	268	0
1527732770.363902000	85.6642	128	0
1527732770.367179000	85.6675	72	0
1527732770.367181000	85.6675	186	0
1527732770.368842000	85.6692	90	1
1527732770.524393000	85.8247	961	1
1527732770.524455000	85.8248	239	1
1527732770.546100000	85.8464	67	0
1527732770.658413000	85.9588	213	0
1527732770.658529000	85.9589	128	0
1527732770.662237000	85.9626	72	0
1527732770.662776000	85.9631	192	0
1527732770.663754000	85.9641	90	1
1527732771.012406000	86.3127	370	1
1527732771.012498000	86.3128	247	1
1527732771.034724000	86.3351	67	0
1527732771.151098000	86.4514	217	0
1527732771.151101000	86.4514	128	0
1527732771.154526000	86.4549	72	0
1527732771.154744000	86.4551	149	0
1527732771.155801000	86.4561	90	1
1527732771.318075000	86.6184	366	1
1527732771.318136000	86.6185	238	1
1527732771.337988000	86.6383	67	0
1527732771.462201000	86.7625	238	0
1527732771.462205000	86.7625	128	0
1527732771.465260000	86.7656	72	0
1527732771.465262000	86.7656	159	0
1527732771.466889000	86.7672	90	1
1527732771.758343000	87.0587	371	1
1527732771.758420000	87.0588	244	1
1527732771.778628000	87.079	67	0
1527732771.918182000	87.2185	257	0
1527732771.918185000	87.2185	128	0
1527732771.920234000	87.2206	72	0
1527732771.920332000	87.2207	116	0
1527732771.922935000	87.2233	90	1
1527732772.216681000	87.517	367	1
1527732772.216755000	87.5171	246	1
1527732772.257994000	87.5583	367	1
1527732772.258504000	87.5588	67	0
1527732772.299565000	87.5999	67	0
1527732772.369778000	87.6701	236	0
1527732772.369781000	87.6701	128	0
1527732772.374937000	87.6753	87	1
1527732772.377480000	87.6778	72	0
1527732772.379382000	87.6797	267	0
1527732772.381928000	87.6823	81	1
1527732772.787135000	88.0875	370	1
1527732772.787228000	88.0876	237	1
1527732772.815225000	88.1156	67	0
1527732772.919611000	88.22	212	0
1527732772.919721000	88.2201	128	0
1527732772.924914000	88.2253	84	1
1527732772.925980000	88.2263	72	0
1527732772.926074000	88.2264	315	0
1527732772.930909000	88.2312	81	1
1527732773.048462000	88.3488	370	1
1527732773.048538000	88.3489	240	1
1527732773.068707000	88.369	67	0
1527732773.180889000	88.4812	215	0
1527732773.180891000	88.4812	128	0
1527732773.184092000	88.4844	72	0
1527732773.184093000	88.4844	300	0
1527732773.186004000	88.4863	90	1
1527732773.509359000	88.8097	372	1
1527732773.509446000	88.8098	243	1
1527732773.529228000	88.8296	67	0
1527732773.660151000	88.9605	238	0
1527732773.660154000	88.9605	128	0
1527732773.663881000	88.9642	72	0
1527732773.664112000	88.9645	131	0
1527732773.664945000	88.9653	90	1
1527732773.982474000	89.2828	494	1
1527732773.982554000	89.2829	241	1
1527732774.003417000	89.3038	67	0
1527732774.115338000	89.4157	328	0
1527732774.115457000	89.4158	128	0
1527732774.118873000	89.4192	72	0
1527732774.119679000	89.42	160	0
1527732774.120273000	89.4206	90	1
1527732774.212389000	89.5127	370	1
1527732774.212487000	89.5128	239	1
1527732774.233522000	89.5339	67	0
1527732774.520981000	89.8213	306	0
1527732774.520983000	89.8213	128	0
1527732774.522646000	89.823	72	0
1527732774.522648000	89.823	105	0
1527732774.526005000	89.8263	90	1
1527732774.650234000	89.9506	849	1
1527732774.650328000	89.9507	238	1
1527732774.671181000	89.9715	67	0
1527732774.783921000	90.0843	213	0
1527732774.783924000	90.0843	128	0
1527732774.787190000	90.0875	72	0
1527732774.787998000	90.0883	237	0
1527732774.789015000	90.0894	90	1
1527732774.830720000	90.1311	213	0
1527732774.835095000	90.1354	78	1
1527732774.971657000	90.272	961	1
1527732774.971747000	90.2721	241	1
1527732774.996674000	90.297	67	0
1527732775.127119000	90.4275	213	0
1527732775.127122000	90.4275	128	0
1527732775.131634000	90.432	72	0
1527732775.131637000	90.432	286	0
1527732775.132251000	90.4326	90	1
1527732775.392407000	90.6927	371	1
1527732775.392481000	90.6928	242	1
1527732775.414173000	90.7145	67	0
1527732775.541885000	90.8422	242	0
1527732775.541888000	90.8422	128	0
1527732775.544596000	90.8449	72	0
1527732775.546032000	90.8464	276	0
1527732775.547079000	90.8474	90	1
1527732775.611424000	90.9118	368	1
1527732775.611503000	90.9118	243	1
1527732775.632657000	90.933	67	0
1527732775.767215000	91.0676	236	0
1527732775.767771000	91.0681	128	0
1527732775.772138000	91.0725	84	1
1527732775.772668000	91.073	72	0
1527732775.772670000	91.073	170	0
1527732775.777118000	91.0775	81	1
1527732775.861521000	91.1619	367	1
1527732775.861610000	91.162	242	1
1527732775.881283000	91.1816	67	0
1527732776.009160000	91.3095	245	0
1527732776.009275000	91.3096	128	0
1527732776.012707000	91.313	72	0
1527732776.013134000	91.3135	128	0
1527732776.014063000	91.3144	90	1
1527732776.073354000	91.3737	367	1
1527732776.073447000	91.3738	241	1
1527732776.095237000	91.3956	67	0
1527732776.211840000	91.5122	238	0
1527732776.211842000	91.5122	128	0
1527732776.216734000	91.5171	72	0
1527732776.216736000	91.5171	165	0
1527732776.217128000	91.5175	90	1
1527732776.282643000	91.583	368	1
1527732776.282704000	91.583	240	1
1527732776.303764000	91.6041	67	0
1527732776.455753000	91.7561	219	0
1527732776.455756000	91.7561	128	0
1527732776.461074000	91.7614	72	0
1527732776.461077000	91.7614	221	0
1527732776.461152000	91.7615	84	1
1527732776.466150000	91.7665	81	1
1527732776.542362000	91.8427	368	1
1527732776.542444000	91.8428	241	1
1527732776.563126000	91.8635	67	0
1527732776.668316000	91.9687	215	0
1527732776.668318000	91.9687	128	0
1527732776.672534000	91.9729	72	0
1527732776.672615000	91.973	286	0
1527732776.673157000	91.9735	90	1
1527732776.816785000	92.1171	372	1
1527732776.816872000	92.1172	240	1
1527732776.837633000	92.138	67	0
1527732776.840548000	92.1409	67	0
1527732777.147454000	92.4478	254	0
1527732777.147573000	92.4479	128	0
1527732777.150112000	92.4505	72	0
1527732777.150595000	92.4509	315	0
1527732777.152132000	92.4525	93	1
1527732777.164606000	92.4649	366	1
1527732777.164698000	92.465	240	1
1527732777.184893000	92.4852	67	0
1527732777.303980000	92.6043	236	0
1527732777.304219000	92.6046	128	0
1527732777.308295000	92.6086	72	0
1527732777.308403000	92.6087	258	0
1527732777.309300000	92.6096	90	1
1527732777.348973000	92.6493	236	0
1527732777.354135000	92.6545	78	1
1527732777.390503000	92.6908	367	1
1527732777.390592000	92.6909	240	1
1527732777.412766000	92.7131	67	0
1527732777.417834000	92.7182	67	0
1527732777.521963000	92.8223	216	0
1527732777.522180000	92.8225	128	0
1527732777.525028000	92.8254	72	0
1527732777.525111000	92.8255	246	0
1527732777.527168000	92.8275	93	1
1527732777.642592000	92.9429	490	1
1527732777.642692000	92.943	240	1
1527732777.663624000	92.964	67	0
1527732777.954999000	93.2553	212	0
1527732777.955002000	93.2553	128	0
1527732777.958275000	93.2586	72	0
1527732777.958277000	93.2586	263	0
1527732777.960236000	93.2606	90	1
1527732778.218085000	93.5184	366	1
1527732778.218180000	93.5185	240	1
1527732778.238220000	93.5386	67	0
1527732778.349625000	93.65	238	0
1527732778.349628000	93.65	128	0
1527732778.351724000	93.6521	72	0
1527732778.351845000	93.6522	205	0
1527732778.354227000	93.6546	90	1
1527732778.530796000	93.8311	851	1
1527732778.530886000	93.8312	246	1
1527732778.553662000	93.854	67	0
1527732778.683021000	93.9834	330	0
1527732778.683135000	93.9835	128	0
1527732778.686937000	93.9873	72	0
1527732778.687067000	93.9874	72	0
1527732778.688222000	93.9886	90	1
1527732778.937685000	94.238	966	1
1527732778.937749000	94.2381	244	1
1527732778.960146000	94.2605	67	0
1527732778.970048000	94.2704	67	0
1527732779.083105000	94.3834	282	0
1527732779.083108000	94.3834	128	0
1527732779.086743000	94.3871	72	0
1527732779.087377000	94.3877	76	0
1527732779.088254000	94.3886	93	1
1527732779.393649000	94.694	370	1
1527732779.393711000	94.6941	245	1
1527732779.414101000	94.7144	67	0
1527732779.527852000	94.8282	238	0
1527732779.527963000	94.8283	128	0
1527732779.531557000	94.8319	72	0
1527732779.531559000	94.8319	117	0
1527732779.532282000	94.8326	90	1
1527732779.863599000	95.1639	370	1
1527732779.863689000	95.164	239	1
1527732779.884471000	95.1848	67	0
1527732779.989073000	95.2894	215	0
1527732779.989188000	95.2895	128	0
1527732779.992190000	95.2925	72	0
1527732779.992286000	95.2926	211	0
1527732779.994306000	95.2946	90	1
1527732780.193852000	95.4942	368	1
1527732780.193935000	95.4943	239	1
1527732780.216489000	95.5168	67	0
1527732780.341039000	95.6414	239	0
1527732780.341155000	95.6415	128	0
1527732780.344695000	95.645	72	0
1527732780.345180000	95.6455	238	0
1527732780.346348000	95.6467	90	1
1527732780.603662000	95.904	366	1
1527732780.603757000	95.9041	244	1
1527732780.623436000	95.9238	67	0
1527732780.753779000	96.0541	236	0
1527732780.753903000	96.0542	128	0
1527732780.757602000	96.0579	72	0
1527732780.757682000	96.058	281	0
1527732780.758347000	96.0587	90	1
1527732781.430880000	96.7312	371	1
1527732781.430942000	96.7313	255	1
1527732781.451752000	96.7521	67	0
1527732781.577440000	96.8778	270	0
1527732781.577558000	96.8779	128	0
1527732781.580760000	96.8811	72	0
1527732781.582491000	96.8828	87	1
1527732781.582933000	96.8833	102	0
1527732781.587472000	96.8878	78	1
1527732781.746926000	97.0473	372	1
1527732781.747004000	97.0473	242	1
1527732781.767768000	97.0681	67	0
1527732781.894860000	97.1952	215	0
1527732781.894863000	97.1952	128	0
1527732781.899029000	97.1994	72	0
1527732781.899122000	97.1995	217	0
1527732781.899730000	97.2001	90	1
1527732782.156266000	97.4566	371	1
1527732782.156359000	97.4567	243	1
1527732782.179184000	97.4795	67	0
1527732782.186716000	97.4871	67	0
1527732782.288871000	97.5892	242	0
1527732782.288874000	97.5892	128	0
1527732782.291459000	97.5918	72	0
1527732782.291462000	97.5918	180	0
1527732782.293520000	97.5939	93	1
1527732782.647072000	97.9474	493	1
1527732782.647154000	97.9475	240	1
1527732782.674945000	97.9753	67	0
1527732782.812688000	98.113	212	0
1527732782.813467000	98.1138	128	0
1527732782.814637000	98.115	72	0
1527732782.815097000	98.1154	105	0
1527732782.817557000	98.1179	90	1
1527732782.829728000	98.1301	212	0
1527732782.834498000	98.1348	78	1
1527732782.876550000	98.1769	128	0
1527732782.881503000	98.1818	78	1
1527732783.039001000	98.3393	366	1
1527732783.039127000	98.3395	242	1
1527732783.066826000	98.3672	67	0
1527732783.181027000	98.4814	255	0
1527732783.181030000	98.4814	128	0
1527732783.184891000	98.4852	72	0
1527732783.184987000	98.4853	306	0
1527732783.185494000	98.4858	90	1
1527732783.308931000	98.6093	849	1
1527732783.309007000	98.6093	238	1
1527732783.335457000	98.6358	67	0
1527732783.458470000	98.7588	238	0
1527732783.458474000	98.7588	128	0
1527732783.462445000	98.7628	72	0
1527732783.462447000	98.7628	282	0
1527732783.463516000	98.7639	90	1
1527732783.539129000	98.8395	961	1
1527732783.539223000	98.8396	239	1
1527732783.561181000	98.8615	67	0
1527732783.688417000	98.9888	215	0
1527732783.688419000	98.9888	128	0
1527732783.692193000	98.9925	72	0
1527732783.692305000	98.9926	216	0
1527732783.693520000	98.9939	90	1
1527732783.909223000	99.2096	368	1
1527732783.909301000	99.2096	239	1
1527732783.932289000	99.2326	67	0
1527732784.130151000	99.4305	213	0
1527732784.130154000	99.4305	128	0
1527732784.132450000	99.4328	72	0
1527732784.132669000	99.433	207	0
1527732784.135621000	99.436	90	1
1527732784.228841000	99.5292	366	1
1527732784.228920000	99.5293	240	1
1527732784.249682000	99.55	67	0
1527732784.383119000	99.6835	238	0
1527732784.383122000	99.6835	128	0
1527732784.386185000	99.6865	72	0
1527732784.386187000	99.6865	124	0
1527732784.388630000	99.689	90	1
1527732784.569920000	99.8703	371	1
1527732784.570013000	99.8704	239	1
1527732784.589731000	99.8901	67	0
1527732784.712472000	100.013	330	0
1527732784.712475000	100.013	128	0
1527732784.716182000	100.017	72	0
1527732784.716185000	100.017	254	0
1527732784.717581000	100.018	90	1
1527732785.000052000	100.3	371	1
1527732785.000114000	100.3	247	1
1527732785.029748000	100.33	67	0
1527732785.175860000	100.476	285	0
1527732785.175863000	100.476	128	0
1527732785.179268000	100.48	72	0
1527732785.179270000	100.48	116	0
1527732785.180679000	100.481	90	1
1527732785.259732000	100.56	368	1
1527732785.259800000	100.56	239	1
1527732785.280559000	100.581	67	0
1527732785.321404000	100.622	67	0
1527732785.443501000	100.744	238	0
1527732785.443503000	100.744	128	0
1527732785.448683000	100.749	87	1
1527732785.448758000	100.749	72	0
1527732785.448850000	100.749	146	0
1527732785.453683000	100.754	81	1
1527732785.499708000	100.8	371	1
1527732785.499792000	100.8	241	1
1527732785.520162000	100.821	67	0
1527732785.529055000	100.829	67	0
1527732785.630787000	100.931	213	0
1527732785.630790000	100.931	128	0
1527732785.635172000	100.936	72	0
1527732785.635174000	100.936	202	0
1527732785.635774000	100.936	93	1
1527732785.738056000	101.038	371	1
1527732785.738136000	101.038	246	1
1527732785.758107000	101.058	67	0
1527732785.872488000	101.173	216	0
1527732785.872491000	101.173	128	0
1527732785.877179000	101.178	72	0
1527732785.877182000	101.178	145	0
1527732785.877715000	101.178	90	1
1527732786.188485000	101.489	370	1
1527732786.188614000	101.489	243	1
1527732786.210250000	101.511	67	0
1527732786.343215000	101.644	262	0
1527732786.343330000	101.644	128	0
1527732786.346947000	101.647	72	0
1527732786.347750000	101.648	87	1
1527732786.386208000	101.687	227	0
1527732786.390695000	101.691	78	1
1527732786.603220000	101.904	491	1
1527732786.603281000	101.904	246	1
1527732786.623178000	101.924	67	0
1527732786.734315000	102.035	247	0
1527732786.734435000	102.035	128	0
1527732786.737225000	102.038	72	0
1527732786.737645000	102.038	141	0
1527732786.739708000	102.04	90	1
1527732787.038067000	102.338	368	1
1527732787.038146000	102.338	246	1
1527732787.072677000	102.373	67	0
1527732787.195615000	102.496	238	0
1527732787.195618000	102.496	128	0
1527732787.199934000	102.5	72	0
1527732787.199935000	102.5	169	0
1527732787.200718000	102.501	90	1
1527732787.306256000	102.607	851	1
1527732787.306348000	102.607	242	1
1527732787.326606000	102.627	67	0
1527732787.434336000	102.735	215	0
1527732787.434457000	102.735	128	0
1527732787.437763000	102.738	72	0
1527732787.437856000	102.738	69	0
1527732787.438719000	102.739	90	1
1527732787.514060000	102.814	959	1
1527732787.514132000	102.814	241	1
1527732787.534963000	102.835	67	0
1527732787.651015000	102.951	213	0
1527732787.651600000	102.952	128	0
1527732787.655000000	102.955	72	0
1527732787.655003000	102.955	293	0
1527732787.655745000	102.956	90	1
1527732787.735981000	103.036	367	1
1527732787.736050000	103.036	241	1
1527732787.758214000	103.059	67	0
1527732787.879540000	103.18	257	0
1527732787.879542000	103.18	128	0
1527732787.882538000	103.183	72	0
1527732787.882914000	103.183	85	0
1527732787.884828000	103.185	90	1
1527732788.308103000	103.608	368	1
1527732788.308165000	103.609	243	1
1527732788.329711000	103.63	67	0
1527732788.452903000	103.753	238	0
1527732788.453037000	103.753	128	0
1527732788.457841000	103.758	72	0
1527732788.457877000	103.758	84	1
1527732788.457939000	103.758	251	0
1527732788.462763000	103.763	81	1
1527732788.628061000	103.928	368	1
1527732788.628150000	103.928	243	1
1527732788.648196000	103.949	67	0
1527732788.786966000	104.087	215	0
1527732788.786968000	104.087	128	0
1527732788.788483000	104.089	72	0
1527732788.788579000	104.089	151	0
1527732788.791881000	104.092	90	1
1527732789.028243000	104.329	368	1
1527732789.028305000	104.329	241	1
1527732789.048181000	104.349	67	0
1527732789.170857000	104.471	213	0
1527732789.171174000	104.472	128	0
1527732789.175078000	104.475	72	0
1527732789.175168000	104.476	310	0
1527732789.175827000	104.476	90	1
1527732789.407086000	104.707	371	1
1527732789.407170000	104.708	244	1
1527732789.426632000	104.727	67	0
1527732789.559881000	104.86	238	0
1527732789.559884000	104.86	128	0
1527732789.562657000	104.863	72	0
1527732789.563159000	104.863	250	0
1527732789.564926000	104.865	90	1
1527732789.818219000	105.119	371	1
1527732789.818279000	105.119	238	1
1527732789.839024000	105.139	67	0
1527732789.965183000	105.266	328	0
1527732789.965186000	105.266	128	0
1527732789.968895000	105.269	72	0
1527732789.969407000	105.27	243	0
1527732789.969980000	105.27	90	1
1527732793.093502000	108.394	371	1
1527732793.093594000	108.394	241	1
1527732793.114748000	108.415	67	0
1527732793.239979000	108.54	305	0
1527732793.239982000	108.54	128	0
1527732793.243542000	108.544	72	0
1527732793.243544000	108.544	111	0
1527732793.245136000	108.545	90	1
1527732793.403724000	108.704	369	1
1527732793.403784000	108.704	272	1
1527732793.424906000	108.725	67	0
1527732793.549413000	108.85	215	0
1527732793.549416000	108.85	128	0
1527732793.553278000	108.854	72	0
1527732793.553280000	108.854	249	0
1527732793.554082000	108.854	90	1
1527732793.829292000	109.13	493	1
1527732793.829380000	109.13	249	1
1527732793.850860000	109.151	67	0
1527732793.961599000	109.262	213	0
1527732793.961602000	109.262	128	0
1527732793.965872000	109.266	72	0
1527732793.965874000	109.266	66	0
1527732793.966170000	109.267	90	1
1527732794.245743000	109.546	367	1
1527732794.245819000	109.546	242	1
1527732794.266600000	109.567	67	0
1527732794.398074000	109.698	240	0
1527732794.398076000	109.698	128	0
1527732794.402139000	109.702	72	0
1527732794.402141000	109.702	104	0
1527732794.403128000	109.703	90	1
1527732794.624470000	109.925	849	1
1527732794.624563000	109.925	239	1
1527732794.645563000	109.946	67	0
1527732794.760805000	110.061	236	0
1527732794.760930000	110.061	128	0
1527732794.765119000	110.065	72	0
1527732794.765236000	110.066	207	0
1527732794.766133000	110.066	90	1
1527732795.055562000	110.356	961	1
1527732795.055654000	110.356	249	1
1527732795.076659000	110.377	67	0
1527732795.202429000	110.503	271	0
1527732795.202432000	110.503	128	0
1527732795.206760000	110.507	72	0
1527732795.206841000	110.507	73	0
1527732795.207287000	110.508	90	1
1527732795.496662000	110.797	369	1
1527732795.496750000	110.797	239	1
1527732795.519403000	110.82	67	0
1527732795.633994000	110.934	212	0
1527732795.636688000	110.937	138	0
1527732795.636689000	110.937	217	0
1527732795.639199000	110.94	87	1
1527732795.906630000	111.207	370	1
1527732795.906717000	111.207	245	1
1527732795.932740000	111.233	67	0
1527732796.059111000	111.359	217	0
1527732796.059437000	111.36	128	0
1527732796.064154000	111.364	72	0
1527732796.064277000	111.365	84	1
1527732796.064871000	111.365	243	0
1527732796.069221000	111.37	81	1
1527732796.360340000	111.661	367	1
1527732796.360413000	111.661	238	1
1527732796.381114000	111.681	67	0
1527732796.500863000	111.801	236	0
1527732796.500865000	111.801	128	0
1527732796.503859000	111.804	72	0
1527732796.503861000	111.804	274	0
1527732796.505252000	111.806	90	1
1527732796.840856000	112.141	371	1
1527732796.840919000	112.141	242	1
1527732796.862776000	112.163	67	0
1527732796.973023000	112.273	257	0
1527732796.973146000	112.273	128	0
1527732796.976336000	112.277	72	0
1527732796.976786000	112.277	205	0
1527732796.978271000	112.279	90	1
1527732797.156032000	112.456	368	1
1527732797.156093000	112.456	239	1
1527732797.177025000	112.477	67	0
1527732797.285251000	112.586	235	0
1527732797.285350000	112.586	128	0
1527732797.288754000	112.589	72	0
1527732797.288756000	112.589	270	0
1527732797.290347000	112.591	90	1
1527732797.588572000	112.889	370	1
1527732797.588698000	112.889	244	1
1527732797.610672000	112.911	67	0
1527732797.733211000	113.034	213	0
1527732797.733329000	113.034	128	0
1527732797.736890000	113.037	72	0
1527732797.736896000	113.037	109	0
1527732797.738327000	113.039	90	1
1527732797.925583000	113.226	367	1
1527732797.925643000	113.226	239	1
1527732797.945750000	113.246	67	0
1527732798.071601000	113.372	215	0
1527732798.072292000	113.373	128	0
1527732798.075357000	113.376	72	0
1527732798.075455000	113.376	314	0
1527732798.076341000	113.377	90	1
1527732798.246580000	113.547	372	1
1527732798.246648000	113.547	243	1
1527732798.266704000	113.567	67	0
1527732798.377670000	113.678	236	0
1527732798.377673000	113.678	128	0
1527732798.380068000	113.68	72	0
1527732798.380154000	113.68	210	0
1527732798.382444000	113.683	90	1
1527732798.475492000	113.776	489	1
1527732798.475553000	113.776	239	1
1527732798.496289000	113.797	67	0
1527732798.620203000	113.921	330	0
1527732798.620207000	113.921	128	0
1527732798.623832000	113.924	72	0
1527732798.623834000	113.924	151	0
1527732798.625444000	113.926	90	1
1527732798.687521000	113.988	371	1
1527732798.687611000	113.988	241	1
1527732798.709577000	114.01	67	0
1527732798.839857000	114.14	282	0
1527732798.839860000	114.14	128	0
1527732798.842717000	114.143	72	0
1527732798.842719000	114.143	162	0
1527732798.844461000	114.145	90	1
1527732798.955790000	114.256	845	1
1527732798.955885000	114.256	243	1
1527732798.976432000	114.277	67	0
1527732799.108974000	114.409	213	0
1527732799.108977000	114.409	128	0
1527732799.112861000	114.413	72	0
1527732799.112943000	114.413	108	0
1527732799.113560000	114.414	90	1
1527732799.180891000	114.481	964	1
1527732799.180954000	114.481	239	1
1527732799.202594000	114.503	67	0
1527732799.310777000	114.611	235	0
1527732799.310783000	114.611	128	0
1527732799.311220000	114.612	72	0
1527732799.311653000	114.612	139	0
1527732799.315432000	114.616	90	1
1527732799.445855000	114.746	366	1
1527732799.445947000	114.746	244	1
1527732799.465746000	114.766	67	0
1527732799.587811000	114.888	219	0
1527732799.587814000	114.888	128	0
1527732799.591444000	114.892	72	0
1527732799.591536000	114.892	109	0
1527732799.592438000	114.893	90	1
1527732799.777587000	115.078	372	1
1527732799.777674000	115.078	240	1
1527732799.797698000	115.098	67	0
1527732799.803266000	115.104	67	0
1527732799.913901000	115.214	238	0
1527732799.913903000	115.214	128	0
1527732799.918201000	115.219	72	0
1527732799.918451000	115.219	90	1
1527732799.918761000	115.219	270	0
1527732799.923511000	115.224	78	1
1527732800.215583000	115.516	367	1
1527732800.215669000	115.516	240	1
1527732800.246635000	115.547	67	0
1527732800.360502000	115.661	267	0
1527732800.360629000	115.661	128	0
1527732800.363892000	115.664	72	0
1527732800.363992000	115.664	293	0
1527732800.365544000	115.666	90	1
1527732800.666015000	115.966	366	1
1527732800.666170000	115.967	240	1
1527732800.688171000	115.989	67	0
1527732800.794896000	116.095	212	0
1527732800.795018000	116.095	128	0
1527732800.799121000	116.099	72	0
1527732800.799246000	116.1	132	0
1527732800.799665000	116.1	90	1
1527732801.090410000	116.391	370	1
1527732801.090487000	116.391	254	1
1527732801.110553000	116.411	67	0
1527732801.241460000	116.542	240	0
1527732801.241464000	116.542	128	0
1527732801.243930000	116.544	72	0
1527732801.244029000	116.544	151	0
1527732801.246621000	116.547	90	1
1527732801.399184000	116.7	371	1
1527732801.399247000	116.7	246	1
1527732801.420092000	116.72	67	0
1527732801.522565000	116.823	212	0
1527732801.522568000	116.823	128	0
1527732801.526759000	116.827	72	0
1527732801.527423000	116.828	70	0
1527732801.527660000	116.828	90	1
1527732801.821748000	117.122	369	1
1527732801.821838000	117.122	247	1
1527732801.859127000	117.159	67	0
1527732801.865182000	117.166	67	0
1527732801.977944000	117.278	254	0
1527732801.977948000	117.278	128	0
1527732801.979427000	117.28	72	0
1527732801.979512000	117.28	136	0
1527732801.982632000	117.283	93	1
1527732802.280025000	117.58	492	1
1527732802.280116000	117.58	244	1
1527732802.308770000	117.609	67	0
1527732802.323206000	117.624	67	0
1527732802.451892000	117.752	238	0
1527732802.452011000	117.752	128	0
1527732802.456684000	117.757	87	1
1527732802.456730000	117.757	72	0
1527732802.456828000	117.757	78	0
1527732802.461670000	117.762	81	1
1527732802.702033000	118.002	371	1
1527732802.702127000	118.002	248	1
1527732802.730822000	118.031	67	0
1527732802.855224000	118.156	211	0
1527732802.855227000	118.156	128	0
1527732802.859430000	118.16	72	0
1527732802.859433000	118.16	91	0
1527732802.859716000	118.16	90	1
1527732802.930265000	118.231	848	1
1527732802.930321000	118.231	243	1
1527732802.951222000	118.252	67	0
1527732803.078295000	118.379	215	0
1527732803.078297000	118.379	128	0
1527732803.082348000	118.383	72	0
1527732803.082351000	118.383	238	0
1527732803.083631000	118.384	90	1
1527732803.208078000	118.508	965	1
1527732803.208142000	118.508	238	1
1527732803.228391000	118.529	67	0
