1527853879.156510000	0	296	1
1527853879.172682000	0.0161719	87	0
1527853879.602806000	0.446296	415	0
1527853879.602918000	0.446408	1412	0
1527853879.603004000	0.446494	1412	0
1527853879.603282000	0.446772	1412	0
1527853879.603351000	0.446841	186	0
1527853879.603506000	0.446996	1412	0
1527853879.603615000	0.447105	1412	0
1527853879.603755000	0.447245	1412	0
1527853879.603820000	0.44731	188	0
1527853879.603954000	0.447444	705	0
1527853879.604204000	0.447694	130	1
1527853879.605248000	0.448738	1412	0
1527853879.605451000	0.448941	1412	0
1527853879.605539000	0.449029	693	0
1527853879.606798000	0.450288	1412	0
1527853879.607110000	0.4506	1412	0
1527853879.607461000	0.450951	1412	0
1527853879.607464000	0.450954	188	0
1527853879.607974000	0.451464	1203	0
1527853879.608232000	0.451722	121	1
1527853879.639074000	0.482564	1412	0
1527853879.639226000	0.482716	1412	0
1527853879.639527000	0.483017	1412	0
1527853879.639593000	0.483083	198	0
1527853879.641525000	0.485015	1412	0
1527853879.641625000	0.485115	1411	0
1527853879.641865000	0.485355	1412	0
1527853879.641988000	0.485478	1412	0
1527853879.642219000	0.485709	1412	0
1527853879.642288000	0.485778	398	0
1527853879.643522000	0.487012	109	1
1527853879.643933000	0.487423	1412	0
1527853879.644070000	0.48756	1412	0
1527853879.644369000	0.487859	1412	0
1527853879.644434000	0.487924	188	0
1527853879.645097000	0.488587	1412	0
1527853879.645165000	0.488655	167	0
1527853879.645633000	0.489123	127	1
1527853879.646669000	0.490159	1412	0
1527853879.646944000	0.490434	1412	0
1527853879.647288000	0.490778	1412	0
1527853879.647357000	0.490847	188	0
1527853879.648050000	0.49154	1412	0
1527853879.648120000	0.49161	154	0
1527853879.648323000	0.491813	121	1
1527853879.649530000	0.49302	1412	0
1527853879.649667000	0.493157	1412	0
1527853879.649966000	0.493456	1412	0
1527853879.650031000	0.493521	188	0
1527853879.650169000	0.493659	792	0
1527853879.651690000	0.49518	1412	0
1527853879.652215000	0.495705	115	1
1527853879.652291000	0.495781	1412	0
1527853879.652421000	0.495911	1412	0
1527853879.652487000	0.495977	188	0
1527853879.652892000	0.496382	675	0
1527853879.652989000	0.496479	263	0
1527853879.655224000	0.498714	112	1
1527853880.028988000	0.872478	330	1
1527853880.029081000	0.872571	1412	1
1527853880.029118000	0.872608	918	1
1527853880.031206000	0.874696	218	1
1527853880.045717000	0.889207	87	0
1527853880.204335000	1.04782	373	0
1527853880.207495000	1.05098	80	0
1527853880.226059000	1.06955	103	1
1527853880.233011000	1.0765	100	1
1527853880.237717000	1.08121	373	0
1527853880.240271000	1.08376	100	1
1527853880.333234000	1.17672	217	1
1527853880.348925000	1.19241	87	0
1527853880.405338000	1.24883	326	0
1527853880.405733000	1.24922	1412	0
1527853880.405858000	1.24935	1412	0
1527853880.406321000	1.24981	1412	0
1527853880.406388000	1.24988	180	0
1527853880.407948000	1.25144	1412	0
1527853880.408274000	1.25176	1412	0
1527853880.408459000	1.25195	1071	0
1527853880.409258000	1.25275	92	0
1527853880.409310000	1.2528	124	1
1527853880.409785000	1.25327	315	0
1527853880.412289000	1.25578	103	1
1527853880.497711000	1.3412	390	0
1527853880.497824000	1.34131	1115	0
1527853880.500272000	1.34376	103	1
1527853880.500710000	1.3442	92	0
1527853880.500874000	1.34436	178	0
1527853880.503250000	1.34674	103	1
1527853880.758374000	1.60186	1412	1
1527853880.758412000	1.6019	208	1
1527853880.759073000	1.60256	451	1
1527853880.775970000	1.61946	87	0
1527853880.858401000	1.70189	218	1
1527853880.858477000	1.70197	145	1
1527853880.863950000	1.70744	156	1
1527853880.864034000	1.70752	191	1
1527853880.874610000	1.7181	87	0
1527853880.879913000	1.7234	87	0
1527853880.931304000	1.77479	1412	0
1527853880.931411000	1.7749	1412	0
1527853880.931697000	1.77519	1412	0
1527853880.931841000	1.77533	551	0
1527853880.931953000	1.77544	350	0
1527853880.934324000	1.77781	121	1
1527853880.938785000	1.78227	459	0
1527853880.941315000	1.7848	100	1
1527853880.972289000	1.81578	745	0
1527853880.972396000	1.81589	92	0
1527853880.972462000	1.81595	116	0
1527853880.975319000	1.81881	106	1
1527853881.167081000	2.01057	1330	1
1527853881.183893000	2.02738	87	0
1527853881.293360000	2.13685	1275	1
1527853881.310214000	2.1537	87	0
1527853881.348212000	2.1917	347	1
1527853881.365552000	2.20904	87	0
1527853881.385116000	2.22861	419	0
1527853881.385216000	2.22871	360	0
1527853881.385320000	2.22881	165	0
1527853881.388362000	2.23185	109	1
1527853881.477875000	2.32136	1412	1
1527853881.477918000	2.32141	1412	1
1527853881.477942000	2.32143	336	1
1527853881.478004000	2.32149	844	1
1527853881.481552000	2.32504	567	1
1527853881.482455000	2.32594	1085	0
1527853881.485351000	2.32884	100	1
1527853881.495663000	2.33915	87	0
1527853881.516006000	2.3595	440	0
1527853881.516113000	2.3596	137	0
1527853881.519336000	2.36283	106	1
1527853881.580545000	2.42403	249	0
1527853881.580776000	2.42427	1412	0
1527853881.580953000	2.42444	997	0
1527853881.583731000	2.42722	106	1
1527853881.597315000	2.4408	102	0
1527853881.597721000	2.44121	330	0
1527853881.603359000	2.44685	103	1
1527853882.391969000	3.23546	1412	1
1527853882.392023000	3.23551	212	1
1527853882.408708000	3.2522	87	0
1527853882.542357000	3.38585	329	0
1527853882.542461000	3.38595	342	0
1527853882.545426000	3.38892	106	1
1527853883.847251000	4.69074	503	0
1527853883.847379000	4.69087	961	0
1527853883.847796000	4.69129	101	0
1527853883.850530000	4.69402	106	1
1527853884.904856000	5.74835	294	0
1527853884.904974000	5.74846	1412	0
1527853884.905156000	5.74865	1412	0
1527853884.905269000	5.74876	1412	0
1527853884.905346000	5.74884	188	0
1527853884.905472000	5.74896	235	0
1527853884.907622000	5.75111	115	1
1527853884.967244000	5.81073	338	1
1527853884.967341000	5.81083	1412	1
1527853884.967378000	5.81087	1412	1
1527853884.967406000	5.8109	968	1
1527853884.984146000	5.82764	87	0
1527853885.082110000	5.9256	462	0
1527853885.084543000	5.92803	103	1
1527853885.085627000	5.92912	80	0
1527853885.088519000	5.93201	100	1
1527853885.135700000	5.97919	334	1
1527853885.135782000	5.97927	1412	1
1527853885.135806000	5.9793	991	1
1527853885.149620000	5.99311	225	1
1527853885.149728000	5.99322	1412	1
1527853885.149767000	5.99326	1412	1
1527853885.149796000	5.99329	1412	1
1527853885.149833000	5.99332	1412	1
1527853885.149868000	5.99336	1412	1
1527853885.149904000	5.99339	1412	1
1527853885.149939000	5.99343	1412	1
1527853885.149973000	5.99346	1412	1
1527853885.150009000	5.9935	1412	1
1527853885.150046000	5.99354	1412	1
1527853885.150079000	5.99357	1412	1
1527853885.150115000	5.9936	1412	1
1527853885.150136000	5.99363	545	1
1527853885.152350000	5.99584	87	0
1527853885.153407000	5.9969	102	1
1527853885.160342000	6.00383	166	1
1527853885.169682000	6.01317	87	0
1527853885.169794000	6.01328	104	0
1527853885.172547000	6.01604	106	1
1527853885.177253000	6.02074	87	0
1527853885.375908000	6.2194	701	0
1527853885.376048000	6.21954	306	0
1527853885.376130000	6.21962	149	0
1527853885.380652000	6.22414	109	1
1527853885.380869000	6.22436	102	1
1527853885.386802000	6.23029	254	1
1527853885.396637000	6.24013	87	0
1527853885.408206000	6.2517	87	0
1527853885.469075000	6.31256	374	0
1527853885.471587000	6.31508	106	1
1527853885.471611000	6.3151	80	0
1527853885.474554000	6.31804	100	1
1527853885.639971000	6.48346	857	0
1527853885.640079000	6.48357	1412	0
1527853885.640196000	6.48369	1412	0
1527853885.640421000	6.48391	1412	0
1527853885.640509000	6.484	180	0
1527853885.640708000	6.4842	1412	0
1527853885.640911000	6.4844	1356	0
1527853885.641027000	6.48452	1412	0
1527853885.641216000	6.48471	1412	0
1527853885.641326000	6.48482	1412	0
1527853885.641396000	6.48489	188	0
1527853885.641672000	6.48516	127	1
1527853885.643267000	6.48676	84	0
1527853885.643539000	6.48703	1239	0
1527853885.644698000	6.48819	106	1
1527853885.648704000	6.49219	1412	0
1527853885.648961000	6.49245	1412	0
1527853885.649072000	6.49256	1412	0
1527853885.649141000	6.49263	188	0
1527853885.649312000	6.4928	1412	0
1527853885.649997000	6.49349	741	0
1527853885.651597000	6.49509	115	1
1527853885.674879000	6.51837	1412	0
1527853885.675423000	6.51891	1412	0
1527853885.675537000	6.51903	1412	0
1527853885.675603000	6.51909	198	0
1527853885.675743000	6.51923	785	0
1527853885.678081000	6.52157	1412	0
1527853885.678318000	6.52181	1412	0
1527853885.678635000	6.52212	1412	0
1527853885.678710000	6.5222	188	0
1527853885.678836000	6.52233	980	0
1527853885.679599000	6.52309	1412	0
1527853885.679916000	6.52341	1412	0
1527853885.680231000	6.52372	1412	0
1527853885.680304000	6.52379	188	0
1527853885.680803000	6.52429	84	0
1527853885.681025000	6.52451	1412	0
1527853885.681120000	6.52461	188	0
1527853885.681825000	6.52531	127	1
1527853885.684294000	6.52778	1412	0
1527853885.684416000	6.52791	1412	0
1527853885.684528000	6.52802	1412	0
1527853885.684604000	6.52809	188	0
1527853885.684739000	6.52823	1199	0
1527853885.685043000	6.52853	118	1
1527853885.687176000	6.53067	1412	0
1527853885.687398000	6.53089	1412	0
1527853885.687673000	6.53116	118	1
1527853885.687689000	6.53118	1412	0
1527853885.687774000	6.53126	188	0
1527853885.687922000	6.53141	977	0
1527853885.688663000	6.53215	1412	0
1527853885.688901000	6.53239	1276	0
1527853885.689021000	6.53251	744	0
1527853885.689947000	6.53344	1412	0
1527853885.690216000	6.53371	1327	0
1527853885.690573000	6.53406	121	1
1527853885.693145000	6.53663	1412	0
1527853885.693349000	6.53684	1412	0
1527853885.693416000	6.53691	339	0
1527853885.693541000	6.53703	102	0
1527853885.696097000	6.53959	109	1
1527853887.017075000	7.86056	310	1
1527853887.017164000	7.86065	145	1
1527853887.032919000	7.87641	87	0
1527853887.085742000	7.92923	1412	0
1527853887.085894000	7.92938	1412	0
1527853887.086211000	7.9297	1412	0
1527853887.086296000	7.92979	636	0
1527853887.086399000	7.92989	246	0
1527853887.088685000	7.93217	115	1
1527853888.229511000	9.073	982	1
1527853888.229601000	9.07309	295	1
1527853888.231722000	9.07521	304	1
1527853888.231799000	9.07529	1412	1
1527853888.231840000	9.07533	1412	1
1527853888.231892000	9.07538	1002	1
1527853888.246582000	9.09007	87	0
1527853888.249708000	9.0932	87	0
1527853888.271656000	9.11515	401	1
1527853888.293400000	9.13689	87	0
1527853888.381878000	9.22537	467	0
1527853888.385382000	9.22887	103	1
1527853888.389534000	9.23302	80	0
1527853888.392809000	9.2363	100	1
1527853888.410185000	9.25367	288	0
1527853888.410309000	9.2538	1400	0
1527853888.411232000	9.25472	513	0
1527853888.412457000	9.25595	592	0
1527853888.413729000	9.25722	635	0
1527853888.414926000	9.25842	467	0
1527853888.416569000	9.26006	103	1
1527853888.416756000	9.26025	697	0
1527853888.417700000	9.26119	484	0
1527853888.419554000	9.26304	835	0
1527853888.419942000	9.26343	118	1
1527853888.420984000	9.26447	649	0
1527853888.422788000	9.26628	519	0
1527853888.423729000	9.26722	103	1
1527853888.424517000	9.26801	439	0
1527853888.425929000	9.26942	701	0
1527853888.426714000	9.2702	103	1
1527853888.426904000	9.27039	616	0
1527853888.428271000	9.27176	278	0
1527853888.428390000	9.27188	558	0
1527853888.428471000	9.27196	103	0
1527853888.429171000	9.27266	654	0
1527853888.430612000	9.2741	583	0
1527853888.430720000	9.27421	689	0
1527853888.432466000	9.27596	211	0
1527853888.433971000	9.27746	109	1
1527853888.435378000	9.27887	102	0
1527853888.435801000	9.27929	253	0
1527853888.436739000	9.28023	115	1
1527853888.443091000	9.28658	1412	1
1527853888.443179000	9.28667	969	1
1527853888.443223000	9.28671	845	1
1527853888.461306000	9.3048	87	0
1527853888.482321000	9.32581	627	0
1527853888.482459000	9.32595	193	0
1527853888.484778000	9.32827	106	1
1527853889.081247000	9.92474	1412	1
1527853889.081287000	9.92478	284	1
1527853889.081349000	9.92484	95	1
1527853889.097939000	9.94143	87	0
1527853889.183183000	10.0267	242	0
1527853889.183289000	10.0268	366	0
1527853889.185794000	10.0293	106	1
1527853889.186265000	10.0298	125	0
1527853889.188766000	10.0323	100	1
1527853889.905779000	10.7493	475	1
1527853889.905859000	10.7493	110	1
1527853889.910823000	10.7543	304	1
1527853889.911914000	10.7554	478	1
1527853889.911950000	10.7554	88	1
1527853889.923707000	10.7672	87	0
1527853889.926512000	10.77	87	0
1527853890.055963000	10.8995	288	0
1527853890.056070000	10.8996	151	0
1527853890.058826000	10.9023	109	1
1527853890.059216000	10.9027	92	0
1527853890.059333000	10.9028	241	0
1527853890.061811000	10.9053	103	1
1527853890.072615000	10.9161	235	0
1527853890.072718000	10.9162	140	0
1527853890.075874000	10.9194	92	0
1527853890.075968000	10.9195	103	1
1527853890.075972000	10.9195	147	0
1527853890.078035000	10.9215	242	0
1527853890.078386000	10.9219	103	0
1527853890.078838000	10.9223	106	1
1527853890.081828000	10.9253	100	1
1527853890.085729000	10.9292	92	0
1527853890.086120000	10.9296	197	0
1527853890.088851000	10.9323	103	1
1527853890.480081000	11.3236	393	1
1527853890.480179000	11.3237	254	1
1527853890.496086000	11.3396	87	0
1527853891.093359000	11.9368	371	1
1527853891.093486000	11.937	1412	1
1527853891.093512000	11.937	1412	1
1527853891.093557000	11.937	1412	1
1527853891.093587000	11.9371	1412	1
1527853891.093624000	11.9371	1412	1
1527853891.093654000	11.9371	1412	1
1527853891.093694000	11.9372	1412	1
1527853891.093736000	11.9372	1412	1
1527853891.093778000	11.9373	1412	1
1527853891.093832000	11.9373	1412	1
1527853891.093879000	11.9374	1412	1
1527853891.093912000	11.9374	1412	1
1527853891.093950000	11.9374	1412	1
1527853891.093992000	11.9375	1412	1
1527853891.094041000	11.9375	1412	1
1527853891.094066000	11.9376	1412	1
1527853891.094108000	11.9376	1412	1
1527853891.094142000	11.9376	1412	1
1527853891.094180000	11.9377	1412	1
1527853891.094222000	11.9377	1412	1
1527853891.095963000	11.9395	1412	1
1527853891.096027000	11.9395	1412	1
1527853891.096092000	11.9396	1412	1
1527853891.096154000	11.9396	1412	1
1527853891.096180000	11.9397	1412	1
1527853891.096220000	11.9397	1412	1
1527853891.096250000	11.9397	1412	1
1527853891.096287000	11.9398	1412	1
1527853891.096321000	11.9398	1412	1
1527853891.096369000	11.9399	1412	1
1527853891.096416000	11.9399	1412	1
1527853891.096441000	11.9399	1412	1
1527853891.096481000	11.94	1412	1
1527853891.096502000	11.94	808	1
1527853891.109368000	11.9529	87	0
1527853891.109484000	11.953	100	0
1527853891.110428000	11.9539	87	0
1527853891.111977000	11.9555	109	1
1527853891.113417000	11.9569	87	0
1527853891.117042000	11.9605	87	0
1527853891.232654000	12.0761	399	0
1527853891.235944000	12.0794	106	1
1527853891.238280000	12.0818	80	0
1527853891.238393000	12.0819	281	0
1527853891.238492000	12.082	146	0
1527853891.240947000	12.0844	106	1
1527853891.241613000	12.0851	92	0
1527853891.241777000	12.0853	103	0
1527853891.244943000	12.0884	103	1
1527853891.302147000	12.1456	362	1
1527853891.304299000	12.1478	296	1
1527853891.318380000	12.1619	87	0
1527853891.329145000	12.1726	377	1
1527853891.344402000	12.1879	87	0
1527853891.437042000	12.2805	345	1
1527853891.437123000	12.2806	451	1
1527853891.453342000	12.2968	87	0
1527853891.462003000	12.3055	325	0
1527853891.462106000	12.3056	118	0
1527853891.464963000	12.3085	106	1
1527853891.465302000	12.3088	92	0
1527853891.465640000	12.3091	191	0
1527853891.467939000	12.3114	103	1
1527853891.477545000	12.321	235	0
1527853891.477641000	12.3211	279	0
1527853891.479905000	12.3234	103	1
1527853891.484205000	12.3277	102	0
1527853891.485345000	12.3288	89	0
1527853891.486895000	12.3304	103	1
1527853891.546825000	12.3903	564	0
1527853891.546931000	12.3904	798	0
1527853891.549928000	12.3934	103	1
1527853891.550054000	12.3935	91	0
1527853891.550995000	12.3945	280	0
1527853891.553066000	12.3966	103	1
1527853891.578637000	12.4221	1202	1
1527853891.595509000	12.439	85	0
1527853891.619093000	12.4626	282	0
1527853891.619197000	12.4627	145	0
1527853891.621904000	12.4654	106	1
1527853891.622675000	12.4662	91	0
1527853891.622794000	12.4663	247	0
1527853891.624892000	12.4684	103	1
1527853891.708140000	12.5516	898	0
1527853891.708261000	12.5518	320	0
1527853891.710937000	12.5544	103	1
1527853891.722564000	12.5661	1198	1
1527853891.738721000	12.5822	85	0
1527853891.781066000	12.6246	720	1
1527853891.781156000	12.6246	254	1
1527853891.798332000	12.6418	87	0
1527853891.859982000	12.7035	574	0
1527853891.863038000	12.7065	106	1
1527853891.957276000	12.8008	267	0
1527853891.957386000	12.8009	146	0
1527853891.960015000	12.8035	103	1
1527853891.961290000	12.8048	92	0
1527853891.961377000	12.8049	230	0
1527853891.963998000	12.8075	103	1
1527853892.214123000	13.0576	394	1
1527853892.214188000	13.0577	254	1
1527853892.230650000	13.0741	87	0
1527853892.235312000	13.0788	87	0
1527853892.385789000	13.2293	254	0
1527853892.385907000	13.2294	146	0
1527853892.389040000	13.2325	109	1
1527853892.389837000	13.2333	92	0
1527853892.391491000	13.235	203	0
1527853892.393030000	13.2365	103	1
1527853892.663393000	13.5069	392	1
1527853892.663480000	13.507	256	1
1527853892.680706000	13.5242	87	0
1527853892.832569000	13.6761	235	0
1527853892.832683000	13.6762	146	0
1527853892.833825000	13.6773	92	0
1527853892.834329000	13.6778	235	0
1527853892.835055000	13.6785	112	1
1527853893.115398000	13.9589	391	1
1527853893.115457000	13.9589	256	1
1527853893.132276000	13.9758	87	0
1527853893.289075000	14.1326	256	0
1527853893.289186000	14.1327	146	0
1527853893.289258000	14.1327	92	0
1527853893.289343000	14.1328	230	0
1527853893.292101000	14.1356	112	1
1527853893.566736000	14.4102	392	1
1527853893.566821000	14.4103	259	1
1527853893.582695000	14.4262	87	0
1527853893.718853000	14.5623	349	0
1527853893.718958000	14.5624	146	0
1527853893.722060000	14.5655	106	1
1527853893.722914000	14.5664	92	0
1527853893.723183000	14.5667	225	0
1527853893.726075000	14.5696	103	1
1527853893.779690000	14.6232	393	1
1527853893.779775000	14.6233	258	1
1527853893.795282000	14.6388	87	0
1527853893.938322000	14.7818	235	0
1527853893.938427000	14.7819	146	0
1527853893.941015000	14.7845	92	0
1527853893.941064000	14.7846	106	1
1527853893.941115000	14.7846	280	0
1527853893.944112000	14.7876	103	1
1527853894.208950000	15.0524	391	1
1527853894.209041000	15.0525	254	1
1527853894.224652000	15.0681	87	0
1527853894.405574000	15.2491	256	0
1527853894.405677000	15.2492	148	0
1527853894.408146000	15.2516	106	1
1527853894.409700000	15.2532	92	0
1527853894.409792000	15.2533	299	0
1527853894.412140000	15.2556	103	1
1527853894.887685000	15.7312	390	1
1527853894.887751000	15.7312	258	1
1527853894.904546000	15.748	87	0
1527853894.996392000	15.8399	235	0
1527853894.996482000	15.84	148	0
1527853894.999148000	15.8426	92	0
1527853894.999203000	15.8427	106	1
1527853894.999638000	15.8431	136	0
1527853895.002178000	15.8457	103	1
1527853895.609811000	16.4533	391	1
1527853895.609872000	16.4534	258	1
1527853895.626019000	16.4695	87	0
1527853895.738258000	16.5817	256	0
1527853895.738360000	16.5818	148	0
1527853895.741164000	16.5847	106	1
1527853895.742017000	16.5855	92	0
1527853895.742332000	16.5858	249	0
1527853895.745234000	16.5887	103	1
1527853895.897794000	16.7413	437	1
1527853895.897861000	16.7414	259	1
1527853895.914313000	16.7578	87	0
1527853896.000136000	16.8436	232	0
1527853896.000288000	16.8438	148	0
1527853896.003179000	16.8467	106	1
1527853896.003761000	16.8473	92	0
1527853896.003867000	16.8474	297	0
1527853896.006176000	16.8497	103	1
1527853896.417543000	17.261	392	1
1527853896.417604000	17.2611	257	1
1527853896.435331000	17.2788	87	0
1527853896.705442000	17.5489	309	0
1527853896.705572000	17.5491	148	0
1527853896.708285000	17.5518	106	1
1527853896.708734000	17.5522	92	0
1527853896.708828000	17.5523	154	0
1527853896.711273000	17.5548	103	1
1527853896.847631000	17.6911	421	1
1527853896.847722000	17.6912	260	1
1527853896.864848000	17.7083	87	0
1527853896.964312000	17.8078	235	0
1527853896.964423000	17.8079	148	0
1527853896.966731000	17.8102	92	0
1527853896.966866000	17.8104	212	0
1527853896.967343000	17.8108	112	1
1527853897.169861000	18.0134	1116	1
1527853897.169922000	18.0134	257	1
1527853897.186048000	18.0295	87	0
1527853897.190847000	18.0343	87	0
1527853897.348228000	18.1917	423	0
1527853897.348326000	18.1918	148	0
1527853897.351272000	18.1948	109	1
1527853897.351802000	18.1953	92	0
1527853897.351986000	18.1955	149	0
1527853897.354247000	18.1977	103	1
1527853897.748666000	18.5922	787	1
1527853897.748755000	18.5922	257	1
1527853897.765304000	18.6088	87	0
1527853897.769929000	18.6134	87	0
1527853897.915636000	18.7591	236	0
1527853897.915757000	18.7592	148	0
1527853897.918314000	18.7618	109	1
1527853897.923314000	18.7668	92	0
1527853897.923412000	18.7669	275	0
1527853897.926357000	18.7698	103	1
1527853898.108874000	18.9524	392	1
1527853898.108971000	18.9525	258	1
1527853898.125561000	18.9691	87	0
1527853898.269666000	19.1132	290	0
1527853898.269751000	19.1132	148	0
1527853898.272306000	19.1158	106	1
1527853898.272894000	19.1164	92	0
1527853898.273014000	19.1165	235	0
1527853898.275361000	19.1189	103	1
1527853898.527330000	19.3708	390	1
1527853898.527412000	19.3709	260	1
1527853898.544944000	19.3884	87	0
1527853898.686552000	19.53	236	0
1527853898.686650000	19.5301	148	0
1527853898.689310000	19.5328	106	1
1527853898.690564000	19.5341	92	0
1527853898.690682000	19.5342	172	0
1527853898.693310000	19.5368	103	1
1527853898.866981000	19.7105	395	1
1527853898.867067000	19.7106	259	1
1527853898.883726000	19.7272	87	0
1527853899.035385000	19.8789	233	0
1527853899.035484000	19.879	148	0
1527853899.038362000	19.8819	106	1
1527853899.039086000	19.8826	92	0
1527853899.039166000	19.8827	142	0
1527853899.041344000	19.8848	103	1
1527853899.326907000	20.1704	389	1
1527853899.327001000	20.1705	260	1
1527853899.342894000	20.1864	87	0
1527853899.495263000	20.3388	255	0
1527853899.495815000	20.3393	148	0
1527853899.497990000	20.3415	92	0
1527853899.498446000	20.3419	109	1
1527853899.500185000	20.3437	175	0
1527853899.502432000	20.3459	100	1
1527853899.732449000	20.5759	393	1
1527853899.732524000	20.576	261	1
1527853899.748522000	20.592	87	0
1527853899.900676000	20.7442	351	0
1527853899.900786000	20.7443	148	0
1527853899.903470000	20.747	106	1
1527853899.903980000	20.7475	92	0
1527853899.904280000	20.7478	90	0
1527853899.906454000	20.7499	103	1
1527853900.146645000	20.9901	390	1
1527853900.146714000	20.9902	257	1
1527853900.162650000	21.0061	87	0
1527853900.312726000	21.1562	256	0
1527853900.312841000	21.1563	148	0
1527853900.315495000	21.159	106	1
1527853900.316690000	21.1602	92	0
1527853900.316811000	21.1603	317	0
1527853900.319485000	21.163	103	1
1527853900.547760000	21.3912	389	1
1527853900.547855000	21.3913	261	1
1527853900.564277000	21.4078	87	0
1527853900.713352000	21.5568	235	0
1527853900.713468000	21.557	148	0
1527853900.714919000	21.5584	92	0
1527853900.715012000	21.5585	217	0
1527853900.716534000	21.56	112	1
1527853901.915514000	22.759	441	1
1527853901.915588000	22.7591	258	1
1527853901.930786000	22.7743	87	0
1527853902.087541000	22.931	258	0
1527853902.087656000	22.9311	148	0
1527853902.090571000	22.9341	106	1
1527853902.090589000	22.9341	92	0
1527853902.090978000	22.9345	180	0
1527853902.093560000	22.937	103	1
1527853902.133450000	22.9769	395	1
1527853902.133535000	22.977	264	1
1527853902.150375000	22.9939	87	0
1527853902.302376000	23.1459	255	0
1527853902.302490000	23.146	148	0
1527853902.305528000	23.149	106	1
1527853902.305983000	23.1495	92	0
1527853902.306102000	23.1496	335	0
1527853902.308503000	23.152	103	1
1527853902.354693000	23.1982	419	1
1527853902.354780000	23.1983	265	1
1527853902.371857000	23.2153	87	0
1527853902.491468000	23.335	235	0
1527853902.491569000	23.3351	148	0
1527853902.494335000	23.3378	92	0
1527853902.494445000	23.3379	267	0
1527853902.494541000	23.338	109	1
1527853902.497583000	23.3411	100	1
1527853902.628156000	23.4716	1120	1
1527853902.628232000	23.4717	260	1
1527853902.644813000	23.4883	87	0
1527853902.736196000	23.5797	283	0
1527853902.736299000	23.5798	148	0
1527853902.738575000	23.5821	106	1
1527853902.738942000	23.5824	92	0
1527853902.739034000	23.5825	243	0
1527853902.741555000	23.585	103	1
1527853903.048588000	23.8921	791	1
1527853903.048671000	23.8922	262	1
1527853903.066950000	23.9104	87	0
1527853903.215622000	24.0591	236	0
1527853903.215728000	24.0592	148	0
1527853903.218571000	24.0621	106	1
1527853903.218925000	24.0624	92	0
1527853903.219044000	24.0625	313	0
1527853903.221558000	24.065	103	1
1527853903.486570000	24.3301	395	1
1527853903.486622000	24.3301	271	1
1527853903.503534000	24.347	87	0
1527853903.623994000	24.4675	421	0
1527853903.624121000	24.4676	148	0
1527853903.626632000	24.4701	106	1
1527853903.627157000	24.4706	92	0
1527853903.627440000	24.4709	133	0
1527853903.629641000	24.4731	103	1
1527853903.935651000	24.7791	394	1
1527853903.935744000	24.7792	274	1
1527853903.952880000	24.7964	87	0
1527853904.051283000	24.8948	233	0
1527853904.051386000	24.8949	148	0
1527853904.053631000	24.8971	106	1
1527853904.054451000	24.8979	92	0
1527853904.054567000	24.8981	154	0
1527853904.057693000	24.9012	103	1
1527853904.179904000	25.0234	390	1
1527853904.179995000	25.0235	261	1
1527853904.196340000	25.0398	87	0
1527853904.312065000	25.1556	290	0
1527853904.312169000	25.1557	148	0
1527853904.314639000	25.1581	106	1
1527853904.315254000	25.1587	92	0
1527853904.315633000	25.1591	115	0
1527853904.317635000	25.1611	103	1
1527853904.451237000	25.2947	395	1
1527853904.451344000	25.2948	267	1
1527853904.467069000	25.3106	87	0
1527853904.631045000	25.4745	233	0
1527853904.631153000	25.4746	148	0
1527853904.633471000	25.477	92	0
1527853904.633725000	25.4772	109	1
1527853904.633935000	25.4774	215	0
1527853904.636685000	25.4802	100	1
1527853904.793875000	25.6374	393	1
1527853904.793948000	25.6374	268	1
1527853904.810130000	25.6536	87	0
1527853904.911301000	25.7548	233	0
1527853904.911409000	25.7549	148	0
1527853904.913667000	25.7572	106	1
1527853904.914095000	25.7576	92	0
1527853904.914209000	25.7577	139	0
1527853904.916681000	25.7602	103	1
1527853905.007894000	25.8514	389	1
1527853905.007979000	25.8515	268	1
1527853905.023407000	25.8669	87	0
1527853905.166609000	26.0101	235	0
1527853905.166845000	26.0103	148	0
1527853905.169702000	26.0132	106	1
1527853905.170179000	26.0137	92	0
1527853905.170292000	26.0138	207	0
1527853905.172684000	26.0162	103	1
1527853905.245759000	26.0892	437	1
1527853905.245845000	26.0893	265	1
1527853905.273753000	26.1172	437	1
1527853905.279245000	26.1227	87	0
1527853905.290411000	26.1339	87	0
1527853905.446536000	26.29	374	0
1527853905.446734000	26.2902	148	0
1527853905.447747000	26.2912	92	0
1527853905.448270000	26.2918	279	0
1527853905.449813000	26.2933	115	1
1527853905.474944000	26.3184	394	1
1527853905.475006000	26.3185	263	1
1527853905.490989000	26.3345	87	0
1527853905.692929000	26.5364	233	0
1527853905.693036000	26.5365	148	0
1527853905.695749000	26.5392	106	1
1527853905.696710000	26.5402	92	0
1527853905.697030000	26.5405	187	0
1527853905.699758000	26.5432	103	1
1527853905.902102000	26.7456	415	1
1527853905.902178000	26.7457	271	1
1527853905.917931000	26.7614	87	0
1527853906.075180000	26.9187	233	0
1527853906.075291000	26.9188	148	0
1527853906.077774000	26.9213	106	1
1527853906.078959000	26.9224	92	0
1527853906.079383000	26.9229	232	0
1527853906.081736000	26.9252	103	1
1527853906.315404000	27.1589	1118	1
1527853906.315489000	27.159	279	1
1527853906.331806000	27.1753	87	0
1527853906.421179000	27.2647	254	0
1527853906.421287000	27.2648	148	0
1527853906.423764000	27.2673	106	1
1527853906.424571000	27.2681	92	0
1527853906.424670000	27.2682	103	0
1527853906.427772000	27.2713	103	1
1527853906.765093000	27.6086	400	1
1527853906.765226000	27.6087	263	1
1527853906.783646000	27.6271	87	0
1527853906.920772000	27.7643	236	0
1527853906.921029000	27.7645	148	0
1527853906.923780000	27.7673	106	1
1527853906.924885000	27.7684	92	0
1527853906.925256000	27.7687	283	0
1527853906.927784000	27.7713	103	1
1527853906.995306000	27.8388	776	1
1527853906.995395000	27.8389	268	1
1527853907.012257000	27.8557	87	0
1527853907.152424000	27.9959	235	0
1527853907.152522000	27.996	148	0
1527853907.154561000	27.9981	92	0
1527853907.154644000	27.9981	130	0
1527853907.154818000	27.9983	112	1
1527853907.210948000	28.0544	393	1
1527853907.211013000	28.0545	258	1
1527853907.237056000	28.0805	87	0
1527853907.237214000	28.0807	87	0
1527853907.378791000	28.2223	308	0
1527853907.378900000	28.2224	148	0
1527853907.380595000	28.2241	92	0
1527853907.381079000	28.2246	125	0
1527853907.381814000	28.2253	115	1
1527853908.862744000	29.7062	395	1
1527853908.862839000	29.7063	257	1
1527853908.879089000	29.7226	87	0
1527853909.035804000	29.8793	256	0
1527853909.035920000	29.8794	148	0
1527853909.039007000	29.8825	92	0
1527853909.039254000	29.8827	109	1
1527853909.039451000	29.8829	159	0
1527853909.042189000	29.8857	100	1
1527853909.432268000	30.2758	389	1
1527853909.432333000	30.2758	257	1
1527853909.448040000	30.2915	87	0
1527853909.614097000	30.4576	423	0
1527853909.614177000	30.4577	148	0
1527853909.617160000	30.4606	106	1
1527853909.618134000	30.4616	92	0
1527853909.618245000	30.4617	265	0
1527853909.621137000	30.4646	103	1
1527853909.851542000	30.695	390	1
1527853909.851606000	30.6951	257	1
1527853909.870020000	30.7135	87	0
1527853909.978705000	30.8222	232	0
1527853909.978819000	30.8223	148	0
1527853909.981171000	30.8247	106	1
1527853909.981771000	30.8253	92	0
1527853909.982168000	30.8257	265	0
1527853909.984158000	30.8276	103	1
1527853910.150730000	30.9942	393	1
1527853910.150817000	30.9943	261	1
1527853910.166699000	31.0102	87	0
1527853910.303426000	31.1469	290	0
1527853910.303548000	31.147	148	0
1527853910.306265000	31.1498	106	1
1527853910.307855000	31.1513	92	0
1527853910.307940000	31.1514	331	0
1527853910.310256000	31.1537	103	1
1527853910.580502000	31.424	390	1
1527853910.580595000	31.4241	263	1
1527853910.596713000	31.4402	87	0
1527853910.757992000	31.6015	235	0
1527853910.758154000	31.6016	148	0
1527853910.761303000	31.6048	106	1
1527853910.761478000	31.605	92	0
1527853910.761570000	31.6051	174	0
1527853910.764270000	31.6078	103	1
1527853911.101400000	31.9449	440	1
1527853911.101487000	31.945	260	1
1527853911.115202000	31.9587	100	0
1527853911.117554000	31.961	87	0
1527853911.118294000	31.9618	103	1
1527853911.201470000	32.045	235	0
1527853911.201570000	32.0451	148	0
1527853911.203909000	32.0474	92	0
1527853911.204012000	32.0475	263	0
1527853911.204433000	32.0479	109	1
1527853911.468101000	32.3116	391	1
1527853911.468172000	32.3117	258	1
1527853911.484128000	32.3276	87	0
1527853911.628748000	32.4722	259	0
1527853911.628860000	32.4723	148	0
1527853911.631275000	32.4748	106	1
1527853911.632155000	32.4756	92	0
1527853911.632253000	32.4757	100	0
1527853911.635275000	32.4788	103	1
1527853911.719506000	32.563	417	1
1527853911.719597000	32.5631	257	1
1527853911.736818000	32.5803	87	0
1527853911.898045000	32.7415	351	0
1527853911.898140000	32.7416	148	0
1527853911.900835000	32.7443	92	0
1527853911.901254000	32.7447	102	0
1527853911.901301000	32.7448	109	1
1527853911.904333000	32.7478	100	1
1527853915.445314000	36.2888	1117	1
1527853915.445403000	36.2889	260	1
1527853915.462112000	36.3056	87	0
1527853915.646134000	36.4896	256	0
1527853915.646243000	36.4897	148	0
1527853915.648876000	36.4924	106	1
1527853915.649989000	36.4935	92	0
1527853915.650104000	36.4936	323	0
1527853915.652893000	36.4964	103	1
1527853915.725923000	36.5694	402	1
1527853915.726012000	36.5695	260	1
1527853915.742394000	36.5859	87	0
1527853915.892868000	36.7364	233	0
1527853915.892972000	36.7365	148	0
1527853915.895920000	36.7394	92	0
1527853915.896017000	36.7395	106	1
1527853915.896032000	36.7395	96	0
1527853915.898966000	36.7425	103	1
1527853915.948958000	36.7924	774	1
1527853915.949022000	36.7925	258	1
1527853915.964921000	36.8084	87	0
1527853916.106466000	36.95	236	0
1527853916.106571000	36.9501	148	0
1527853916.108983000	36.9525	106	1
1527853916.109479000	36.953	92	0
1527853916.109570000	36.9531	96	0
1527853916.111963000	36.9555	103	1
1527853916.615541000	37.459	395	1
1527853916.615608000	37.4591	259	1
1527853916.631963000	37.4755	87	0
1527853916.769898000	37.6134	259	0
1527853916.770009000	37.6135	148	0
1527853916.772808000	37.6163	92	0
1527853916.772920000	37.6164	330	0
1527853916.773120000	37.6166	112	1
1527853917.464478000	38.308	395	1
1527853917.464541000	38.308	264	1
1527853917.481204000	38.3247	87	0
1527853917.644304000	38.4878	258	0
1527853917.644423000	38.4879	148	0
1527853917.647069000	38.4906	106	1
1527853917.648367000	38.4919	92	0
1527853917.648453000	38.4919	138	0
1527853917.651078000	38.4946	103	1
1527853917.686529000	38.53	393	1
1527853917.686614000	38.5301	258	1
1527853917.703034000	38.5465	87	0
1527853917.858560000	38.702	285	0
1527853917.858651000	38.7021	148	0
1527853917.861075000	38.7046	106	1
1527853917.861810000	38.7053	92	0
1527853917.861898000	38.7054	155	0
1527853917.865063000	38.7086	103	1
1527853918.256538000	39.1	391	1
1527853918.256601000	39.1001	258	1
1527853918.272558000	39.116	87	0
1527853918.373182000	39.2167	256	0
1527853918.373294000	39.2168	148	0
1527853918.376105000	39.2196	106	1
1527853918.376543000	39.22	92	0
1527853918.376637000	39.2201	146	0
1527853918.379086000	39.2226	103	1
1527853918.515187000	39.3587	390	1
1527853918.515250000	39.3587	259	1
1527853918.531525000	39.375	87	0
1527853918.696679000	39.5402	398	0
1527853918.696802000	39.5403	148	0
1527853918.700126000	39.5436	106	1
1527853918.700812000	39.5443	92	0
1527853918.700908000	39.5444	241	0
1527853918.704106000	39.5476	103	1
1527853919.208502000	40.052	389	1
1527853919.208560000	40.052	258	1
1527853919.225796000	40.0693	87	0
1527853919.400826000	40.2443	255	0
1527853919.400949000	40.2444	148	0
1527853919.401999000	40.2455	92	0
1527853919.402114000	40.2456	224	0
1527853919.404164000	40.2477	112	1
1527853919.498463000	40.342	439	1
1527853919.498634000	40.3421	260	1
1527853919.517202000	40.3607	87	0
1527853919.670184000	40.5137	267	0
1527853919.670284000	40.5138	148	0
1527853919.673112000	40.5166	106	1
1527853919.673543000	40.517	92	0
1527853919.673870000	40.5174	215	0
1527853919.676100000	40.5196	103	1
1527853919.956569000	40.8001	390	1
1527853919.956633000	40.8001	264	1
1527853919.972652000	40.8161	87	0
1527853920.125182000	40.9687	233	0
1527853920.125296000	40.9688	148	0
1527853920.128090000	40.9716	92	0
1527853920.128132000	40.9716	106	1
1527853920.128557000	40.972	328	0
1527853920.131119000	40.9746	103	1
1527853920.429911000	41.2734	420	1
1527853920.429988000	41.2735	263	1
1527853920.447514000	41.291	87	0
1527853920.526793000	41.3703	258	0
1527853920.526897000	41.3704	148	0
1527853920.529153000	41.3726	106	1
1527853920.529747000	41.3732	92	0
1527853920.529866000	41.3734	306	0
1527853920.532153000	41.3756	103	1
1527853920.857227000	41.7007	1117	1
1527853920.857305000	41.7008	258	1
1527853920.873501000	41.717	87	0
1527853920.976175000	41.8197	235	0
1527853920.976277000	41.8198	148	0
1527853920.979195000	41.8227	106	1
1527853920.984259000	41.8277	92	0
1527853920.984354000	41.8278	116	0
1527853920.987194000	41.8307	103	1
1527853921.258444000	42.1019	403	1
1527853921.258517000	42.102	260	1
1527853921.274737000	42.1182	87	0
1527853921.442071000	42.2856	372	0
1527853921.442169000	42.2857	148	0
1527853921.445236000	42.2887	92	0
1527853921.445327000	42.2888	106	1
1527853921.445339000	42.2888	135	0
1527853921.448284000	42.2918	103	1
1527853921.778586000	42.6221	775	1
1527853921.778647000	42.6221	258	1
1527853921.794566000	42.6381	87	0
1527853921.951496000	42.795	235	0
1527853921.951601000	42.7951	148	0
1527853921.954229000	42.7977	106	1
1527853921.954320000	42.7978	92	0
1527853921.954787000	42.7983	333	0
1527853921.957223000	42.8007	103	1
1527853922.108813000	42.9523	394	1
1527853922.108879000	42.9524	261	1
1527853922.125068000	42.9686	87	0
1527853922.281297000	43.1248	258	0
1527853922.281411000	43.1249	148	0
1527853922.284265000	43.1278	106	1
1527853922.284389000	43.1279	92	0
1527853922.284475000	43.128	339	0
1527853922.287315000	43.1308	103	1
1527853922.511515000	43.355	391	1
1527853922.511580000	43.3551	258	1
1527853922.529300000	43.3728	87	0
1527853922.774816000	43.6183	235	0
1527853922.774933000	43.6184	148	0
1527853922.777362000	43.6209	106	1
1527853922.778659000	43.6221	92	0
1527853922.778746000	43.6222	232	0
1527853922.781363000	43.6249	103	1
1527853922.948718000	43.7922	394	1
1527853922.948793000	43.7923	262	1
1527853922.964964000	43.8085	87	0
1527853923.072031000	43.9155	233	0
1527853923.072133000	43.9156	148	0
1527853923.075181000	43.9187	92	0
1527853923.075272000	43.9188	320	0
1527853923.075456000	43.9189	112	1
1527853923.338720000	44.1822	394	1
1527853923.338786000	44.1823	257	1
1527853923.355676000	44.1992	87	0
1527853923.446775000	44.2903	256	0
1527853923.446900000	44.2904	148	0
1527853923.449400000	44.2929	106	1
1527853923.449956000	44.2934	92	0
1527853923.450345000	44.2938	279	0
1527853923.452378000	44.2959	103	1
1527853923.758722000	44.6022	389	1
1527853923.758812000	44.6023	263	1
1527853923.777765000	44.6213	87	0
1527853923.782749000	44.6262	87	0
1527853923.891143000	44.7346	283	0
1527853923.891261000	44.7348	148	0
1527853923.894318000	44.7378	92	0
1527853923.894379000	44.7379	109	1
1527853923.894402000	44.7379	316	0
1527853923.897402000	44.7409	103	1
1527853924.769959000	45.6134	389	1
1527853924.770024000	45.6135	257	1
1527853924.785713000	45.6292	87	0
1527853924.914144000	45.7576	256	0
1527853924.914248000	45.7577	148	0
1527853924.916949000	45.7604	92	0
1527853924.917057000	45.7605	276	0
1527853924.917440000	45.7609	112	1
1527853925.088692000	45.9322	440	1
1527853925.088753000	45.9322	259	1
1527853925.105426000	45.9489	87	0
1527853925.197829000	46.0413	400	0
1527853925.197942000	46.0414	148	0
1527853925.200425000	46.0439	106	1
1527853925.200868000	46.0444	92	0
1527853925.200977000	46.0445	163	0
1527853925.203436000	46.0469	103	1
1527853925.589223000	46.4327	390	1
1527853925.589300000	46.4328	261	1
1527853925.605593000	46.4491	87	0
1527853925.745837000	46.5893	258	0
1527853925.745946000	46.5894	148	0
1527853925.748520000	46.592	106	1
1527853925.749443000	46.5929	92	0
1527853925.749837000	46.5933	116	0
1527853925.752517000	46.596	103	1
1527853925.801054000	46.6445	420	1
1527853925.801145000	46.6446	258	1
1527853925.817564000	46.6611	87	0
1527853925.822490000	46.666	87	0
1527853925.960710000	46.8042	265	0
1527853925.960816000	46.8043	148	0
1527853925.963518000	46.807	109	1
1527853925.964045000	46.8075	92	0
1527853925.964489000	46.808	210	0
1527853925.966532000	46.81	103	1
1527853926.081234000	46.9247	1115	1
1527853926.081336000	46.9248	262	1
1527853926.097463000	46.941	87	0
1527853926.263463000	47.107	256	0
1527853926.263570000	47.1071	148	0
1527853926.266563000	47.1101	106	1
1527853926.267126000	47.1106	92	0
1527853926.267217000	47.1107	131	0
1527853926.269537000	47.113	103	1
1527853926.622865000	47.4664	402	1
1527853926.622931000	47.4664	258	1
1527853926.639067000	47.4826	87	0
1527853926.719229000	47.5627	233	0
1527853926.719330000	47.5628	148	0
1527853926.722529000	47.566	106	1
1527853926.723007000	47.5665	92	0
1527853926.723116000	47.5666	104	0
1527853926.725517000	47.569	103	1
1527853926.933046000	47.7765	774	1
1527853926.933136000	47.7766	257	1
1527853926.949201000	47.7927	87	0
1527853927.061153000	47.9046	233	0
1527853927.061266000	47.9048	148	0
1527853927.064599000	47.9081	106	1
1527853927.065911000	47.9094	92	0
1527853927.066034000	47.9095	220	0
1527853927.068586000	47.9121	103	1
1527853928.136097000	48.9796	390	1
1527853928.136164000	48.9797	262	1
1527853928.152655000	48.9961	87	0
1527853928.248717000	49.0922	374	0
1527853928.248796000	49.0923	148	0
1527853928.251456000	49.0949	106	1
1527853928.252053000	49.0955	92	0
1527853928.252414000	49.0959	235	0
1527853928.254445000	49.0979	103	1
1527853928.813773000	49.6573	391	1
1527853928.813867000	49.6574	257	1
1527853928.830596000	49.6741	87	0
1527853928.984810000	49.8283	232	0
1527853928.984968000	49.8285	148	0
1527853928.987498000	49.831	106	1
1527853928.988400000	49.8319	92	0
1527853928.988477000	49.832	299	0
1527853928.991485000	49.835	103	1
1527853929.425993000	50.2695	389	1
1527853929.426059000	50.2695	258	1
1527853929.441550000	50.285	87	0
1527853929.607828000	50.4513	255	0
1527853929.607927000	50.4514	148	0
1527853929.610539000	50.454	106	1
1527853929.611147000	50.4546	92	0
1527853929.611556000	50.455	257	0
1527853929.613535000	50.457	103	1
1527853929.685933000	50.5294	389	1
1527853929.686008000	50.5295	258	1
1527853929.702464000	50.546	87	0
1527853929.801389000	50.6449	235	0
1527853929.801496000	50.645	148	0
1527853929.803959000	50.6474	92	0
1527853929.804368000	50.6479	230	0
1527853929.804591000	50.6481	112	1
1527853929.915810000	50.7593	393	1
1527853929.915886000	50.7594	260	1
1527853929.931651000	50.7751	87	0
1527853930.019147000	50.8626	233	0
1527853930.019267000	50.8628	148	0
1527853930.022322000	50.8658	92	0
1527853930.022423000	50.8659	307	0
1527853930.022598000	50.8661	112	1
1527853930.553795000	51.3973	395	1
1527853930.553881000	51.3974	261	1
1527853930.570507000	51.414	87	0
1527853930.673558000	51.517	258	0
1527853930.673734000	51.5172	148	0
1527853930.675829000	51.5193	92	0
1527853930.676265000	51.5198	106	0
1527853930.676798000	51.5203	112	1
1527853931.073999000	51.9175	391	1
1527853931.074091000	51.9176	261	1
1527853931.090734000	51.9342	87	0
1527853931.179103000	52.0226	283	0
1527853931.179266000	52.0228	148	0
1527853931.181627000	52.0251	106	1
1527853931.182243000	52.0257	92	0
1527853931.182360000	52.0258	237	0
1527853931.184589000	52.0281	103	1
1527853931.363820000	52.2073	440	1
1527853931.363881000	52.2074	257	1
1527853931.380177000	52.2237	87	0
1527853931.483957000	52.3274	255	0
1527853931.484061000	52.3276	148	0
1527853931.486599000	52.3301	106	1
1527853931.488330000	52.3318	92	0
1527853931.488880000	52.3324	113	0
1527853931.490585000	52.3341	103	1
1527853931.804845000	52.6483	418	1
1527853931.804936000	52.6484	259	1
1527853931.820708000	52.6642	87	0
1527853931.985566000	52.8291	400	0
1527853931.985830000	52.8293	148	0
1527853931.988621000	52.8321	106	1
1527853931.989284000	52.8328	92	0
1527853931.991596000	52.8351	100	1
1527853931.992858000	52.8363	151	0
1527853931.995626000	52.8391	100	1
1527853932.584528000	53.428	1116	1
1527853932.584618000	53.4281	260	1
1527853932.600723000	53.4442	87	0
1527853932.696226000	53.5397	256	0
1527853932.696409000	53.5399	148	0
1527853932.698696000	53.5422	106	1
1527853932.699496000	53.543	92	0
1527853932.699583000	53.5431	310	0
1527853932.702664000	53.5462	103	1
1527853933.014804000	53.8583	402	1
1527853933.014869000	53.8584	257	1
1527853933.031143000	53.8746	87	0
1527853933.122701000	53.9662	265	0
1527853933.122796000	53.9663	148	0
1527853933.125696000	53.9692	106	1
1527853933.126013000	53.9695	92	0
1527853933.126437000	53.9699	181	0
1527853933.128687000	53.9722	103	1
1527853933.504969000	54.3485	778	1
1527853933.505032000	54.3485	258	1
1527853933.520603000	54.3641	87	0
1527853933.662869000	54.5064	256	0
1527853933.662996000	54.5065	148	0
1527853933.665613000	54.5091	92	0
1527853933.665743000	54.5092	106	1
1527853933.666110000	54.5096	322	0
1527853933.668774000	54.5123	103	1
1527853933.745966000	54.5895	390	1
1527853933.746058000	54.5895	260	1
1527853933.763030000	54.6065	87	0
1527853933.856946000	54.7004	232	0
1527853933.857073000	54.7006	148	0
1527853933.859783000	54.7033	106	1
1527853933.860579000	54.7041	92	0
1527853933.863782000	54.7073	100	1
1527853933.892311000	54.7358	236	0
1527853933.894739000	54.7382	100	1
1527853934.025030000	54.8685	389	1
1527853934.025123000	54.8686	258	1
1527853934.041712000	54.8852	87	0
1527853934.217180000	55.0607	235	0
1527853934.217537000	55.061	148	0
1527853934.219818000	55.0633	106	1
1527853934.225460000	55.0689	92	0
1527853934.225952000	55.0694	321	0
1527853934.227788000	55.0713	103	1
1527853934.323993000	55.1675	390	1
1527853934.324058000	55.1675	257	1
1527853934.339962000	55.1835	87	0
1527853934.455213000	55.2987	375	0
1527853934.455339000	55.2988	148	0
1527853934.457817000	55.3013	106	1
1527853934.459637000	55.3031	92	0
1527853934.459718000	55.3032	336	0
1527853934.462800000	55.3063	103	1
1527853934.564960000	55.4084	391	1
1527853934.565047000	55.4085	260	1
1527853934.581332000	55.4248	87	0
1527853934.659185000	55.5027	233	0
1527853934.659279000	55.5028	148	0
1527853934.661554000	55.505	92	0
1527853934.661804000	55.5053	109	1
1527853934.662209000	55.5057	261	0
1527853934.664812000	55.5083	100	1
1527853934.915354000	55.7588	390	1
1527853934.915428000	55.7589	257	1
1527853934.933178000	55.7767	87	0
1527853935.010175000	55.8537	235	0
1527853935.010273000	55.8538	148	0
1527853935.012843000	55.8563	106	1
1527853935.013782000	55.8573	92	0
1527853935.013870000	55.8574	336	0
1527853935.016833000	55.8603	103	1
1527853935.325158000	56.1686	391	1
1527853935.325223000	56.1687	258	1
1527853935.341842000	56.1853	87	0
1527853935.423649000	56.2671	255	0
1527853935.423847000	56.2673	148	0
1527853935.426784000	56.2703	106	1
1527853935.427945000	56.2714	92	0
1527853935.428062000	56.2716	332	0
1527853935.430787000	56.2743	103	1
1527853935.636098000	56.4796	393	1
1527853935.636190000	56.4797	261	1
1527853935.651725000	56.4952	87	0
1527853935.740551000	56.584	233	0
1527853935.740646000	56.5841	148	0
1527853935.743819000	56.5873	106	1
1527853935.743933000	56.5874	92	0
1527853935.744313000	56.5878	86	0
1527853935.746812000	56.5903	103	1
1527853936.075366000	56.9189	390	1
1527853936.075431000	56.9189	258	1
1527853936.091121000	56.9346	87	0
1527853936.170885000	57.0144	233	0
1527853936.171048000	57.0145	148	0
1527853936.173929000	57.0174	106	1
1527853936.173961000	57.0175	92	0
1527853936.174497000	57.018	251	0
1527853936.176910000	57.0204	103	1
1527853936.525080000	57.3686	440	1
1527853936.525176000	57.3687	257	1
1527853936.541834000	57.3853	87	0
1527853936.621895000	57.4654	305	0
1527853936.621991000	57.4655	148	0
1527853936.624896000	57.4684	92	0
1527853936.624966000	57.4685	106	1
1527853936.625470000	57.469	206	0
1527853936.627925000	57.4714	103	1
1527853937.356480000	58.2	418	1
1527853937.356545000	58.2	260	1
1527853937.373263000	58.2168	87	0
1527853937.572211000	58.4157	258	0
1527853937.572324000	58.4158	148	0
1527853937.574996000	58.4185	106	1
1527853937.575513000	58.419	92	0
1527853937.575600000	58.4191	292	0
1527853937.577981000	58.4215	103	1
1527853937.605120000	58.4486	1117	1
1527853937.605185000	58.4487	257	1
1527853937.621281000	58.4648	87	0
1527853937.725975000	58.5695	398	0
1527853937.726093000	58.5696	148	0
1527853937.729020000	58.5725	106	1
1527853937.736806000	58.5803	92	0
1527853937.737263000	58.5808	254	0
1527853937.739990000	58.5835	103	1
1527853937.875189000	58.7187	789	1
1527853937.875280000	58.7188	258	1
1527853937.892087000	58.7356	87	0
1527853937.974479000	58.818	233	0
1527853937.974582000	58.8181	148	0
1527853937.977011000	58.8205	106	1
1527853937.978096000	58.8216	92	0
1527853937.978546000	58.822	247	0
1527853937.981001000	58.8245	103	1
1527853940.125210000	60.9687	389	1
1527853940.125306000	60.9688	260	1
1527853940.142026000	60.9855	87	0
1527853940.257533000	61.101	290	0
1527853940.257634000	61.1011	148	0
1527853940.260530000	61.104	106	1
1527853940.260730000	61.1042	92	0
1527853940.261144000	61.1046	139	0
1527853940.263518000	61.107	103	1
1527853941.741661000	62.5852	391	1
1527853941.741755000	62.5852	261	1
1527853941.757568000	62.6011	87	0
1527853941.849337000	62.6928	256	0
1527853941.849436000	62.6929	148	0
1527853941.852117000	62.6956	92	0
1527853941.852520000	62.696	290	0
1527853941.852614000	62.6961	109	1
1527853941.855585000	62.6991	100	1
1527853942.410879000	63.2544	394	1
1527853942.410973000	63.2545	262	1
1527853942.428034000	63.2715	87	0
1527853942.511799000	63.3553	255	0
1527853942.511894000	63.3554	148	0
1527853942.514570000	63.3581	92	0
1527853942.514651000	63.3581	106	1
1527853942.515031000	63.3585	252	0
1527853942.517603000	63.3611	103	1
1527853942.763106000	63.6066	391	1
1527853942.763173000	63.6067	259	1
1527853942.781678000	63.6252	87	0
1527853942.948576000	63.7921	235	0
1527853942.948693000	63.7922	148	0
1527853942.951643000	63.7951	106	1
1527853942.952726000	63.7962	92	0
1527853942.953510000	63.797	185	0
1527853942.955626000	63.7991	103	1
1527853943.060702000	63.9042	390	1
1527853943.060769000	63.9043	259	1
1527853943.076476000	63.92	87	0
1527853943.082141000	63.9256	87	0
1527853943.253011000	64.0965	372	0
1527853943.253128000	64.0966	148	0
1527853943.255661000	64.0992	109	1
1527853943.261199000	64.1047	92	0
1527853943.262699000	64.1062	124	0
1527853943.263624000	64.1071	103	1
1527853943.623087000	64.4666	394	1
1527853943.623171000	64.4667	263	1
1527853943.639036000	64.4825	87	0
1527853943.741364000	64.5849	233	0
1527853943.742000000	64.5855	148	0
1527853943.744095000	64.5876	92	0
1527853943.744609000	64.5881	245	0
1527853943.744694000	64.5882	109	1
1527853943.747759000	64.5912	100	1
1527853944.002055000	64.8455	389	1
1527853944.002150000	64.8456	259	1
1527853944.018972000	64.8625	87	0
1527853944.112394000	64.9559	233	0
1527853944.112509000	64.956	148	0
1527853944.115611000	64.9591	92	0
1527853944.115723000	64.9592	106	1
1527853944.116140000	64.9596	289	0
1527853944.118698000	64.9622	103	1
1527853944.273892000	65.1174	389	1
1527853944.273991000	65.1175	260	1
1527853944.290101000	65.1336	87	0
1527853944.294957000	65.1384	87	0
1527853944.386491000	65.23	256	0
1527853944.386595000	65.2301	148	0
1527853944.389198000	65.2327	92	0
1527853944.389286000	65.2328	255	0
1527853944.389714000	65.2332	115	1
1527853944.792017000	65.6355	441	1
1527853944.792116000	65.6356	261	1
1527853944.810754000	65.6542	87	0
1527853944.919951000	65.7634	235	0
1527853944.920102000	65.7636	148	0
1527853944.922881000	65.7664	106	1
1527853944.923634000	65.7671	92	0
1527853944.923712000	65.7672	205	0
1527853944.926793000	65.7703	103	1
1527853945.066168000	65.9097	416	1
1527853945.066246000	65.9097	261	1
1527853945.082166000	65.9257	87	0
1527853945.170079000	66.0136	233	0
1527853945.170266000	66.0138	148	0
1527853945.172837000	66.0163	106	1
1527853945.174122000	66.0176	92	0
1527853945.174223000	66.0177	227	0
1527853945.176814000	66.0203	103	1
1527853945.736671000	66.5802	1116	1
1527853945.736737000	66.5802	263	1
1527853945.754464000	66.598	87	0
1527853945.854976000	66.6985	304	0
1527853945.855100000	66.6986	148	0
1527853945.857865000	66.7014	106	1
1527853945.859243000	66.7027	92	0
1527853945.859337000	66.7028	197	0
1527853945.861800000	66.7053	103	1
1527853946.025412000	66.8689	788	1
1527853946.025476000	66.869	260	1
1527853946.041995000	66.8855	87	0
1527853946.144241000	66.9877	233	0
1527853946.144351000	66.9878	148	0
1527853946.146876000	66.9904	106	1
1527853946.148324000	66.9918	92	0
1527853946.148410000	66.9919	339	0
1527853946.150886000	66.9944	103	1
1527853946.620851000	67.4643	389	1
1527853946.620926000	67.4644	263	1
1527853946.636728000	67.4802	87	0
1527853946.724863000	67.5684	423	0
1527853946.724987000	67.5685	148	0
1527853946.727884000	67.5714	92	0
1527853946.727929000	67.5714	106	1
1527853946.728573000	67.5721	156	0
1527853946.730917000	67.5744	103	1
1527853946.842228000	67.6857	390	1
1527853946.842322000	67.6858	260	1
1527853946.865565000	67.7091	87	0
1527853946.959863000	67.8034	235	0
1527853946.959968000	67.8035	148	0
1527853946.962644000	67.8061	92	0
1527853946.962867000	67.8064	109	1
1527853946.963316000	67.8068	155	0
1527853946.965912000	67.8094	100	1
1527853947.090081000	67.9336	390	1
1527853947.090150000	67.9336	259	1
1527853947.107360000	67.9508	87	0
1527853947.111634000	67.9551	87	0
1527853947.199319000	68.0428	265	0
1527853947.199428000	68.0429	148	0
1527853947.201873000	68.0454	109	1
1527853947.202565000	68.0461	92	0
1527853947.202683000	68.0462	178	0
1527853947.204942000	68.0484	103	1
1527853947.393140000	68.2366	389	1
1527853947.393206000	68.2367	260	1
1527853947.409650000	68.2531	87	0
1527853947.420569000	68.2641	87	0
1527853947.496450000	68.3399	258	0
1527853947.496560000	68.34	148	0
1527853947.498896000	68.3424	109	1
1527853947.500604000	68.3441	92	0
1527853947.500698000	68.3442	269	0
1527853947.502863000	68.3464	103	1
1527853947.872681000	68.7162	390	1
1527853947.872762000	68.7163	260	1
1527853947.889349000	68.7328	87	0
1527853947.987271000	68.8308	235	0
1527853947.987823000	68.8313	148	0
1527853947.989922000	68.8334	106	1
1527853947.990504000	68.834	92	0
1527853947.990931000	68.8344	239	0
1527853947.992982000	68.8365	103	1
1527853948.084038000	68.9275	371	1
1527853948.084141000	68.9276	1412	1
1527853948.084178000	68.9277	1412	1
1527853948.084207000	68.9277	1385	1
1527853948.092497000	68.936	327	1
1527853948.092577000	68.9361	263	1
1527853948.102106000	68.9456	87	0
1527853948.108871000	68.9524	87	0
1527853948.180805000	69.0243	389	0
1527853948.184009000	69.0275	106	1
1527853948.189584000	69.0331	80	0
1527853948.191986000	69.0355	100	1
1527853948.231841000	69.0753	359	0
1527853948.231938000	69.0754	148	0
1527853948.234983000	69.0785	103	1
1527853948.235565000	69.0791	92	0
1527853948.235947000	69.0794	248	0
1527853948.237978000	69.0815	103	1
1527853948.344317000	69.1878	389	1
1527853948.344384000	69.1879	261	1
1527853948.360378000	69.2039	87	0
1527853948.494851000	69.3383	259	0
1527853948.494945000	69.3384	148	0
1527853948.498003000	69.3415	106	1
1527853948.498250000	69.3417	92	0
1527853948.498485000	69.342	87	0
1527853948.500993000	69.3445	103	1
1527853948.833347000	69.6768	396	1
1527853948.833436000	69.6769	262	1
1527853948.851291000	69.6948	87	0
1527853948.955967000	69.7995	235	0
1527853948.956076000	69.7996	148	0
1527853948.958958000	69.8024	106	1
1527853948.965124000	69.8086	92	0
1527853948.965223000	69.8087	286	0
1527853948.967971000	69.8115	103	1
1527853949.164349000	70.0078	441	1
1527853949.164441000	70.0079	261	1
1527853949.181426000	70.0249	87	0
1527853949.287300000	70.1308	256	0
1527853949.287416000	70.1309	148	0
1527853949.290057000	70.1335	106	1
1527853949.290916000	70.1344	92	0
1527853949.291006000	70.1345	186	0
1527853949.294037000	70.1375	103	1
1527853949.661410000	70.5049	416	1
1527853949.661472000	70.505	262	1
1527853949.677453000	70.5209	87	0
1527853949.787810000	70.6313	235	0
1527853949.787919000	70.6314	148	0
1527853949.790570000	70.6341	92	0
1527853949.791003000	70.6345	109	1
1527853949.791016000	70.6345	96	0
1527853949.794054000	70.6375	100	1
1527853949.911291000	70.7548	1116	1
1527853949.911382000	70.7549	261	1
1527853949.928554000	70.772	87	0
1527853950.036588000	70.8801	235	0
1527853950.036696000	70.8802	148	0
1527853950.039769000	70.8833	92	0
1527853950.040026000	70.8835	109	1
1527853950.040272000	70.8838	331	0
1527853950.043093000	70.8866	100	1
1527853950.201693000	71.0452	792	1
1527853950.201785000	71.0453	266	1
1527853950.218560000	71.062	87	0
1527853950.316566000	71.1601	308	0
1527853950.316671000	71.1602	148	0
1527853950.318529000	71.162	92	0
1527853950.318965000	71.1625	90	0
1527853950.319053000	71.1625	109	1
1527853950.322095000	71.1656	100	1
1527853950.893505000	71.737	391	1
1527853950.893579000	71.7371	261	1
1527853950.911621000	71.7551	87	0
1527853951.004978000	71.8485	235	0
1527853951.005075000	71.8486	148	0
1527853951.007889000	71.8514	92	0
1527853951.008142000	71.8516	109	1
1527853951.008358000	71.8518	231	0
1527853951.011155000	71.8546	100	1
1527853951.085385000	71.9289	372	1
1527853951.085483000	71.929	1412	1
1527853951.085508000	71.929	1412	1
1527853951.085536000	71.929	1412	1
1527853951.085570000	71.9291	1412	1
1527853951.085604000	71.9291	1412	1
1527853951.085656000	71.9291	1412	1
1527853951.085680000	71.9292	1412	1
1527853951.085715000	71.9292	1412	1
1527853951.085749000	71.9292	1412	1
1527853951.085785000	71.9293	1412	1
1527853951.085821000	71.9293	1412	1
1527853951.085855000	71.9293	1412	1
1527853951.085891000	71.9294	1412	1
1527853951.085911000	71.9294	165	1
1527853951.101934000	71.9454	87	0
1527853951.108070000	71.9516	87	0
1527853951.117151000	71.9606	1412	1
1527853951.126067000	71.9696	87	0
1527853951.134231000	71.9777	87	0
1527853951.208672000	72.0522	491	0
1527853951.211163000	72.0547	112	1
1527853951.213251000	72.0567	80	0
1527853951.216082000	72.0596	100	1
1527853951.461051000	72.3045	309	1
1527853951.477383000	72.3209	87	0
1527853951.553773000	72.3973	323	1
1527853951.553847000	72.3973	263	1
1527853951.571213000	72.4147	87	0
1527853951.586279000	72.4298	477	0
1527853951.586567000	72.4301	1412	0
1527853951.586745000	72.4302	995	0
1527853951.588792000	72.4323	92	0
1527853951.589093000	72.4326	115	1
1527853951.589475000	72.433	327	0
1527853951.592094000	72.4356	100	1
1527853951.651802000	72.4953	297	0
1527853951.651904000	72.4954	148	0
1527853951.655122000	72.4986	103	1
1527853951.661238000	72.5047	92	0
1527853951.662212000	72.5057	177	0
1527853951.664101000	72.5076	103	1
1527853951.762942000	72.6064	235	1
1527853951.779522000	72.623	87	0
1527853951.793308000	72.6368	323	1
1527853951.793384000	72.6369	261	1
1527853951.810235000	72.6537	87	0
1527853951.898295000	72.7418	233	0
1527853951.898399000	72.7419	148	0
1527853951.901111000	72.7446	109	1
1527853951.902000000	72.7455	92	0
1527853951.902120000	72.7456	226	0
1527853951.905094000	72.7486	103	1
1527853952.150948000	72.9944	264	0
1527853952.151105000	72.9946	1412	0
1527853952.151280000	72.9948	996	0
1527853952.153336000	72.9968	92	0
1527853952.153437000	72.9969	122	0
1527853952.154128000	72.9976	112	1
1527853952.462699000	73.3062	390	1
1527853952.462794000	73.3063	262	1
1527853952.479195000	73.3227	87	0
1527853952.610139000	73.4536	349	0
1527853952.610255000	73.4537	148	0
1527853952.613242000	73.4567	106	1
1527853952.613844000	73.4573	92	0
1527853952.613935000	73.4574	319	0
1527853952.616240000	73.4597	103	1
1527853952.710397000	73.5539	393	1
1527853952.710493000	73.554	260	1
1527853952.727166000	73.5707	87	0
1527853952.824561000	73.6681	235	0
1527853952.824660000	73.6681	148	0
1527853952.827249000	73.6707	106	1
1527853952.827930000	73.6714	92	0
1527853952.828731000	73.6722	314	0
1527853952.830260000	73.6737	103	1
1527853953.090495000	73.934	390	1
1527853953.090581000	73.9341	261	1
1527853953.107342000	73.9508	87	0
1527853953.196228000	74.0397	233	0
1527853953.196336000	74.0398	148	0
1527853953.199278000	74.0428	106	1
1527853953.201209000	74.0447	92	0
1527853953.201297000	74.0448	181	0
1527853953.204263000	74.0478	103	1
1527853954.383899000	75.2274	440	1
1527853954.383995000	75.2275	259	1
1527853954.400289000	75.2438	87	0
1527853954.511772000	75.3553	256	0
1527853954.511888000	75.3554	148	0
1527853954.514347000	75.3578	106	1
1527853954.516092000	75.3596	92	0
1527853954.516192000	75.3597	265	0
1527853954.519343000	75.3628	103	1
1527853954.592660000	75.4361	416	1
1527853954.592752000	75.4362	260	1
1527853954.609516000	75.453	87	0
1527853954.705973000	75.5495	231	0
1527853954.706092000	75.5496	148	0
1527853954.709320000	75.5528	106	1
1527853954.714664000	75.5582	92	0
1527853954.715067000	75.5586	247	0
1527853954.717316000	75.5608	103	1
1527853954.963278000	75.8068	1118	1
1527853954.963666000	75.8072	261	1
1527853954.980431000	75.8239	87	0
1527853955.058117000	75.9016	285	0
1527853955.058205000	75.9017	148	0
1527853955.061395000	75.9049	106	1
1527853955.062217000	75.9057	92	0
1527853955.062310000	75.9058	271	0
1527853955.065375000	75.9089	103	1
1527853955.505859000	76.3493	787	1
1527853955.505950000	76.3494	259	1
1527853955.522863000	76.3664	87	0
1527853955.620384000	76.4639	256	0
1527853955.620502000	76.464	148	0
1527853955.623420000	76.4669	106	1
1527853955.624482000	76.468	92	0
1527853955.624574000	76.4681	292	0
1527853955.627403000	76.4709	103	1
1527853955.775783000	76.6193	393	1
1527853955.775845000	76.6193	263	1
1527853955.792187000	76.6357	87	0
1527853955.896514000	76.74	236	0
1527853955.896640000	76.7401	148	0
1527853955.899434000	76.7429	106	1
1527853955.900492000	76.744	92	0
1527853955.900938000	76.7444	247	0
1527853955.903416000	76.7469	103	1
1527853956.065850000	76.9093	391	1
1527853956.065912000	76.9094	261	1
1527853956.082659000	76.9261	87	0
1527853956.189620000	77.0331	352	0
1527853956.189718000	77.0332	148	0
1527853956.192373000	77.0359	106	1
1527853956.192471000	77.036	92	0
1527853956.192936000	77.0364	284	0
1527853956.195370000	77.0389	103	1
1527853956.398752000	77.2422	389	1
1527853956.398817000	77.2423	259	1
1527853956.415255000	77.2587	87	0
1527853956.418392000	77.2619	87	0
1527853956.517052000	77.3605	256	0
1527853956.517161000	77.3607	148	0
1527853956.520465000	77.364	109	1
1527853956.520566000	77.3641	92	0
1527853956.520654000	77.3641	332	0
1527853956.523450000	77.3669	103	1
1527853956.845863000	77.6894	390	1
1527853956.845923000	77.6894	260	1
1527853956.864194000	77.7077	87	0
1527853956.971191000	77.8147	233	0
1527853956.971316000	77.8148	148	0
1527853956.974492000	77.818	106	1
1527853956.975645000	77.8191	92	0
1527853956.975733000	77.8192	287	0
1527853956.978475000	77.822	103	1
1527853957.266665000	78.1102	393	1
1527853957.266755000	78.1102	264	1
1527853957.282621000	78.1261	87	0
1527853957.377245000	78.2207	282	0
1527853957.377357000	78.2208	148	0
1527853957.380462000	78.224	92	0
1527853957.380582000	78.2241	106	1
1527853957.380942000	78.2244	207	0
1527853957.383503000	78.227	103	1
1527853957.774584000	78.6181	390	1
1527853957.774657000	78.6181	261	1
1527853957.790977000	78.6345	87	0
1527853958.010007000	78.8535	287	0
1527853958.010121000	78.8536	148	0
1527853958.012483000	78.856	106	1
1527853958.014040000	78.8575	92	0
1527853958.014158000	78.8576	151	0
1527853958.016485000	78.86	103	1
1527853958.199987000	79.0435	390	1
1527853958.200078000	79.0436	264	1
1527853958.215863000	79.0594	87	0
1527853958.313540000	79.157	278	0
1527853958.313662000	79.1572	148	0
1527853958.316577000	79.1601	106	1
1527853958.316776000	79.1603	92	0
1527853958.316866000	79.1604	85	0
1527853958.319556000	79.163	103	1
1527853958.648893000	79.4924	389	1
1527853958.648951000	79.4924	264	1
1527853958.666020000	79.5095	87	0
1527853958.810118000	79.6536	328	0
1527853958.810250000	79.6537	148	0
1527853958.812591000	79.6561	106	1
1527853958.814280000	79.6578	92	0
1527853958.814402000	79.6579	141	0
1527853958.817587000	79.6611	103	1
1527853959.071769000	79.9153	390	1
1527853959.071823000	79.9153	261	1
1527853959.088033000	79.9315	87	0
1527853959.178827000	80.0223	232	0
1527853959.178917000	80.0224	148	0
1527853959.181608000	80.0251	106	1
1527853959.184010000	80.0275	92	0
1527853959.184102000	80.0276	293	0
1527853959.186584000	80.0301	103	1
1527853959.892129000	80.7356	465	1
1527853959.892209000	80.7357	259	1
1527853959.907845000	80.7513	87	0
1527853960.002158000	80.8456	256	0
1527853960.002274000	80.8458	148	0
1527853960.004583000	80.8481	106	1
1527853960.006635000	80.8501	92	0
1527853960.006738000	80.8502	217	0
1527853960.009592000	80.8531	103	1
1527853960.132069000	80.9756	1119	1
1527853960.132129000	80.9756	260	1
1527853960.150559000	80.994	87	0
1527853960.234925000	81.0784	233	0
1527853960.235493000	81.079	148	0
1527853960.237570000	81.0811	92	0
1527853960.237644000	81.0811	106	1
1527853960.238101000	81.0816	178	0
1527853960.240600000	81.0841	103	1
1527853960.541897000	81.3854	791	1
1527853960.541974000	81.3855	262	1
1527853960.557810000	81.4013	87	0
1527853960.649839000	81.4933	258	0
1527853960.649964000	81.4935	148	0
1527853960.652650000	81.4961	106	1
1527853960.653510000	81.497	92	0
1527853960.653602000	81.4971	110	0
1527853960.656635000	81.5001	103	1
1527853960.801877000	81.6454	391	1
1527853960.801939000	81.6454	259	1
1527853960.819312000	81.6628	87	0
1527853960.918166000	81.7617	285	0
1527853960.918350000	81.7618	148	0
1527853960.920679000	81.7642	106	1
1527853960.921781000	81.7653	92	0
1527853960.923123000	81.7666	126	0
1527853960.924665000	81.7682	103	1
1527853962.408601000	83.2521	390	1
1527853962.408691000	83.2522	264	1
1527853962.425496000	83.269	87	0
1527853962.530386000	83.3739	255	0
1527853962.530496000	83.374	148	0
1527853962.533424000	83.3769	106	1
1527853962.534418000	83.3779	92	0
1527853962.534505000	83.378	123	0
1527853962.537392000	83.3809	103	1
1527853962.624008000	83.4675	389	1
1527853962.624068000	83.4676	260	1
1527853962.640370000	83.4839	87	0
1527853962.783530000	83.627	233	0
1527853962.783650000	83.6271	148	0
1527853962.786422000	83.6299	106	1
1527853962.789986000	83.6335	92	0
1527853962.790088000	83.6336	146	0
1527853962.792418000	83.6359	103	1
1527853962.876457000	83.7199	390	1
1527853962.876523000	83.72	260	1
1527853962.892570000	83.7361	87	0
1527853962.986908000	83.8304	352	0
1527853962.987009000	83.8305	148	0
1527853962.989373000	83.8329	106	1
1527853962.989484000	83.833	92	0
1527853962.989582000	83.8331	120	0
1527853962.992347000	83.8358	103	1
1527853963.124979000	83.9685	389	1
1527853963.125075000	83.9686	262	1
1527853963.152368000	83.9959	389	1
1527853963.152853000	83.9963	87	0
1527853963.168866000	84.0124	87	0
1527853963.245946000	84.0894	237	0
1527853963.246061000	84.0896	148	0
1527853963.246132000	84.0896	92	0
1527853963.246240000	84.0897	224	0
1527853963.249402000	84.0929	115	1
1527853963.435831000	84.2793	392	1
1527853963.435926000	84.2794	259	1
1527853963.451738000	84.2952	87	0
1527853963.559419000	84.4029	256	0
1527853963.559526000	84.403	148	0
1527853963.562064000	84.4056	92	0
1527853963.562156000	84.4056	95	0
1527853963.562598000	84.4061	112	1
1527853964.586407000	85.4299	394	1
1527853964.586503000	85.43	261	1
1527853964.602351000	85.4458	87	0
1527853964.683053000	85.5265	280	0
1527853964.683161000	85.5267	148	0
1527853964.685926000	85.5294	106	1
1527853964.687912000	85.5314	92	0
1527853964.688005000	85.5315	229	0
1527853964.690906000	85.5344	103	1
1527853964.842214000	85.6857	390	1
1527853964.842303000	85.6858	260	1
1527853964.863894000	85.7074	87	0
1527853964.971884000	85.8154	289	0
1527853964.971989000	85.8155	148	0
1527853964.974935000	85.8184	106	1
1527853964.975193000	85.8187	92	0
1527853964.975281000	85.8188	134	0
1527853964.977921000	85.8214	103	1
1527853965.362114000	86.2056	390	1
1527853965.362179000	86.2057	259	1
1527853965.379510000	86.223	87	0
1527853965.456557000	86.3	278	0
1527853965.456671000	86.3002	148	0
1527853965.459965000	86.3035	106	1
1527853965.460411000	86.3039	92	0
1527853965.460498000	86.304	102	0
1527853965.462959000	86.3064	103	1
1527853965.624346000	86.4678	389	1
1527853965.624410000	86.4679	261	1
1527853965.640488000	86.484	87	0
1527853965.721776000	86.5653	326	0
1527853965.721885000	86.5654	148	0
1527853965.724555000	86.568	92	0
1527853965.724641000	86.5681	142	0
1527853965.725063000	86.5686	112	1
1527853965.977640000	86.8211	463	1
1527853965.977697000	86.8212	261	1
1527853965.994600000	86.8381	87	0
1527853965.999575000	86.8431	87	0
1527853966.076673000	86.9202	233	0
1527853966.076775000	86.9203	148	0
1527853966.080022000	86.9235	109	1
1527853966.080569000	86.9241	92	0
1527853966.080957000	86.9244	147	0
1527853966.082922000	86.9264	103	1
1527853966.275215000	87.1187	1119	1
1527853966.275285000	87.1188	260	1
1527853966.291796000	87.1353	87	0
1527853966.381221000	87.2247	258	0
1527853966.381332000	87.2248	148	0
1527853966.384013000	87.2275	106	1
1527853966.384934000	87.2284	92	0
1527853966.385023000	87.2285	235	0
1527853966.388001000	87.2315	103	1
1527853966.615272000	87.4588	791	1
1527853966.615337000	87.4588	263	1
1527853966.631728000	87.4752	87	0
1527853966.737816000	87.5813	235	0
1527853966.737919000	87.5814	148	0
1527853966.740562000	87.5841	92	0
1527853966.741034000	87.5845	109	1
1527853966.743059000	87.5865	270	0
1527853966.746024000	87.5895	100	1
1527853966.995353000	87.8388	390	1
1527853966.995450000	87.8389	260	1
1527853967.011375000	87.8549	87	0
1527853967.088795000	87.9323	236	0
1527853967.089009000	87.9325	148	0
1527853967.091471000	87.935	92	0
1527853967.092014000	87.9355	317	0
1527853967.092082000	87.9356	109	1
1527853967.095040000	87.9385	100	1
1527853967.328865000	88.1724	396	1
1527853967.328942000	88.1724	264	1
1527853967.345156000	88.1886	87	0
1527853967.475682000	88.3192	308	0
1527853967.475783000	88.3193	148	0
1527853967.477721000	88.3212	92	0
1527853967.477989000	88.3215	109	1
1527853967.478109000	88.3216	143	0
1527853967.480980000	88.3245	100	1
1527853967.550234000	88.3937	390	1
1527853967.550307000	88.3938	260	1
1527853967.566590000	88.4101	87	0
1527853967.655080000	88.4986	231	0
1527853967.655185000	88.4987	148	0
1527853967.658107000	88.5016	106	1
1527853967.658645000	88.5021	92	0
1527853967.658736000	88.5022	124	0
1527853967.661079000	88.5046	103	1
1527853967.843575000	88.6871	388	1
1527853967.843669000	88.6872	260	1
1527853967.860056000	88.7035	87	0
1527853967.957670000	88.8012	235	0
1527853967.957772000	88.8013	148	0
1527853967.960109000	88.8036	106	1
1527853967.961006000	88.8045	92	0
1527853967.961096000	88.8046	289	0
1527853967.964112000	88.8076	103	1
1527853968.292621000	89.1361	391	1
1527853968.292707000	89.1362	263	1
1527853968.308798000	89.1523	87	0
1527853968.409427000	89.2529	377	0
1527853968.409515000	89.253	148	0
1527853968.412073000	89.2556	106	1
1527853968.419522000	89.263	92	0
1527853968.419624000	89.2631	193	0
1527853968.422078000	89.2656	103	1
1527853968.993653000	89.8371	394	1
1527853968.993745000	89.8372	259	1
1527853969.010734000	89.8542	87	0
1527853969.093888000	89.9374	232	0
1527853969.094001000	89.9375	148	0
1527853969.097097000	89.9406	92	0
1527853969.097148000	89.9406	106	1
1527853969.097173000	89.9407	283	0
1527853969.100167000	89.9437	103	1
1527853969.244327000	90.0878	393	1
1527853969.244411000	90.0879	261	1
1527853969.260324000	90.1038	87	0
1527853969.359416000	90.2029	256	0
1527853969.359530000	90.203	148	0
1527853969.362186000	90.2057	106	1
1527853969.363501000	90.207	92	0
1527853969.363791000	90.2073	259	0
1527853969.366176000	90.2097	103	1
1527853969.483555000	90.327	390	1
1527853969.483646000	90.3271	260	1
1527853969.500197000	90.3437	87	0
1527853969.586359000	90.4298	257	0
1527853969.586464000	90.43	148	0
1527853969.589199000	90.4327	106	1
1527853969.591083000	90.4346	92	0
1527853969.591170000	90.4347	337	0
1527853969.594205000	90.4377	103	1
1527853969.693381000	90.5369	390	1
1527853969.693470000	90.537	260	1
1527853969.709588000	90.5531	87	0
1527853969.796971000	90.6405	289	0
1527853969.797054000	90.6405	148	0
1527853969.799294000	90.6428	92	0
1527853969.800131000	90.6436	109	1
1527853969.801307000	90.6448	324	0
1527853969.804205000	90.6477	100	1
1527853970.124679000	90.9682	468	1
1527853970.124771000	90.9683	265	1
1527853970.140784000	90.9843	87	0
1527853970.238061000	91.0816	281	0
1527853970.238176000	91.0817	148	0
1527853970.241238000	91.0847	106	1
1527853970.241765000	91.0853	92	0
1527853970.242147000	91.0856	189	0
1527853970.244225000	91.0877	103	1
1527853970.773597000	91.6171	1117	1
1527853970.773687000	91.6172	259	1
1527853970.790204000	91.6337	87	0
1527853970.865048000	91.7085	326	0
1527853970.865156000	91.7086	148	0
1527853970.868283000	91.7118	106	1
1527853970.868748000	91.7122	92	0
1527853970.868840000	91.7123	201	0
1527853970.871260000	91.7147	103	1
1527853971.922953000	92.7664	791	1
1527853971.923045000	92.7665	262	1
1527853971.940523000	92.784	87	0
1527853972.049897000	92.8934	258	0
1527853972.050004000	92.8935	148	0
1527853972.053312000	92.8968	106	1
1527853972.053864000	92.8974	92	0
1527853972.053968000	92.8975	225	0
1527853972.056262000	92.8998	103	1
1527853972.242609000	93.0861	391	1
1527853972.242702000	93.0862	261	1
1527853972.259304000	93.1028	87	0
1527853972.361451000	93.2049	256	0
1527853972.361568000	93.2051	148	0
1527853972.364367000	93.2079	106	1
1527853972.364555000	93.208	92	0
1527853972.364945000	93.2084	89	0
1527853972.367341000	93.2108	103	1
1527853972.583636000	93.4271	394	1
1527853972.583730000	93.4272	263	1
1527853972.599957000	93.4434	87	0
1527853972.703151000	93.5466	235	0
1527853972.703267000	93.5468	148	0
1527853972.706323000	93.5498	106	1
1527853972.706746000	93.5502	92	0
1527853972.706871000	93.5504	267	0
1527853972.709319000	93.5528	103	1
1527853972.803674000	93.6472	391	1
1527853972.803766000	93.6473	261	1
1527853972.820550000	93.664	87	0
1527853972.928222000	93.7717	233	0
1527853972.928325000	93.7718	148	0
1527853972.931330000	93.7748	106	1
1527853972.932293000	93.7758	92	0
1527853972.932682000	93.7762	315	0
1527853972.935311000	93.7788	103	1
1527853973.137300000	93.9808	390	1
1527853973.137392000	93.9809	263	1
1527853973.154455000	93.9979	87	0
1527853973.255498000	94.099	305	0
1527853973.255608000	94.0991	148	0
1527853973.255672000	94.0992	92	0
1527853973.255783000	94.0993	145	0
1527853973.258422000	94.1019	112	1
1527853973.545575000	94.3891	389	1
1527853973.545670000	94.3892	259	1
1527853973.562107000	94.4056	87	0
1527853973.665168000	94.5087	235	0
1527853973.665290000	94.5088	148	0
1527853973.668441000	94.5119	106	1
1527853973.668472000	94.512	92	0
1527853973.668606000	94.5121	259	0
1527853973.671420000	94.5149	103	1
1527853973.974971000	94.8185	390	1
1527853973.975046000	94.8185	263	1
1527853973.994734000	94.8382	87	0
1527853974.082492000	94.926	235	0
1527853974.082607000	94.9261	148	0
1527853974.085384000	94.9289	106	1
1527853974.086487000	94.93	92	0
1527853974.086592000	94.9301	204	0
1527853974.089390000	94.9329	103	1
1527853974.255217000	95.0987	394	1
1527853974.255308000	95.0988	264	1
1527853974.272420000	95.1159	87	0
1527853974.358883000	95.2024	378	0
1527853974.358986000	95.2025	148	0
1527853974.360555000	95.204	92	0
1527853974.360852000	95.2043	199	0
1527853974.361385000	95.2049	112	1
1527853974.514936000	95.3584	392	1
1527853974.514999000	95.3585	262	1
1527853974.533199000	95.3767	87	0
1527853974.616686000	95.4602	232	0
1527853974.616810000	95.4603	148	0
1527853974.617275000	95.4608	92	0
1527853974.617380000	95.4609	98	0
1527853974.619501000	95.463	112	1
1527853974.996436000	95.8399	389	1
1527853974.996526000	95.84	262	1
1527853975.013355000	95.8568	87	0
1527853975.102901000	95.9464	235	0
1527853975.103005000	95.9465	148	0
1527853975.105510000	95.949	106	1
1527853975.106969000	95.9505	92	0
1527853975.107062000	95.9506	153	0
1527853975.109502000	95.953	103	1
1527853975.355823000	96.1993	467	1
1527853975.355913000	96.1994	265	1
1527853975.371863000	96.2154	87	0
1527853975.487978000	96.3315	282	0
1527853975.488086000	96.3316	148	0
1527853975.490545000	96.334	106	1
1527853975.491899000	96.3354	92	0
1527853975.491999000	96.3355	175	0
1527853975.494524000	96.338	103	1
1527853975.720380000	96.5639	1116	1
1527853975.720460000	96.5639	262	1
1527853975.736447000	96.5799	87	0
1527853975.829732000	96.6732	290	0
1527853975.829847000	96.6733	148	0
1527853975.832499000	96.676	106	1
1527853975.832945000	96.6764	92	0
1527853975.833061000	96.6766	232	0
1527853975.835486000	96.679	103	1
1527853976.025918000	96.8694	791	1
1527853976.025979000	96.8695	259	1
1527853976.043199000	96.8867	87	0
1527853976.151034000	96.9945	259	0
1527853976.151639000	96.9951	148	0
1527853976.153586000	96.9971	106	1
1527853976.154141000	96.9976	92	0
1527853976.154527000	96.998	246	0
1527853976.156509000	97	103	1
1527853976.306782000	97.1503	395	1
1527853976.306872000	97.1504	260	1
1527853976.322999000	97.1665	87	0
1527853976.403954000	97.2474	349	0
1527853976.404070000	97.2476	148	0
1527853976.406616000	97.2501	106	1
1527853976.406811000	97.2503	92	0
1527853976.406898000	97.2504	191	0
1527853976.409583000	97.2531	103	1
1527853976.529949000	97.3734	390	1
1527853976.530026000	97.3735	265	1
1527853976.549635000	97.3931	87	0
1527853976.633329000	97.4768	235	0
1527853976.633437000	97.4769	148	0
1527853976.636615000	97.4801	106	1
1527853976.641458000	97.4849	92	0
1527853976.641575000	97.4851	123	0
1527853976.644608000	97.4881	103	1
1527853976.795923000	97.6394	394	1
1527853976.795983000	97.6395	262	1
1527853976.811591000	97.6551	87	0
1527853976.901783000	97.7453	236	0
1527853976.901878000	97.7454	148	0
1527853976.904615000	97.7481	106	1
1527853976.905752000	97.7492	92	0
1527853976.905840000	97.7493	201	0
1527853976.908591000	97.7521	103	1
1527853977.447306000	98.2908	391	1
1527853977.447380000	98.2909	260	1
1527853977.464993000	98.3085	87	0
1527853977.578862000	98.4224	258	0
1527853977.578979000	98.4225	148	0
1527853977.581629000	98.4251	106	1
1527853977.581648000	98.4251	92	0
1527853977.582134000	98.4256	143	0
1527853977.584589000	98.4281	103	1
1527853977.666714000	98.5102	391	1
1527853977.666774000	98.5103	260	1
1527853977.682571000	98.5261	87	0
1527853977.776560000	98.62	235	0
1527853977.776676000	98.6202	148	0
1527853977.779625000	98.6231	106	1
1527853977.782765000	98.6263	92	0
1527853977.782857000	98.6263	232	0
1527853977.785606000	98.6291	103	1
1527853977.886687000	98.7302	391	1
1527853977.886752000	98.7302	262	1
1527853977.903439000	98.7469	87	0
1527853977.992315000	98.8358	233	0
1527853977.992414000	98.8359	148	0
1527853977.995619000	98.8391	106	1
1527853977.996161000	98.8397	92	0
1527853977.996267000	98.8398	282	0
1527853977.998604000	98.8421	103	1
1527853979.119820000	99.9633	393	1
1527853979.119886000	99.9634	264	1
1527853979.138490000	99.982	87	0
1527853979.242578000	100.086	306	0
1527853979.242673000	100.086	148	0
1527853979.245333000	100.089	106	1
1527853979.246342000	100.09	92	0
1527853979.246633000	100.09	232	0
1527853979.249352000	100.093	103	1
1527853979.600656000	100.444	389	1
1527853979.600747000	100.444	262	1
1527853979.618501000	100.462	87	0
1527853979.725728000	100.569	232	0
1527853979.725836000	100.569	148	0
1527853979.728367000	100.572	106	1
1527853979.729324000	100.573	92	0
1527853979.729652000	100.573	112	0
1527853979.732446000	100.576	103	1
1527853979.840667000	100.684	388	1
1527853979.840729000	100.684	260	1
1527853979.857235000	100.701	87	0
1527853979.943164000	100.787	233	0
1527853979.943270000	100.787	148	0
1527853979.945959000	100.789	92	0
1527853979.946374000	100.79	109	1
1527853979.946831000	100.79	297	0
1527853979.949372000	100.793	100	1
1527853980.362900000	101.206	467	1
1527853980.362989000	101.206	265	1
1527853980.380729000	101.224	87	0
1527853980.472397000	101.316	377	0
1527853980.472507000	101.316	148	0
1527853980.475499000	101.319	106	1
1527853980.476103000	101.32	92	0
1527853980.476188000	101.32	113	0
1527853980.479419000	101.323	103	1
1527853980.661815000	101.505	1120	1
1527853980.661908000	101.505	266	1
1527853980.679197000	101.523	87	0
1527853980.783783000	101.627	232	0
1527853980.783891000	101.627	148	0
1527853980.786645000	101.63	106	1
1527853980.787436000	101.631	92	0
1527853980.787549000	101.631	109	0
1527853980.790413000	101.634	103	1
1527853980.976553000	101.82	789	1
1527853980.976616000	101.82	259	1
1527853980.994562000	101.838	87	0
1527853981.104101000	101.948	232	0
1527853981.104357000	101.948	148	0
1527853981.107428000	101.951	92	0
1527853981.107578000	101.951	106	1
1527853981.108054000	101.952	100	0
1527853981.110434000	101.954	103	1
1527853981.292718000	102.136	393	1
1527853981.292809000	102.136	261	1
1527853981.308274000	102.152	87	0
1527853981.399749000	102.243	280	0
1527853981.399857000	102.243	148	0
1527853981.402464000	102.246	106	1
1527853981.404015000	102.248	92	0
1527853981.404406000	102.248	257	0
1527853981.406449000	102.25	103	1
1527853981.758205000	102.602	393	1
1527853981.758296000	102.602	263	1
1527853981.774791000	102.618	87	0
1527853981.888098000	102.732	289	0
1527853981.888206000	102.732	148	0
1527853981.891506000	102.735	106	1
1527853981.892682000	102.736	92	0
1527853981.892801000	102.736	320	0
1527853981.895404000	102.739	103	1
1527853982.052793000	102.896	394	1
1527853982.052884000	102.896	260	1
1527853982.068449000	102.912	87	0
1527853982.175769000	103.019	258	0
1527853982.175892000	103.019	148	0
1527853982.176405000	103.02	92	0
1527853982.176489000	103.02	113	0
1527853982.178512000	103.022	112	1
1527853982.262961000	103.106	390	1
1527853982.263227000	103.107	263	1
1527853982.279486000	103.123	87	0
1527853982.362791000	103.206	351	0
1527853982.362911000	103.206	148	0
1527853982.365524000	103.209	106	1
1527853982.365953000	103.209	92	0
1527853982.366474000	103.21	92	0
1527853982.368515000	103.212	103	1
1527853982.473852000	103.317	390	1
1527853982.473945000	103.317	259	1
1527853982.490687000	103.334	87	0
1527853982.596863000	103.44	233	0
1527853982.596970000	103.44	148	0
1527853982.599537000	103.443	106	1
1527853982.600942000	103.444	92	0
1527853982.601359000	103.445	200	0
1527853982.603518000	103.447	103	1
1527853982.889171000	103.733	390	1
1527853982.889241000	103.733	260	1
1527853982.905462000	103.749	87	0
1527853982.991398000	103.835	235	0
1527853982.991538000	103.835	148	0
1527853982.994446000	103.838	92	0
1527853982.994506000	103.838	106	1
1527853982.994966000	103.838	122	0
1527853982.997544000	103.841	103	1
1527853983.323820000	104.167	394	1
1527853983.323910000	104.167	267	1
1527853983.340280000	104.184	87	0
1527853983.427150000	104.271	256	0
1527853983.427257000	104.271	148	0
1527853983.429542000	104.273	106	1
1527853983.430472000	104.274	92	0
1527853983.430856000	104.274	175	0
1527853983.433509000	104.277	103	1
1527853983.640293000	104.484	389	1
1527853983.640360000	104.484	260	1
1527853983.656418000	104.5	87	0
1527853983.660875000	104.504	87	0
1527853983.741798000	104.585	235	0
1527853983.741908000	104.585	148	0
1527853983.744597000	104.588	109	1
1527853983.751569000	104.595	92	0
1527853983.751883000	104.595	269	0
1527853983.754534000	104.598	103	1
1527853983.905797000	104.749	468	1
1527853983.905874000	104.749	264	1
1527853983.921538000	104.765	87	0
1527853984.028872000	104.872	233	0
1527853984.028980000	104.872	148	0
1527853984.031556000	104.875	106	1
1527853984.036657000	104.88	92	0
1527853984.037055000	104.881	256	0
1527853984.039527000	104.883	103	1
1527853984.133913000	104.977	1120	1
1527853984.133976000	104.977	262	1
1527853984.150830000	104.994	87	0
1527853984.242736000	105.086	306	0
1527853984.242846000	105.086	148	0
1527853984.245606000	105.089	106	1
1527853984.246029000	105.09	92	0
1527853984.246131000	105.09	222	0
1527853984.248620000	105.092	103	1
1527853984.435941000	105.279	402	1
1527853984.436029000	105.28	262	1
1527853984.452144000	105.296	87	0
1527853984.622252000	105.466	235	0
1527853984.622367000	105.466	148	0
1527853984.624856000	105.468	92	0
1527853984.625198000	105.469	197	0
1527853984.625556000	105.469	112	1
1527853984.862235000	105.706	776	1
1527853984.862294000	105.706	262	1
1527853984.876310000	105.72	90	0
1527853984.878609000	105.722	100	1
1527853984.878792000	105.722	87	0
1527853984.968978000	105.812	235	0
1527853984.969082000	105.813	148	0
1527853984.971605000	105.815	106	1
1527853984.972338000	105.816	92	0
1527853984.972639000	105.816	252	0
1527853984.974611000	105.818	103	1
1527853985.075908000	105.919	390	1
1527853985.075977000	105.919	264	1
1527853985.092460000	105.936	87	0
1527853985.179888000	106.023	354	0
1527853985.179998000	106.023	148	0
1527853985.182603000	106.026	106	1
1527853985.190853000	106.034	92	0
1527853985.190957000	106.034	278	0
1527853985.193636000	106.037	103	1
1527853985.297011000	106.141	394	1
1527853985.297098000	106.141	261	1
1527853985.314957000	106.158	87	0
1527853985.417336000	106.261	259	0
1527853985.417443000	106.261	148	0
1527853985.420637000	106.264	106	1
1527853985.423353000	106.267	92	0
1527853985.423445000	106.267	300	0
1527853985.425623000	106.269	103	1
1527853985.576989000	106.42	395	1
1527853985.577080000	106.421	260	1
1527853985.593039000	106.437	87	0
1527853985.705439000	106.549	232	0
1527853985.705556000	106.549	148	0
1527853985.708661000	106.552	106	1
1527853985.709423000	106.553	92	0
1527853985.709529000	106.553	297	0
1527853985.711652000	106.555	103	1
1527853985.947336000	106.791	392	1
1527853985.947420000	106.791	263	1
1527853985.963789000	106.807	87	0
1527853986.054811000	106.898	257	0
1527853986.054930000	106.898	148	0
1527853986.057564000	106.901	92	0
1527853986.057798000	106.901	109	1
1527853986.058258000	106.902	196	0
1527853986.060697000	106.904	100	1
1527853986.366875000	107.21	390	1
1527853986.366944000	107.21	263	1
1527853986.382608000	107.226	87	0
1527853986.463352000	107.307	310	0
1527853986.463456000	107.307	148	0
1527853986.466591000	107.31	92	0
1527853986.466692000	107.31	106	1
1527853986.467142000	107.311	129	0
1527853986.469705000	107.313	103	1
1527853986.797426000	107.641	389	1
1527853986.797514000	107.641	261	1
1527853986.813816000	107.657	87	0
1527853986.918552000	107.762	256	0
1527853986.918644000	107.762	148	0
1527853986.921777000	107.765	106	1
1527853986.922850000	107.766	92	0
1527853986.922940000	107.766	117	0
1527853986.925765000	107.769	103	1
1527853987.298202000	108.142	390	1
1527853987.298297000	108.142	261	1
1527853987.314667000	108.158	87	0
1527853987.392852000	108.236	351	0
1527853987.392960000	108.236	148	0
1527853987.395815000	108.239	106	1
1527853987.396241000	108.24	92	0
1527853987.396506000	108.24	191	0
1527853987.398804000	108.242	103	1
1527853987.508225000	108.352	391	1
1527853987.508292000	108.352	261	1
1527853987.524565000	108.368	87	0
1527853987.529428000	108.373	87	0
1527853987.623608000	108.467	235	0
1527853987.623711000	108.467	148	0
1527853987.626750000	108.47	109	1
1527853987.627142000	108.471	92	0
1527853987.627246000	108.471	200	0
1527853987.629777000	108.473	103	1
1527853987.830686000	108.674	464	1
1527853987.830786000	108.674	261	1
1527853987.847596000	108.691	87	0
1527853987.852315000	108.696	87	0
1527853987.959461000	108.803	235	0
1527853987.959564000	108.803	148	0
1527853987.962839000	108.806	92	0
1527853987.962871000	108.806	109	1
1527853987.962973000	108.806	309	0
1527853987.965832000	108.809	103	1
1527853988.291250000	109.135	1120	1
1527853988.291315000	109.135	269	1
1527853988.307956000	109.151	87	0
1527853988.406292000	109.25	258	0
1527853988.406387000	109.25	148	0
1527853988.408865000	109.252	106	1
1527853988.409513000	109.253	92	0
1527853988.409937000	109.253	168	0
1527853988.411860000	109.255	103	1
1527853988.691660000	109.535	402	1
1527853988.691770000	109.535	263	1
1527853988.708573000	109.552	87	0
1527853988.809045000	109.653	233	0
1527853988.809157000	109.653	148	0
1527853988.811906000	109.655	106	1
1527853988.812964000	109.656	92	0
1527853988.813341000	109.657	211	0
1527853988.815809000	109.659	103	1
1527853988.931093000	109.775	779	1
1527853988.931153000	109.775	264	1
1527853988.947411000	109.791	87	0
1527853989.051566000	109.895	236	0
1527853989.051669000	109.895	148	0
1527853989.054453000	109.898	92	0
1527853989.054843000	109.898	109	1
1527853989.054879000	109.898	281	0
1527853989.057868000	109.901	100	1
1527853989.156621000	110	391	1
1527853989.156713000	110	261	1
1527853989.173493000	110.017	87	0
1527853989.261730000	110.105	305	0
1527853989.261852000	110.105	148	0
1527853989.264930000	110.108	106	1
1527853989.265646000	110.109	92	0
1527853989.265748000	110.109	185	0
1527853989.268905000	110.112	103	1
1527853989.364643000	110.208	389	1
1527853989.364703000	110.208	260	1
1527853989.381126000	110.225	87	0
1527853989.464070000	110.308	235	0
1527853989.464194000	110.308	148	0
1527853989.466915000	110.31	106	1
1527853989.466985000	110.31	92	0
1527853989.467092000	110.311	96	0
1527853989.469918000	110.313	103	1
1527853989.622410000	110.466	394	1
1527853989.622471000	110.466	262	1
1527853989.638767000	110.482	87	0
1527853989.732785000	110.576	354	0
1527853989.732906000	110.576	148	0
1527853989.735957000	110.579	106	1
1527853989.736662000	110.58	92	0
1527853989.736752000	110.58	322	0
1527853989.738929000	110.582	103	1
1527853989.861945000	110.705	393	1
1527853989.862009000	110.705	259	1
1527853989.878814000	110.722	87	0
1527853989.974821000	110.818	233	0
1527853989.974939000	110.818	148	0
1527853989.977952000	110.821	106	1
1527853989.979171000	110.823	92	0
1527853989.979564000	110.823	307	0
1527853989.981948000	110.825	103	1
1527853990.114308000	110.958	392	1
1527853990.114395000	110.958	260	1
1527853990.131105000	110.975	87	0
1527853990.244390000	111.088	258	0
1527853990.244494000	111.088	148	0
1527853990.246963000	111.09	106	1
1527853990.247083000	111.091	92	0
1527853990.247185000	111.091	179	0
1527853990.249957000	111.093	103	1
1527853990.525317000	111.369	395	1
1527853990.525409000	111.369	265	1
1527853990.541161000	111.385	87	0
1527853990.626403000	111.47	256	0
1527853990.626519000	111.47	148	0
1527853990.629057000	111.473	106	1
1527853990.630437000	111.474	92	0
1527853990.630923000	111.474	93	0
1527853990.632989000	111.476	103	1
1527853990.792204000	111.636	388	1
1527853990.792295000	111.636	259	1
1527853990.807970000	111.651	87	0
1527853990.907870000	111.751	265	0
1527853990.907983000	111.751	148	0
1527853990.911008000	111.754	106	1
1527853990.911572000	111.755	92	0
1527853990.911681000	111.755	269	0
1527853990.914006000	111.757	103	1
1527853991.122447000	111.966	467	1
1527853991.122512000	111.966	263	1
1527853991.138569000	111.982	87	0
1527853991.240141000	112.084	281	0
1527853991.240328000	112.084	148	0
1527853991.242000000	112.085	92	0
1527853991.242489000	112.086	235	0
1527853991.242999000	112.086	112	1
1527853991.424058000	112.268	391	1
1527853991.424124000	112.268	263	1
1527853991.445385000	112.289	87	0
1527853991.531571000	112.375	256	0
1527853991.531670000	112.375	148	0
1527853991.534044000	112.378	106	1
1527853991.534501000	112.378	92	0
1527853991.534715000	112.378	203	0
1527853991.537030000	112.381	103	1
1527853991.844745000	112.688	1116	1
1527853991.844837000	112.688	260	1
1527853991.861302000	112.705	87	0
1527853991.962040000	112.806	326	0
1527853991.962146000	112.806	148	0
1527853991.964726000	112.808	92	0
1527853991.964994000	112.808	109	1
1527853991.965469000	112.809	321	0
1527853991.968054000	112.812	100	1
1527853992.181969000	113.025	402	1
1527853992.182045000	113.026	263	1
1527853992.198637000	113.042	87	0
1527853992.298396000	113.142	259	0
1527853992.298496000	113.142	148	0
1527853992.301106000	113.145	106	1
1527853992.303355000	113.147	92	0
1527853992.303682000	113.147	94	0
1527853992.306004000	113.149	103	1
1527853992.511390000	113.355	777	1
1527853992.511479000	113.355	262	1
1527853992.528769000	113.372	87	0
1527853992.612613000	113.456	233	0
1527853992.612728000	113.456	148	0
1527853992.615107000	113.459	106	1
1527853992.616557000	113.46	92	0
1527853992.616931000	113.46	103	0
1527853992.619116000	113.463	103	1
1527853992.948606000	113.792	389	1
1527853992.948679000	113.792	265	1
1527853992.965551000	113.809	87	0
1527853993.072596000	113.916	233	0
1527853993.072710000	113.916	148	0
1527853993.076140000	113.92	106	1
1527853993.077089000	113.921	92	0
1527853993.077179000	113.921	302	0
1527853993.080138000	113.924	103	1
1527853993.180284000	114.024	390	1
1527853993.180374000	114.024	259	1
1527853993.197657000	114.041	87	0
1527853993.210710000	114.054	87	0
1527853993.293137000	114.137	256	0
1527853993.293240000	114.137	148	0
1527853993.295685000	114.139	92	0
1527853993.295776000	114.139	117	0
1527853993.296187000	114.14	115	1
1527853993.390758000	114.234	394	1
1527853993.390818000	114.234	262	1
1527853993.407947000	114.251	87	0
1527853993.514048000	114.358	235	0
1527853993.514161000	114.358	148	0
1527853993.517096000	114.361	106	1
1527853993.518216000	114.362	92	0
1527853993.518318000	114.362	111	0
1527853993.521097000	114.365	103	1
1527853993.611574000	114.455	390	1
1527853993.611665000	114.455	260	1
1527853993.630946000	114.474	87	0
1527853993.729115000	114.573	286	0
1527853993.729226000	114.573	148	0
1527853993.732188000	114.576	106	1
1527853993.732778000	114.576	92	0
1527853993.733208000	114.577	300	0
1527853993.735157000	114.579	103	1
1527853993.843470000	114.687	391	1
1527853993.843529000	114.687	263	1
1527853993.859500000	114.703	87	0
1527853993.861971000	114.705	90	0
1527853993.864672000	114.708	87	0
1527853993.865160000	114.709	106	1
1527853993.956495000	114.8	233	0
1527853993.956615000	114.8	148	0
1527853993.959185000	114.803	103	1
1527853993.960138000	114.804	92	0
1527853993.960225000	114.804	277	0
1527853993.963194000	114.807	103	1
1527853994.140708000	114.984	389	1
1527853994.140800000	114.984	265	1
1527853994.158777000	115.002	87	0
1527853994.264067000	115.108	375	0
1527853994.264177000	115.108	148	0
1527853994.267138000	115.111	106	1
1527853994.267485000	115.111	92	0
1527853994.267603000	115.111	193	0
1527853994.270264000	115.114	103	1
1527853994.460376000	115.304	393	1
1527853994.460462000	115.304	260	1
1527853994.478080000	115.322	87	0
1527853994.558503000	115.402	232	0
1527853994.558974000	115.402	148	0
1527853994.561234000	115.405	106	1
1527853994.566482000	115.41	92	0
1527853994.566570000	115.41	180	0
1527853994.569203000	115.413	103	1
1527853994.690566000	115.534	389	1
1527853994.690658000	115.534	263	1
1527853994.707837000	115.551	87	0
1527853994.812339000	115.656	233	0
1527853994.812439000	115.656	148	0
1527853994.815118000	115.659	92	0
1527853994.815165000	115.659	106	1
1527853994.815570000	115.659	159	0
1527853994.818146000	115.662	103	1
1527853994.940328000	115.784	462	1
1527853994.940424000	115.784	260	1
1527853994.957147000	115.801	87	0
1527853995.056460000	115.9	260	0
1527853995.056564000	115.9	148	0
1527853995.059245000	115.903	106	1
1527853995.060053000	115.904	92	0
1527853995.060138000	115.904	276	0
1527853995.063237000	115.907	103	1
