1527953385.238046000	0	275	1
1527953385.302809000	0.0647631	67	0
1527953385.773727000	0.535681	283	0
1527953385.773948000	0.535902	1392	0
1527953385.774020000	0.535974	1392	0
1527953385.774227000	0.536181	1392	0
1527953385.774230000	0.536184	160	0
1527953385.774368000	0.536322	1392	0
1527953385.774559000	0.536513	1392	0
1527953385.774692000	0.536646	1392	0
1527953385.774843000	0.536797	818	0
1527953385.776700000	0.538654	101	1
1527953385.779141000	0.541095	83	1
1527953385.779645000	0.541599	1392	0
1527953385.779749000	0.541703	1392	0
1527953385.779759000	0.541713	674	0
1527953385.782205000	0.544159	86	1
1527953385.846628000	0.608582	1392	0
1527953385.846771000	0.608725	1392	0
1527953385.846994000	0.608948	1392	0
1527953385.846997000	0.608951	178	0
1527953385.847156000	0.60911	1178	0
1527953385.847441000	0.609395	1392	0
1527953385.847509000	0.609463	1392	0
1527953385.847595000	0.609549	1392	0
1527953385.847598000	0.609552	168	0
1527953385.848247000	0.610201	104	1
1527953385.852534000	0.614488	1392	0
1527953385.852732000	0.614686	1392	0
1527953385.852810000	0.614764	1392	0
1527953385.852815000	0.614769	153	0
1527953385.854185000	0.616139	89	1
1527953385.857534000	0.619488	1392	0
1527953385.857688000	0.619642	1392	0
1527953385.857798000	0.619752	1392	0
1527953385.857800000	0.619754	160	0
1527953385.861789000	0.623743	1392	0
1527953385.861910000	0.623864	1392	0
1527953385.862045000	0.623999	1392	0
1527953385.862047000	0.624001	168	0
1527953385.864352000	0.626306	101	1
1527953385.870160000	0.632114	1392	0
1527953385.870285000	0.632239	1392	0
1527953385.870436000	0.63239	1392	0
1527953385.870439000	0.632393	160	0
1527953385.874337000	0.636291	1392	0
1527953385.874517000	0.636471	1392	0
1527953385.874628000	0.636582	1392	0
1527953385.874631000	0.636585	160	0
1527953385.877203000	0.639157	101	1
1527953385.885025000	0.646979	1392	0
1527953385.885145000	0.647099	1392	0
1527953385.885246000	0.6472	1392	0
1527953385.885248000	0.647202	160	0
1527953385.887671000	0.649625	1392	0
1527953385.887780000	0.649734	1392	0
1527953385.887782000	0.649736	334	0
1527953385.889239000	0.651193	98	1
1527953385.889770000	0.651724	108	0
1527953385.891242000	0.653196	80	1
1527953386.255449000	1.0174	298	1
1527953386.255530000	1.01748	1392	1
1527953386.255556000	1.01751	886	1
1527953386.261701000	1.02366	332	1
1527953386.276285000	1.03824	67	0
1527953386.281729000	1.04368	67	0
1527953386.447172000	1.20913	237	0
1527953386.447788000	1.20974	1392	0
1527953386.448092000	1.21005	1392	0
1527953386.448724000	1.21068	1392	0
1527953386.449022000	1.21098	1392	0
1527953386.449214000	1.21117	98	1
1527953386.449678000	1.21163	1392	0
1527953386.449885000	1.21184	1149	0
1527953386.450488000	1.21244	72	0
1527953386.451252000	1.21321	86	1
1527953386.451474000	1.21343	165	0
1527953386.453215000	1.21517	80	1
1527953386.508462000	1.27042	197	1
1527953386.527762000	1.28972	67	0
1527953386.621776000	1.38373	355	0
1527953386.625162000	1.38712	60	0
1527953386.626808000	1.38876	83	1
1527953386.628284000	1.39024	80	1
1527953386.733657000	1.49561	486	0
1527953386.733851000	1.49581	1095	0
1527953386.736307000	1.49826	83	1
1527953386.748632000	1.51059	72	0
1527953386.748745000	1.5107	167	0
1527953386.751267000	1.51322	83	1
1527953386.904632000	1.66659	866	1
1527953386.906645000	1.6686	590	1
1527953386.951803000	1.71376	67	0
1527953386.959345000	1.7213	67	0
1527953387.043391000	1.80535	327	1
1527953387.097355000	1.85931	67	0
1527953387.097470000	1.85942	260	0
1527953387.097472000	1.85943	340	0
1527953387.097474000	1.85943	298	0
1527953387.099482000	1.86144	89	1
1527953387.105904000	1.86786	456	0
1527953387.106256000	1.86821	60	0
1527953387.106563000	1.86852	100	1
1527953387.128361000	1.89032	67	0
1527953387.158596000	1.92055	436	0
1527953387.159089000	1.92104	1143	0
1527953387.161295000	1.92325	86	1
1527953387.289169000	2.05112	223	1
1527953387.289249000	2.0512	124	1
1527953387.308654000	2.07061	67	0
1527953387.315393000	2.07735	135	1
1527953387.315492000	2.07745	170	1
1527953387.335489000	2.09744	67	0
1527953387.384621000	2.14657	1392	0
1527953387.384797000	2.14675	1392	0
1527953387.385435000	2.14739	1392	0
1527953387.385523000	2.14748	476	0
1527953387.385526000	2.14748	72	0
1527953387.385528000	2.14748	273	0
1527953387.389467000	2.15142	101	1
1527953387.475914000	2.23787	641	0
1527953387.475916000	2.23787	72	0
1527953387.476034000	2.23799	167	0
1527953387.478291000	2.24025	86	1
1527953388.233088000	2.99504	398	1
1527953388.253828000	3.01578	67	0
1527953388.276503000	3.03846	1244	1
1527953388.297186000	3.05914	67	0
1527953388.338546000	3.1005	298	0
1527953388.338914000	3.10087	1392	0
1527953388.339265000	3.10122	978	0
1527953388.340563000	3.10252	86	1
1527953388.342316000	3.10427	83	1
1527953388.355523000	3.11748	72	0
1527953388.355611000	3.11757	213	0
1527953388.357307000	3.11926	83	1
1527953388.700004000	3.46196	1392	0
1527953388.700253000	3.46221	1392	0
1527953388.700559000	3.46251	1392	0
1527953388.700630000	3.46258	527	0
1527953388.700632000	3.46259	187	0
1527953388.700702000	3.46266	243	0
1527953388.702352000	3.46431	95	1
1527953388.752411000	3.51436	1322	1
1527953388.773029000	3.53498	67	0
1527953388.974344000	3.7363	223	0
1527953388.974470000	3.73642	956	0
1527953388.976392000	3.73835	86	1
1527953389.032779000	3.79473	223	0
1527953389.034370000	3.79632	80	1
1527953389.256207000	4.01816	803	1
1527953389.256318000	4.01827	1392	1
1527953389.256370000	4.01832	1392	1
1527953389.256397000	4.01835	1392	1
1527953389.256438000	4.01839	1392	1
1527953389.256471000	4.01842	1392	1
1527953389.256508000	4.01846	1392	1
1527953389.256550000	4.0185	1392	1
1527953389.256589000	4.01854	1392	1
1527953389.256625000	4.01858	1392	1
1527953389.256667000	4.01862	1392	1
1527953389.256700000	4.01865	1392	1
1527953389.256739000	4.01869	1392	1
1527953389.258383000	4.02034	1252	1
1527953389.275980000	4.03793	67	0
1527953389.276092000	4.03805	70	0
1527953389.277387000	4.03934	83	1
1527953389.280527000	4.04248	67	0
1527953389.468712000	4.23067	375	0
1527953389.472514000	4.23447	60	0
1527953389.475894000	4.23785	86	1
1527953389.757826000	4.51978	1369	1
1527953389.778189000	4.54014	67	0
1527953389.912370000	4.67432	626	0
1527953389.921446000	4.6834	83	1
1527953391.151661000	5.91361	341	1
1527953391.151755000	5.91371	1392	1
1527953391.151804000	5.91376	961	1
1527953391.153831000	5.91579	338	1
1527953391.153910000	5.91586	1392	1
1527953391.153949000	5.9159	1392	1
1527953391.153982000	5.91594	738	1
1527953391.154954000	5.91691	81	1
1527953391.165236000	5.92719	231	1
1527953391.172706000	5.93466	84	0
1527953391.174510000	5.93646	80	1
1527953391.185393000	5.94735	67	0
1527953391.345502000	6.10746	377	0
1527953391.347424000	6.10938	83	1
1527953391.352378000	6.11433	60	0
1527953391.354395000	6.11635	80	1
1527953391.602757000	6.36471	542	0
1527953391.602760000	6.36471	283	0
1527953391.602762000	6.36472	259	0
1527953391.604497000	6.36645	86	1
1527953391.604785000	6.36674	81	1
1527953391.606962000	6.36892	231	1
1527953391.624169000	6.38612	67	0
1527953391.629536000	6.39149	67	0
1527953392.118510000	6.88046	940	0
1527953392.118689000	6.88064	1392	0
1527953392.119004000	6.88096	1392	0
1527953392.119312000	6.88127	1392	0
1527953392.119630000	6.88158	1392	0
1527953392.119964000	6.88192	1392	0
1527953392.119966000	6.88192	102	0
1527953392.120287000	6.88224	1392	0
1527953392.120597000	6.88255	1392	0
1527953392.120722000	6.88268	104	1
1527953392.121084000	6.88304	1392	0
1527953392.121086000	6.88304	168	0
1527953392.121202000	6.88316	1201	0
1527953392.122512000	6.88447	92	1
1527953392.172234000	6.93419	1392	0
1527953392.172502000	6.93446	1392	0
1527953392.172797000	6.93475	1392	0
1527953392.172800000	6.93475	178	0
1527953392.173132000	6.93509	1392	0
1527953392.173253000	6.93521	715	0
1527953392.175870000	6.93782	95	1
1527953392.176185000	6.93814	1392	0
1527953392.176413000	6.93837	1392	0
1527953392.176707000	6.93866	1392	0
1527953392.176709000	6.93866	168	0
1527953392.178434000	6.94039	89	1
1527953392.180347000	6.9423	1392	0
1527953392.180632000	6.94259	1392	0
1527953392.180931000	6.94289	1392	0
1527953392.180934000	6.94289	160	0
1527953392.181279000	6.94323	1392	0
1527953392.181282000	6.94324	298	0
1527953392.184576000	6.94653	1392	0
1527953392.184856000	6.94681	1392	0
1527953392.185153000	6.94711	1392	0
1527953392.185156000	6.94711	168	0
1527953392.185508000	6.94746	1392	0
1527953392.185511000	6.94747	165	0
1527953392.186646000	6.9486	1392	0
1527953392.187192000	6.94915	1392	0
1527953392.187260000	6.94921	1392	0
1527953392.187263000	6.94922	168	0
1527953392.187334000	6.94929	64	0
1527953392.188786000	6.95074	1175	0
1527953392.191192000	6.95315	1392	0
1527953392.191463000	6.95342	1392	0
1527953392.191774000	6.95373	1392	0
1527953392.191776000	6.95373	168	0
1527953392.192510000	6.95446	64	0
1527953392.193219000	6.95517	944	0
1527953392.193720000	6.95567	107	1
1527953392.193909000	6.95586	107	1
1527953392.195218000	6.95717	1392	0
1527953392.195463000	6.95742	1289	0
1527953392.195515000	6.95747	92	1
1527953392.197885000	6.95984	1392	0
1527953392.198149000	6.9601	1392	0
1527953392.198235000	6.96019	644	0
1527953392.199422000	6.96138	1392	0
1527953392.199725000	6.96168	1392	0
1527953392.199728000	6.96168	318	0
1527953392.199802000	6.96176	312	0
1527953392.203601000	6.96555	101	1
1527953393.460185000	8.22214	480	1
1527953393.460276000	8.22223	124	1
1527953393.480259000	8.24221	67	0
1527953393.552315000	8.31427	1392	0
1527953393.552523000	8.31448	1392	0
1527953393.552812000	8.31477	1392	0
1527953393.552883000	8.31484	517	0
1527953393.552885000	8.31484	72	0
1527953393.552953000	8.31491	146	0
1527953393.554531000	8.31649	98	1
1527953394.534754000	9.29671	359	1
1527953394.534849000	9.2968	274	1
1527953394.537856000	9.29981	469	1
1527953394.537948000	9.2999	1392	1
1527953394.537987000	9.29994	1392	1
1527953394.538020000	9.29997	949	1
1527953394.555408000	9.31736	67	0
1527953394.563551000	9.32551	67	0
1527953394.584886000	9.34684	382	1
1527953394.604162000	9.36612	67	0
1527953394.728531000	9.49048	280	0
1527953394.728648000	9.4906	83	0
1527953394.730614000	9.49257	86	1
1527953394.732452000	9.49441	318	0
1527953394.734659000	9.49661	80	1
1527953394.919883000	9.68184	364	0
1527953394.921606000	9.68356	80	1
1527953394.926571000	9.68852	60	0
1527953394.928585000	9.69054	80	1
1527953394.937201000	9.69916	310	0
1527953394.937766000	9.69972	1380	0
1527953394.937835000	9.69979	493	0
1527953394.938604000	9.70056	86	1
1527953394.939224000	9.70118	572	0
1527953394.940189000	9.70214	615	0
1527953394.940597000	9.70255	83	1
1527953394.941109000	9.70306	447	0
1527953394.942112000	9.70407	677	0
1527953394.942589000	9.70454	83	1
1527953394.943881000	9.70584	464	0
1527953394.944895000	9.70685	825	0
1527953394.945444000	9.7074	629	0
1527953394.945628000	9.70758	86	1
1527953394.946315000	9.70827	499	0
1527953394.947589000	9.70954	80	1
1527953394.947699000	9.70965	419	0
1527953394.949474000	9.71143	681	0
1527953394.949585000	9.71154	83	1
1527953394.950666000	9.71262	596	0
1527953394.952597000	9.71455	80	1
1527953394.952916000	9.71487	538	0
1527953394.953906000	9.71586	634	0
1527953394.954598000	9.71655	83	1
1527953394.991136000	9.75309	573	0
1527953394.991270000	9.75322	774	0
1527953394.992617000	9.75457	83	1
1527953395.708707000	10.4707	378	1
1527953395.708793000	10.4707	89	1
1527953395.711270000	10.4732	283	1
1527953395.712363000	10.4743	458	1
1527953395.712422000	10.4744	67	1
1527953395.729493000	10.4914	67	0
1527953395.734449000	10.4964	67	0
1527953395.753490000	10.5154	1392	1
1527953395.753533000	10.5155	1392	1
1527953395.753571000	10.5155	296	1
1527953395.753648000	10.5156	824	1
1527953395.774098000	10.5361	67	0
1527953395.796867000	10.5588	507	0
1527953395.796987000	10.5589	241	0
1527953395.802027000	10.564	86	1
1527953396.090331000	10.8523	236	0
1527953396.090449000	10.8524	131	0
1527953396.092704000	10.8547	83	1
1527953396.094811000	10.8568	72	0
1527953396.095218000	10.8572	202	0
1527953396.096702000	10.8587	83	1
1527953396.115683000	10.8776	258	0
1527953396.115686000	10.8776	83	0
1527953396.119234000	10.8812	72	0
1527953396.119627000	10.8816	134	0
1527953396.120120000	10.8821	83	1
1527953396.122686000	10.8846	83	1
1527953396.183989000	10.9459	292	0
1527953396.184115000	10.9461	121	0
1527953396.185726000	10.9477	83	1
1527953396.190244000	10.9522	72	0
1527953396.190787000	10.9527	116	0
1527953396.191789000	10.9537	83	1
1527953396.674010000	11.436	969	1
1527953396.674086000	11.436	233	1
1527953396.676092000	11.438	398	1
1527953396.676160000	11.4381	74	1
1527953396.694678000	11.4566	67	0
1527953397.062450000	11.8244	245	0
1527953397.062597000	11.8246	347	0
1527953397.064737000	11.8267	86	1
1527953397.067414000	11.8294	108	0
1527953397.068740000	11.8307	80	1
1527953397.489691000	12.2516	352	1
1527953397.489888000	12.2518	1392	1
1527953397.489924000	12.2519	1392	1
1527953397.489969000	12.2519	1392	1
1527953397.490010000	12.252	1392	1
1527953397.490065000	12.252	1392	1
1527953397.490106000	12.2521	1392	1
1527953397.490162000	12.2521	1392	1
1527953397.490204000	12.2522	1392	1
1527953397.490260000	12.2522	1392	1
1527953397.490300000	12.2523	1392	1
1527953397.490357000	12.2523	1392	1
1527953397.490398000	12.2524	1392	1
1527953397.490432000	12.2524	1392	1
1527953397.491829000	12.2538	1392	1
1527953397.491873000	12.2538	1392	1
1527953397.491921000	12.2539	1392	1
1527953397.491971000	12.2539	1392	1
1527953397.492010000	12.254	1392	1
1527953397.492058000	12.254	1392	1
1527953397.492104000	12.2541	1392	1
1527953397.493756000	12.2557	1392	1
1527953397.493811000	12.2558	1392	1
1527953397.493861000	12.2558	1392	1
1527953397.493918000	12.2559	1392	1
1527953397.493959000	12.2559	1392	1
1527953397.494016000	12.256	1392	1
1527953397.494054000	12.256	1392	1
1527953397.495766000	12.2577	1392	1
1527953397.495814000	12.2578	1392	1
1527953397.495873000	12.2578	1392	1
1527953397.495915000	12.2579	1392	1
1527953397.495970000	12.2579	1392	1
1527953397.496064000	12.258	1392	1
1527953397.497820000	12.2598	1392	1
1527953397.497876000	12.2598	112	1
1527953397.509432000	12.2714	67	0
1527953397.513035000	12.275	67	0
1527953397.514656000	12.2766	67	0
1527953397.516260000	12.2782	67	0
1527953397.672041000	12.434	281	0
1527953397.672160000	12.4341	126	0
1527953397.673767000	12.4357	95	1
1527953397.676635000	12.4386	72	0
1527953397.676735000	12.4387	200	0
1527953397.678787000	12.4407	83	1
1527953397.865742000	12.6277	339	1
1527953397.866806000	12.6288	275	1
1527953397.885344000	12.6473	67	0
1527953397.949522000	12.7115	356	0
1527953397.951817000	12.7138	83	1
1527953397.956488000	12.7184	60	0
1527953397.957793000	12.7197	80	1
1527953398.021765000	12.7837	373	1
1527953398.021868000	12.7838	1392	1
1527953398.021906000	12.7839	768	1
1527953398.042454000	12.8044	357	1
1527953398.042859000	12.8048	67	0
1527953398.063464000	12.8254	67	0
1527953398.230088000	12.992	1392	1
1527953398.230125000	12.9921	342	1
1527953398.232439000	12.9944	238	0
1527953398.232535000	12.9945	98	0
1527953398.233788000	12.9957	83	1
1527953398.235718000	12.9977	72	0
1527953398.236188000	12.9981	262	0
1527953398.238414000	13.0004	83	1
1527953398.239354000	13.0013	534	0
1527953398.239509000	13.0015	787	0
1527953398.240790000	13.0027	83	1
1527953398.241101000	13.0031	72	0
1527953398.241521000	13.0035	148	0
1527953398.242817000	13.0048	83	1
1527953398.244060000	13.006	309	0
1527953398.244153000	13.0061	259	0
1527953398.245804000	13.0078	83	1
1527953398.248464000	13.0104	72	0
1527953398.248554000	13.0105	202	0
1527953398.250855000	13.0128	83	1
1527953398.252256000	13.0142	67	0
1527953398.431356000	13.1933	225	0
1527953398.431689000	13.1936	126	0
1527953398.433900000	13.1959	86	1
1527953398.435846000	13.1978	72	0
1527953398.436259000	13.1982	137	0
1527953398.437877000	13.1998	83	1
1527953398.450718000	13.2127	906	0
1527953398.452834000	13.2148	80	1
1527953398.477530000	13.2395	586	1
1527953398.489825000	13.2518	765	1
1527953398.489920000	13.2519	238	1
1527953398.497503000	13.2595	67	0
1527953398.520400000	13.2824	67	0
1527953398.629504000	13.3915	216	0
1527953398.629625000	13.3916	562	0
1527953398.631943000	13.3939	89	1
1527953398.710688000	13.4726	318	0
1527953398.710804000	13.4728	126	0
1527953398.712933000	13.4749	83	1
1527953398.715071000	13.477	72	0
1527953398.715073000	13.477	136	0
1527953398.716892000	13.4788	83	1
1527953398.920320000	13.6823	374	1
1527953398.920415000	13.6824	243	1
1527953398.957003000	13.719	374	1
1527953398.969292000	13.7312	67	0
1527953399.005767000	13.7677	67	0
1527953399.122206000	13.8842	219	0
1527953399.122553000	13.8845	126	0
1527953399.123871000	13.8858	89	1
1527953399.127529000	13.8895	72	0
1527953399.127631000	13.8896	167	0
1527953399.128857000	13.8908	83	1
1527953399.353639000	14.1156	373	1
1527953399.353719000	14.1157	237	1
1527953399.373113000	14.1351	67	0
1527953399.734071000	14.496	280	0
1527953399.734181000	14.4961	126	0
1527953399.735970000	14.4979	86	1
1527953399.741064000	14.503	72	0
1527953399.741160000	14.5031	311	0
1527953399.742866000	14.5048	83	1
1527953399.784329000	14.5463	370	1
1527953399.784409000	14.5464	243	1
1527953399.804588000	14.5665	67	0
1527953400.163760000	14.9257	213	0
1527953400.163763000	14.9257	126	0
1527953400.166006000	14.928	86	1
1527953400.168946000	14.9309	72	0
1527953400.169276000	14.9312	287	0
1527953400.170922000	14.9329	83	1
1527953400.421597000	15.1836	369	1
1527953400.421678000	15.1836	243	1
1527953400.445279000	15.2072	67	0
1527953400.965139000	15.7271	235	0
1527953400.965244000	15.7272	126	0
1527953400.966963000	15.7289	86	1
1527953400.969457000	15.7314	72	0
1527953400.970039000	15.732	103	0
1527953400.970979000	15.7329	83	1
1527953401.288606000	16.0506	372	1
1527953401.288669000	16.0506	246	1
1527953401.326208000	16.0882	67	0
1527953401.467972000	16.2299	262	0
1527953401.467974000	16.2299	126	0
1527953401.470006000	16.232	86	1
1527953401.471153000	16.2331	72	0
1527953401.472399000	16.2344	251	0
1527953401.472973000	16.2349	83	1
1527953401.504489000	16.2664	262	0
1527953401.506049000	16.268	80	1
1527953401.719731000	16.4817	375	1
1527953401.719821000	16.4818	236	1
1527953401.739659000	16.5016	67	0
1527953401.749446000	16.5114	67	0
1527953402.105573000	16.8675	213	0
1527953402.105692000	16.8676	128	0
1527953402.108107000	16.8701	89	1
1527953402.110148000	16.8721	72	0
1527953402.110613000	16.8726	101	0
1527953402.112111000	16.8741	83	1
1527953402.131442000	16.8934	373	1
1527953402.131532000	16.8935	409	1
1527953402.151357000	16.9133	67	0
1527953402.507586000	17.2695	236	0
1527953402.507589000	17.2695	128	0
1527953402.509082000	17.271	86	1
1527953402.510472000	17.2724	72	0
1527953402.510474000	17.2724	144	0
1527953402.512106000	17.2741	83	1
1527953403.486217000	18.2482	373	1
1527953403.486296000	18.2483	241	1
1527953403.509126000	18.2711	67	0
1527953403.864488000	18.6264	332	0
1527953403.864489000	18.6264	128	0
1527953403.866883000	18.6288	72	0
1527953403.866903000	18.6289	86	1
1527953403.867310000	18.6293	308	0
1527953403.868884000	18.6308	83	1
1527953403.934471000	18.6964	372	1
1527953403.934594000	18.6965	240	1
1527953403.955098000	18.7171	67	0
1527953404.310845000	19.0728	212	0
1527953404.310846000	19.0728	128	0
1527953404.312949000	19.0749	86	1
1527953404.317477000	19.0794	72	0
1527953404.317902000	19.0799	268	0
1527953404.318924000	19.0809	83	1
1527953404.380290000	19.1422	368	1
1527953404.380354000	19.1423	246	1
1527953404.399915000	19.1619	67	0
1527953404.778723000	19.5407	238	0
1527953404.778725000	19.5407	128	0
1527953404.780990000	19.5429	86	1
1527953404.783973000	19.5459	72	0
1527953404.784407000	19.5464	110	0
1527953404.786039000	19.548	83	1
1527953404.806206000	19.5682	973	1
1527953404.806267000	19.5682	243	1
1527953404.827314000	19.5893	67	0
1527953405.185849000	19.9478	213	0
1527953405.185850000	19.9478	128	0
1527953405.188025000	19.95	86	1
1527953405.190803000	19.9528	72	0
1527953405.190899000	19.9529	296	0
1527953405.193036000	19.955	83	1
1527953405.437483000	20.1994	506	1
1527953405.437576000	20.1995	249	1
1527953405.458195000	20.2201	67	0
1527953405.824384000	20.5863	258	0
1527953405.824484000	20.5864	128	0
1527953405.826056000	20.588	86	1
1527953405.830903000	20.5929	72	0
1527953405.830905000	20.5929	241	0
1527953405.833074000	20.595	83	1
1527953405.857231000	20.6192	828	1
1527953405.857310000	20.6193	246	1
1527953405.898089000	20.66	828	1
1527953405.900208000	20.6622	67	0
1527953405.942045000	20.704	67	0
1527953406.011079000	20.773	212	0
1527953406.011163000	20.7731	128	0
1527953406.013029000	20.775	89	1
1527953406.015534000	20.7775	72	0
1527953406.015627000	20.7776	156	0
1527953406.017014000	20.779	83	1
1527953406.066440000	20.8284	371	1
1527953406.066502000	20.8285	237	1
1527953406.097222000	20.8592	67	0
1527953406.453111000	21.2151	337	0
1527953406.453212000	21.2152	128	0
1527953406.455092000	21.217	86	1
1527953406.457521000	21.2195	72	0
1527953406.457961000	21.2199	258	0
1527953406.459048000	21.221	83	1
1527953406.524514000	21.2865	370	1
1527953406.524607000	21.2866	247	1
1527953406.544388000	21.3063	67	0
1527953406.742032000	21.504	217	0
1527953406.742195000	21.5041	128	0
1527953406.744171000	21.5061	86	1
1527953406.746178000	21.5081	72	0
1527953406.746675000	21.5086	220	0
1527953406.748136000	21.5101	83	1
1527953406.945783000	21.7077	369	1
1527953406.945876000	21.7078	241	1
1527953406.965981000	21.7279	67	0
1527953407.321773000	22.0837	255	0
1527953407.321775000	22.0837	128	0
1527953407.324186000	22.0861	86	1
1527953407.325596000	22.0876	72	0
1527953407.325598000	22.0876	115	0
1527953407.327163000	22.0891	83	1
1527953407.369640000	22.1316	373	1
1527953407.369721000	22.1317	245	1
1527953407.392022000	22.154	67	0
1527953407.757103000	22.5191	239	0
1527953407.757200000	22.5192	128	0
1527953407.759226000	22.5212	86	1
1527953407.761673000	22.5236	72	0
1527953407.761674000	22.5236	276	0
1527953407.763187000	22.5251	83	1
1527953407.990518000	22.7525	374	1
1527953407.990611000	22.7526	244	1
1527953408.010316000	22.7723	67	0
1527953408.485962000	23.2479	238	0
1527953408.485964000	23.2479	128	0
1527953408.488180000	23.2501	86	1
1527953408.511331000	23.2733	72	0
1527953408.511641000	23.2736	298	0
1527953408.513173000	23.2751	83	1
1527953408.634968000	23.3969	374	1
1527953408.635057000	23.397	254	1
1527953408.655222000	23.4172	67	0
1527953408.799801000	23.5618	283	1
1527953408.799889000	23.5618	1392	1
1527953408.799916000	23.5619	1392	1
1527953408.799958000	23.5619	1392	1
1527953408.800008000	23.562	521	1
1527953408.820545000	23.5825	67	0
1527953408.830832000	23.5928	67	0
1527953409.017133000	23.7791	238	0
1527953409.017135000	23.7791	128	0
1527953409.019217000	23.7812	92	1
1527953409.020832000	23.7828	72	0
1527953409.021266000	23.7832	155	0
1527953409.022205000	23.7842	83	1
1527953409.059635000	23.8216	373	1
1527953409.059710000	23.8217	542	1
1527953409.079354000	23.8413	67	0
1527953409.168387000	23.9303	371	0
1527953409.170232000	23.9322	83	1
1527953409.174516000	23.9365	60	0
1527953409.176217000	23.9382	80	1
1527953409.434615000	24.1966	223	0
1527953409.434943000	24.1969	128	0
1527953409.436239000	24.1982	83	1
1527953409.439148000	24.2011	72	0
1527953409.439227000	24.2012	160	0
1527953409.441240000	24.2032	83	1
1527953409.676460000	24.4384	369	1
1527953409.676552000	24.4385	244	1
1527953409.718346000	24.4803	369	1
1527953409.723193000	24.4851	67	0
1527953409.743601000	24.5056	67	0
1527953410.076815000	24.8388	334	0
1527953410.076817000	24.8388	128	0
1527953410.078277000	24.8402	89	1
1527953410.081412000	24.8434	72	0
1527953410.081551000	24.8435	252	0
1527953410.083272000	24.8452	83	1
1527953410.137861000	24.8998	973	1
1527953410.137938000	24.8999	249	1
1527953410.158300000	24.9203	67	0
1527953410.309908000	25.0719	213	0
1527953410.310001000	25.072	128	0
1527953410.311294000	25.0732	86	1
1527953410.314109000	25.0761	72	0
1527953410.314476000	25.0764	181	0
1527953410.316292000	25.0782	83	1
1527953410.355680000	25.1176	505	1
1527953410.355736000	25.1177	238	1
1527953410.376259000	25.1382	67	0
1527953410.730581000	25.4925	239	0
1527953410.730731000	25.4927	128	0
1527953410.732416000	25.4944	86	1
1527953410.735044000	25.497	72	0
1527953410.735308000	25.4973	285	0
1527953410.737317000	25.4993	83	1
1527953410.852717000	25.6147	834	1
1527953410.852779000	25.6147	480	1
1527953410.874808000	25.6368	67	0
1527953411.232085000	25.994	239	0
1527953411.232086000	25.994	128	0
1527953411.234335000	25.9963	86	1
1527953411.236626000	25.9986	72	0
1527953411.237317000	25.9993	281	0
1527953411.238315000	26.0003	83	1
1527953411.357700000	26.1197	374	1
1527953411.357758000	26.1197	242	1
1527953411.376544000	26.1385	67	0
1527953411.381508000	26.1435	67	0
1527953411.550932000	26.3129	236	0
1527953411.551029000	26.313	128	0
1527953411.552447000	26.3144	89	1
1527953411.555509000	26.3175	72	0
1527953411.556448000	26.3184	157	0
1527953411.557424000	26.3194	83	1
1527953411.864874000	26.6268	369	1
1527953411.864966000	26.6269	245	1
1527953411.906489000	26.6684	369	1
1527953411.919383000	26.6813	67	0
1527953411.958690000	26.7206	67	0
1527953412.235688000	26.9976	314	0
1527953412.236029000	26.998	128	0
1527953412.237467000	26.9994	89	1
1527953412.239875000	27.0018	72	0
1527953412.240319000	27.0023	318	0
1527953412.241387000	27.0033	83	1
1527953412.402769000	27.1647	372	1
1527953412.402862000	27.1648	246	1
1527953412.422909000	27.1849	67	0
1527953412.783457000	27.5454	240	0
1527953412.783611000	27.5456	128	0
1527953412.785444000	27.5474	86	1
1527953412.788782000	27.5507	72	0
1527953412.788784000	27.5507	86	0
1527953412.790417000	27.5524	83	1
1527953412.876230000	27.6382	369	1
1527953412.876324000	27.6383	244	1
1527953412.895207000	27.6572	67	0
1527953413.255277000	28.0172	257	0
1527953413.255278000	28.0172	128	0
1527953413.257242000	28.0192	72	0
1527953413.257329000	28.0193	237	0
1527953413.257458000	28.0194	92	1
1527953413.375954000	28.1379	374	1
1527953413.376015000	28.138	250	1
1527953413.396611000	28.1586	67	0
1527953413.753443000	28.5154	236	0
1527953413.753446000	28.5154	128	0
1527953413.755477000	28.5174	86	1
1527953413.758419000	28.5204	72	0
1527953413.759245000	28.5212	146	0
1527953413.760497000	28.5225	83	1
1527953413.814728000	28.5767	372	1
1527953413.814809000	28.5768	243	1
1527953413.835414000	28.5974	67	0
1527953413.975288000	28.7372	215	0
1527953413.975567000	28.7375	128	0
1527953413.977567000	28.7395	86	1
1527953413.980657000	28.7426	72	0
1527953413.980659000	28.7426	311	0
1527953413.982542000	28.7445	83	1
1527953414.053686000	28.8156	372	1
1527953414.053770000	28.8157	237	1
1527953414.074156000	28.8361	67	0
1527953414.433003000	29.195	212	0
1527953414.433104000	29.1951	128	0
1527953414.434503000	29.1965	86	1
1527953414.436159000	29.1981	72	0
1527953414.436245000	29.1982	213	0
1527953414.437520000	29.1995	83	1
1527953414.625216000	29.3872	371	1
1527953414.625309000	29.3873	247	1
1527953414.645863000	29.4078	67	0
1527953415.001071000	29.763	261	0
1527953415.001387000	29.7633	128	0
1527953415.002531000	29.7645	86	1
1527953415.004772000	29.7667	72	0
1527953415.004861000	29.7668	164	0
1527953415.006603000	29.7686	83	1
1527953415.074258000	29.8362	977	1
1527953415.074334000	29.8363	245	1
1527953415.094533000	29.8565	67	0
1527953415.469703000	30.2317	236	0
1527953415.469705000	30.2317	128	0
1527953415.471649000	30.2336	86	1
1527953415.472442000	30.2344	72	0
1527953415.472444000	30.2344	247	0
1527953415.474634000	30.2366	83	1
1527953415.489937000	30.2519	506	1
1527953415.490030000	30.252	249	1
1527953415.511111000	30.2731	67	0
1527953415.874467000	30.6364	216	0
1527953415.874636000	30.6366	128	0
1527953415.876681000	30.6386	86	1
1527953415.878777000	30.6407	72	0
1527953415.878779000	30.6407	107	0
1527953415.880669000	30.6426	83	1
1527953415.960195000	30.7221	834	1
1527953415.960297000	30.7223	248	1
1527953415.980424000	30.7424	67	0
1527953416.330552000	31.0925	215	0
1527953416.330898000	31.0929	128	0
1527953416.332704000	31.0947	86	1
1527953416.334649000	31.0966	72	0
1527953416.336346000	31.0983	254	0
1527953416.336778000	31.0987	83	1
1527953416.391206000	31.1532	370	1
1527953416.391283000	31.1532	245	1
1527953416.411147000	31.1731	67	0
1527953416.772724000	31.5347	334	0
1527953416.772818000	31.5348	128	0
1527953416.774729000	31.5367	86	1
1527953416.776909000	31.5389	72	0
1527953416.777307000	31.5393	165	0
1527953416.778705000	31.5407	83	1
1527953416.886136000	31.6481	369	1
1527953416.886230000	31.6482	247	1
1527953416.907268000	31.6692	67	0
1527953417.263194000	32.0251	215	0
1527953417.263284000	32.0252	128	0
1527953417.264759000	32.0267	86	1
1527953417.267259000	32.0292	72	0
1527953417.267677000	32.0296	79	0
1527953417.268666000	32.0306	83	1
1527953417.323890000	32.0858	373	1
1527953417.323965000	32.0859	239	1
1527953417.343884000	32.1058	67	0
1527953417.720957000	32.4829	236	0
1527953417.720959000	32.4829	128	0
1527953417.722718000	32.4847	86	1
1527953417.723965000	32.4859	72	0
1527953417.724051000	32.486	318	0
1527953417.725687000	32.4876	83	1
1527953417.800343000	32.5623	369	1
1527953417.800441000	32.5624	243	1
1527953417.819559000	32.5815	67	0
1527953417.951016000	32.713	238	0
1527953417.951113000	32.7131	128	0
1527953417.952795000	32.7147	86	1
1527953417.957231000	32.7192	72	0
1527953417.957307000	32.7193	242	0
1527953417.958798000	32.7208	83	1
1527953418.044269000	32.8062	369	1
1527953418.044359000	32.8063	237	1
1527953418.064388000	32.8263	67	0
1527953418.414457000	33.1764	213	0
1527953418.414619000	33.1766	128	0
1527953418.416823000	33.1788	86	1
1527953418.418563000	33.1805	72	0
1527953418.418565000	33.1805	258	0
1527953418.420800000	33.1828	83	1
1527953418.594175000	33.3561	372	1
1527953418.594238000	33.3562	356	1
1527953418.613387000	33.3753	67	0
1527953418.967664000	33.7296	338	0
1527953418.967797000	33.7298	128	0
1527953418.969875000	33.7318	86	1
1527953418.971495000	33.7334	72	0
1527953418.971497000	33.7335	278	0
1527953418.972825000	33.7348	83	1
1527953422.839628000	37.6016	373	1
1527953422.839706000	37.6017	236	1
1527953422.861237000	37.6232	67	0
1527953423.253392000	38.0153	285	0
1527953423.253394000	38.0153	128	0
1527953423.255090000	38.017	86	1
1527953423.258211000	38.0202	72	0
1527953423.258588000	38.0205	114	0
1527953423.259992000	38.0219	83	1
1527953423.384404000	38.1464	370	1
1527953423.384497000	38.1465	239	1
1527953423.404835000	38.1668	67	0
1527953423.767777000	38.5297	236	0
1527953423.767879000	38.5298	128	0
1527953423.770116000	38.5321	86	1
1527953423.772943000	38.5349	72	0
1527953423.773295000	38.5352	169	0
1527953423.775092000	38.537	83	1
1527953423.918100000	38.6801	371	1
1527953423.918191000	38.6801	237	1
1527953423.941026000	38.703	67	0
1527953424.296835000	39.0588	215	0
1527953424.296989000	39.0589	128	0
1527953424.299150000	39.0611	86	1
1527953424.299818000	39.0618	72	0
1527953424.299820000	39.0618	101	0
1527953424.301127000	39.0631	83	1
1527953424.359269000	39.1212	972	1
1527953424.359333000	39.1213	236	1
1527953424.379543000	39.1415	67	0
1527953424.756393000	39.5183	238	0
1527953424.756490000	39.5184	128	0
1527953424.758200000	39.5202	86	1
1527953424.760169000	39.5221	72	0
1527953424.760642000	39.5226	209	0
1527953424.762145000	39.5241	83	1
1527953424.785265000	39.5472	503	1
1527953424.785338000	39.5473	239	1
1527953424.805049000	39.567	67	0
1527953424.945601000	39.7076	235	0
1527953424.945893000	39.7078	128	0
1527953424.947112000	39.7091	86	1
1527953424.949164000	39.7111	72	0
1527953424.949260000	39.7112	310	0
1527953424.951159000	39.7131	83	1
1527953425.027207000	39.7892	380	1
1527953425.027251000	39.7892	236	1
1527953425.047675000	39.8096	67	0
1527953425.221265000	39.9832	213	0
1527953425.221268000	39.9832	128	0
1527953425.223253000	39.9852	86	1
1527953425.226639000	39.9886	72	0
1527953425.227145000	39.9891	176	0
1527953425.228110000	39.9901	83	1
1527953425.502435000	40.2644	817	1
1527953425.502494000	40.2644	237	1
1527953425.522458000	40.2844	67	0
1527953425.888592000	40.6505	238	0
1527953425.888683000	40.6506	128	0
1527953425.890195000	40.6521	86	1
1527953425.892694000	40.6546	72	0
1527953425.893154000	40.6551	192	0
1527953425.894145000	40.6561	83	1
1527953425.944186000	40.7061	370	1
1527953425.944275000	40.7062	237	1
1527953425.965485000	40.7274	67	0
1527953426.372880000	41.1348	213	0
1527953426.373539000	41.1355	128	0
1527953426.375203000	41.1372	86	1
1527953426.378984000	41.1409	72	0
1527953426.378986000	41.1409	256	0
1527953426.381187000	41.1431	83	1
1527953426.412331000	41.1743	213	0
1527953426.414182000	41.1761	80	1
1527953426.516356000	41.2783	368	1
1527953426.516426000	41.2784	236	1
1527953426.538770000	41.3007	67	0
1527953426.717555000	41.4795	334	0
1527953426.717694000	41.4796	128	0
1527953426.719218000	41.4812	86	1
1527953426.721762000	41.4837	72	0
1527953426.721764000	41.4837	144	0
1527953426.723203000	41.4852	83	1
1527953426.932332000	41.6943	369	1
1527953426.932400000	41.6944	236	1
1527953426.954044000	41.716	67	0
1527953427.313047000	42.075	216	0
1527953427.313200000	42.0752	128	0
1527953427.315266000	42.0772	86	1
1527953427.317532000	42.0795	72	0
1527953427.317535000	42.0795	148	0
1527953427.319237000	42.0812	83	1
1527953427.378564000	42.1405	370	1
1527953427.378660000	42.1406	237	1
1527953427.394769000	42.1567	80	0
1527953427.396254000	42.1582	80	1
1527953427.398454000	42.1604	67	0
1527953427.754535000	42.5165	236	0
1527953427.754696000	42.5166	128	0
1527953427.756302000	42.5183	86	1
1527953427.758988000	42.5209	72	0
1527953427.760042000	42.522	235	0
1527953427.760299000	42.5223	83	1
1527953427.868196000	42.6302	368	1
1527953427.868289000	42.6302	237	1
1527953427.888171000	42.6501	67	0
1527953428.067810000	42.8298	239	0
1527953428.067812000	42.8298	128	0
1527953428.069351000	42.8313	86	1
1527953428.070127000	42.8321	72	0
1527953428.070590000	42.8325	309	0
1527953428.072342000	42.8343	83	1
1527953428.768876000	43.5308	370	1
1527953428.768969000	43.5309	236	1
1527953428.788655000	43.5506	67	0
1527953429.152848000	43.9148	235	0
1527953429.153688000	43.9156	128	0
1527953429.154333000	43.9163	86	1
1527953429.157444000	43.9194	72	0
1527953429.157536000	43.9195	192	0
1527953429.159338000	43.9213	83	1
1527953429.324765000	44.0867	370	1
1527953429.324860000	44.0868	239	1
1527953429.346124000	44.1081	67	0
1527953429.730666000	44.4926	337	0
1527953429.730807000	44.4928	128	0
1527953429.730809000	44.4928	72	0
1527953429.730811000	44.4928	248	0
1527953429.732371000	44.4943	92	1
1527953429.826867000	44.5888	368	1
1527953429.826933000	44.5889	237	1
1527953429.848928000	44.6109	67	0
1527953430.011936000	44.7739	261	0
1527953430.011938000	44.7739	128	0
1527953430.013395000	44.7753	86	1
1527953430.016902000	44.7789	72	0
1527953430.016904000	44.7789	66	0
1527953430.018452000	44.7804	83	1
1527953430.238883000	45.0008	369	1
1527953430.238946000	45.0009	239	1
1527953430.269388000	45.0313	67	0
1527953430.393804000	45.1558	215	0
1527953430.393938000	45.1559	128	0
1527953430.395491000	45.1574	86	1
1527953430.395902000	45.1579	72	0
1527953430.396650000	45.1586	308	0
1527953430.397399000	45.1594	83	1
1527953430.661337000	45.4233	976	1
1527953430.661397000	45.4234	237	1
1527953430.681581000	45.4435	67	0
1527953431.044969000	45.8069	235	0
1527953431.044971000	45.8069	128	0
1527953431.046525000	45.8085	86	1
1527953431.048618000	45.8106	72	0
1527953431.049053000	45.811	77	0
1527953431.050507000	45.8125	83	1
1527953431.333710000	46.0957	506	1
1527953431.333799000	46.0958	236	1
1527953431.354529000	46.1165	67	0
1527953431.705869000	46.4678	235	0
1527953431.706075000	46.468	128	0
1527953431.707708000	46.4697	86	1
1527953431.710027000	46.472	72	0
1527953431.710029000	46.472	253	0
1527953431.711577000	46.4735	83	1
1527953431.727825000	46.4898	380	1
1527953431.727886000	46.4898	239	1
1527953431.747951000	46.5099	67	0
1527953432.100383000	46.8623	238	0
1527953432.100487000	46.8624	128	0
1527953432.102590000	46.8645	86	1
1527953432.103735000	46.8657	72	0
1527953432.103737000	46.8657	71	0
1527953432.105512000	46.8675	83	1
1527953432.281024000	47.043	817	1
1527953432.281118000	47.0431	237	1
1527953432.301435000	47.0634	67	0
1527953432.672711000	47.4347	235	0
1527953432.673093000	47.435	128	0
1527953432.674535000	47.4365	86	1
1527953432.675820000	47.4378	72	0
1527953432.675904000	47.4379	136	0
1527953432.677557000	47.4395	83	1
1527953432.702234000	47.4642	368	1
1527953432.702328000	47.4643	237	1
1527953432.721159000	47.4831	67	0
1527953433.096155000	47.8581	212	0
1527953433.096157000	47.8581	128	0
1527953433.097642000	47.8596	86	1
1527953433.101377000	47.8633	72	0
1527953433.101379000	47.8633	266	0
1527953433.103625000	47.8656	83	1
1527953433.254123000	48.0161	367	1
1527953433.254185000	48.0161	239	1
1527953433.273587000	48.0355	67	0
1527953433.640793000	48.4027	235	0
1527953433.640796000	48.4028	128	0
1527953433.642624000	48.4046	86	1
1527953433.644429000	48.4064	72	0
1527953433.644515000	48.4065	106	0
1527953433.645578000	48.4075	83	1
1527953433.817060000	48.579	367	1
1527953433.817155000	48.5791	236	1
1527953433.837879000	48.5998	67	0
1527953434.215779000	48.9777	311	0
1527953434.215867000	48.9778	128	0
1527953434.217641000	48.9796	86	1
1527953434.219666000	48.9816	72	0
1527953434.219766000	48.9817	271	0
1527953434.221651000	48.9836	83	1
1527953434.393219000	49.1552	370	1
1527953434.393312000	49.1553	237	1
1527953434.413267000	49.1752	67	0
1527953434.785536000	49.5475	238	0
1527953434.785640000	49.5476	128	0
1527953434.787703000	49.5497	86	1
1527953434.788208000	49.5502	72	0
1527953434.788669000	49.5506	97	0
1527953434.789664000	49.5516	83	1
1527953434.954990000	49.7169	370	1
1527953434.955052000	49.717	236	1
1527953434.974670000	49.7366	67	0
1527953435.368978000	50.1309	213	0
1527953435.368980000	50.1309	128	0
1527953435.370783000	50.1327	86	1
1527953435.374638000	50.1366	72	0
1527953435.374640000	50.1366	107	0
1527953435.376766000	50.1387	83	1
1527953435.401040000	50.163	368	1
1527953435.401134000	50.1631	237	1
1527953435.421456000	50.1834	67	0
1527953435.774516000	50.5365	259	0
1527953435.774518000	50.5365	128	0
1527953435.776797000	50.5388	86	1
1527953435.777628000	50.5396	72	0
1527953435.777630000	50.5396	319	0
1527953435.779782000	50.5417	83	1
1527953436.027580000	50.7895	372	1
1527953436.027674000	50.7896	238	1
1527953436.050615000	50.8126	67	0
1527953436.415179000	51.1771	213	0
1527953436.415282000	51.1772	128	0
1527953436.416857000	51.1788	86	1
1527953436.418513000	51.1805	72	0
1527953436.418516000	51.1805	140	0
1527953436.420821000	51.1828	83	1
1527953436.429943000	51.1919	369	1
1527953436.430029000	51.192	237	1
1527953436.450194000	51.2121	67	0
1527953436.820485000	51.5824	340	0
1527953436.821085000	51.583	128	0
1527953436.821782000	51.5837	86	1
1527953436.824979000	51.5869	72	0
1527953436.824980000	51.5869	258	0
1527953436.826838000	51.5888	83	1
1527953437.070991000	51.8329	372	1
1527953437.071080000	51.833	239	1
1527953437.091113000	51.8531	67	0
1527953437.244333000	52.0063	258	0
1527953437.244427000	52.0064	128	0
1527953437.245835000	52.0078	86	1
1527953437.252375000	52.0143	72	0
1527953437.252838000	52.0148	319	0
1527953437.253802000	52.0158	83	1
1527953437.432575000	52.1945	974	1
1527953437.432637000	52.1946	237	1
1527953437.453739000	52.2157	67	0
1527953437.588648000	52.3506	238	0
1527953437.588744000	52.3507	128	0
1527953437.590909000	52.3529	86	1
1527953437.594315000	52.3563	72	0
1527953437.594758000	52.3567	178	0
1527953437.595815000	52.3578	83	1
1527953438.104551000	52.8665	503	1
1527953438.104645000	52.8666	237	1
1527953438.124084000	52.886	67	0
1527953438.271339000	53.0333	215	0
1527953438.271441000	53.0334	128	0
1527953438.273251000	53.0352	86	1
1527953438.278398000	53.0404	72	0
1527953438.278399000	53.0404	95	0
1527953438.279931000	53.0419	83	1
1527953438.899226000	53.6612	381	1
1527953438.899326000	53.6613	237	1
1527953438.918384000	53.6803	67	0
1527953439.080432000	53.8424	236	0
1527953439.080510000	53.8425	128	0
1527953439.082010000	53.844	86	1
1527953439.084678000	53.8466	72	0
1527953439.085156000	53.8471	248	0
1527953439.086963000	53.8489	83	1
1527953439.509386000	54.2713	819	1
1527953439.509448000	54.2714	247	1
1527953439.529736000	54.2917	67	0
1527953439.900748000	54.6627	261	0
1527953439.900834000	54.6628	128	0
1527953439.902972000	54.6649	86	1
1527953439.905513000	54.6675	72	0
1527953439.905591000	54.6675	170	0
1527953439.907016000	54.669	83	1
1527953439.919903000	54.6819	373	1
1527953439.919986000	54.6819	236	1
1527953439.941372000	54.7033	67	0
1527953440.122052000	54.884	212	0
1527953440.122150000	54.8841	128	0
1527953440.124052000	54.886	86	1
1527953440.126529000	54.8885	72	0
1527953440.126531000	54.8885	164	0
1527953440.128026000	54.89	83	1
1527953440.166081000	54.928	212	0
1527953440.168028000	54.93	80	1
1527953440.227138000	54.9891	367	1
1527953440.227228000	54.9892	236	1
1527953440.263084000	55.025	367	1
1527953440.267658000	55.0296	67	0
1527953440.284151000	55.0461	67	0
1527953440.381090000	55.143	215	0
1527953440.381195000	55.1431	128	0
1527953440.383073000	55.145	89	1
1527953440.384969000	55.1469	72	0
1527953440.385413000	55.1474	142	0
1527953440.390053000	55.152	83	1
1527953440.584720000	55.3467	370	1
1527953440.584809000	55.3468	237	1
1527953440.605874000	55.3678	67	0
1527953440.735399000	55.4974	236	0
1527953440.736299000	55.4983	128	0
1527953440.737000000	55.499	86	1
1527953440.740488000	55.5024	72	0
1527953440.740922000	55.5029	294	0
1527953440.741998000	55.504	83	1
1527953441.224466000	55.9864	368	1
1527953441.224527000	55.9865	237	1
1527953441.244594000	56.0065	67	0
1527953441.375103000	56.1371	311	0
1527953441.375187000	56.1371	128	0
1527953441.377146000	56.1391	86	1
1527953441.380174000	56.1421	72	0
1527953441.380581000	56.1425	72	0
1527953441.382098000	56.1441	83	1
1527953441.720648000	56.4826	369	1
1527953441.720710000	56.4827	247	1
1527953441.740541000	56.5025	67	0
1527953442.075829000	56.8378	238	0
1527953442.075831000	56.8378	128	0
1527953442.078152000	56.8401	86	1
1527953442.079852000	56.8418	72	0
1527953442.079854000	56.8418	289	0
1527953442.082162000	56.8441	83	1
1527953442.499391000	57.2613	369	1
1527953442.499459000	57.2614	236	1
1527953442.520430000	57.2824	67	0
1527953442.695039000	57.457	236	0
1527953442.695041000	57.457	128	0
1527953442.697200000	57.4592	86	1
1527953442.701786000	57.4637	72	0
1527953442.702168000	57.4641	166	0
1527953442.703106000	57.4651	83	1
1527953442.714412000	57.4764	369	1
1527953442.714496000	57.4764	236	1
1527953442.734201000	57.4962	67	0
1527953442.868156000	57.6301	235	0
1527953442.868255000	57.6302	128	0
1527953442.870199000	57.6322	86	1
1527953442.872684000	57.6346	72	0
1527953442.873154000	57.6351	192	0
1527953442.874119000	57.6361	83	1
1527953443.370671000	58.1326	368	1
1527953443.370763000	58.1327	236	1
1527953443.390771000	58.1527	67	0
1527953443.534708000	58.2967	236	0
1527953443.534710000	58.2967	128	0
1527953443.536200000	58.2982	86	1
1527953443.542238000	58.3042	72	0
1527953443.542240000	58.3042	261	0
1527953443.544181000	58.3061	83	1
1527953443.757577000	58.5195	369	1
1527953443.757655000	58.5196	247	1
1527953443.778333000	58.5403	67	0
1527953443.921775000	58.6837	315	0
1527953443.921864000	58.6838	128	0
1527953443.923188000	58.6851	86	1
1527953443.926367000	58.6883	72	0
1527953443.926774000	58.6887	79	0
1527953443.928191000	58.6901	83	1
1527953444.248639000	59.0106	972	1
1527953444.248703000	59.0107	236	1
1527953444.270215000	59.0322	67	0
1527953444.406354000	59.1683	259	0
1527953444.406355000	59.1683	128	0
1527953444.408242000	59.1702	86	1
1527953444.410738000	59.1727	72	0
1527953444.410740000	59.1727	196	0
1527953444.412217000	59.1742	83	1
1527953444.464295000	59.2262	503	1
1527953444.464349000	59.2263	236	1
1527953444.484787000	59.2467	67	0
1527953444.666413000	59.4284	236	0
1527953444.666503000	59.4285	128	0
1527953444.668255000	59.4302	86	1
1527953444.670847000	59.4328	72	0
1527953444.670849000	59.4328	93	0
1527953444.672275000	59.4342	83	1
1527953444.872741000	59.6347	383	1
1527953444.872835000	59.6348	237	1
1527953444.892816000	59.6548	67	0
1527953445.046304000	59.8083	215	0
1527953445.046392000	59.8083	128	0
1527953445.048299000	59.8103	86	1
1527953445.055602000	59.8176	72	0
1527953445.055681000	59.8176	307	0
1527953445.057254000	59.8192	83	1
1527953445.573060000	60.335	817	1
1527953445.573124000	60.3351	236	1
1527953445.593630000	60.3556	67	0
1527953445.760744000	60.5227	238	0
1527953445.760841000	60.5228	128	0
1527953445.762355000	60.5243	86	1
1527953445.765214000	60.5272	72	0
1527953445.765602000	60.5276	95	0
1527953445.767302000	60.5293	83	1
1527953445.854692000	60.6166	370	1
1527953445.854787000	60.6167	237	1
1527953445.874895000	60.6368	67	0
1527953446.015170000	60.7771	236	0
1527953446.015307000	60.7773	128	0
1527953446.017350000	60.7793	86	1
1527953446.020958000	60.7829	72	0
1527953446.020960000	60.7829	230	0
1527953446.022383000	60.7843	83	1
1527953446.592034000	61.354	372	1
1527953446.592116000	61.3541	247	1
1527953446.612200000	61.3742	67	0
1527953446.769582000	61.5315	235	0
1527953446.769664000	61.5316	128	0
1527953446.771453000	61.5334	86	1
1527953446.779882000	61.5418	72	0
1527953446.781397000	61.5434	80	1
1527953446.782038000	61.544	273	0
1527953446.783409000	61.5454	80	1
1527953447.263778000	62.0257	368	1
1527953447.263837000	62.0258	237	1
1527953447.294169000	62.0561	67	0
1527953447.413817000	62.1758	215	0
1527953447.413819000	62.1758	128	0
1527953447.415391000	62.1773	86	1
1527953447.418261000	62.1802	72	0
1527953447.418264000	62.1802	167	0
1527953447.420451000	62.1824	83	1
1527953447.607336000	62.3693	373	1
1527953447.607435000	62.3694	239	1
1527953447.627968000	62.3899	67	0
1527953447.986445000	62.7484	236	0
1527953447.986529000	62.7485	128	0
1527953447.988506000	62.7505	86	1
1527953447.991048000	62.753	72	0
1527953447.991454000	62.7534	86	0
1527953447.992413000	62.7544	83	1
1527953448.247781000	63.0097	373	1
1527953448.247876000	63.0098	244	1
1527953448.269908000	63.0319	67	0
1527953448.412080000	63.174	309	0
1527953448.412194000	63.1741	128	0
1527953448.414548000	63.1765	86	1
1527953448.415915000	63.1779	72	0
1527953448.415917000	63.1779	319	0
1527953448.417500000	63.1795	83	1
1527953448.503926000	63.2659	369	1
1527953448.503988000	63.2659	237	1
1527953448.523756000	63.2857	67	0
1527953448.668536000	63.4305	238	0
1527953448.668640000	63.4306	128	0
1527953448.670538000	63.4325	86	1
1527953448.670985000	63.4329	72	0
1527953448.670987000	63.4329	132	0
1527953448.672567000	63.4345	83	1
1527953448.945659000	63.7076	373	1
1527953448.945729000	63.7077	236	1
1527953448.965511000	63.7275	67	0
1527953449.138640000	63.9006	215	0
1527953449.138718000	63.9007	128	0
1527953449.140584000	63.9025	86	1
1527953449.142463000	63.9044	72	0
1527953449.142465000	63.9044	117	0
1527953449.144544000	63.9065	83	1
1527953450.298263000	65.0602	370	1
1527953450.298330000	65.0603	237	1
1527953450.320443000	65.0824	67	0
1527953450.449305000	65.2113	238	0
1527953450.449307000	65.2113	128	0
1527953450.451627000	65.2136	86	1
1527953450.452640000	65.2146	72	0
1527953450.453163000	65.2151	111	0
1527953450.454607000	65.2166	83	1
1527953451.029014000	65.791	973	1
1527953451.029079000	65.791	244	1
1527953451.050147000	65.8121	67	0
1527953451.201773000	65.9637	236	0
1527953451.201776000	65.9637	128	0
1527953451.203675000	65.9656	86	1
1527953451.205790000	65.9677	72	0
1527953451.206652000	65.9686	191	0
1527953451.207588000	65.9695	83	1
1527953452.476635000	67.2386	502	1
1527953452.476728000	67.2387	239	1
1527953452.497487000	67.2594	67	0
1527953452.644984000	67.4069	238	0
1527953452.644987000	67.4069	128	0
1527953452.647148000	67.4091	86	1
1527953452.649400000	67.4114	72	0
1527953452.649402000	67.4114	292	0
1527953452.651135000	67.4131	83	1
1527953452.691450000	67.4534	385	1
1527953452.691530000	67.4535	238	1
1527953452.711494000	67.4734	67	0
1527953452.862515000	67.6245	361	0
1527953452.862517000	67.6245	128	0
1527953452.864166000	67.6261	86	1
1527953452.867000000	67.629	72	0
1527953452.867709000	67.6297	109	0
1527953452.869138000	67.6311	83	1
1527953452.971999000	67.734	816	1
1527953452.972096000	67.7341	238	1
1527953452.992613000	67.7546	67	0
1527953453.128590000	67.8905	212	0
1527953453.128678000	67.8906	128	0
1527953453.130181000	67.8921	86	1
1527953453.132640000	67.8946	72	0
1527953453.133506000	67.8955	180	0
1527953453.134075000	67.896	83	1
1527953453.173453000	67.9354	368	1
1527953453.173543000	67.9355	238	1
1527953453.193229000	67.9552	67	0
1527953453.553400000	68.3154	238	0
1527953453.553402000	68.3154	128	0
1527953453.555237000	68.3172	86	1
1527953453.556603000	68.3186	72	0
1527953453.558116000	68.3201	80	1
1527953453.558147000	68.3201	290	0
1527953453.560131000	68.3221	80	1
1527953453.791056000	68.553	374	1
1527953453.791161000	68.5531	241	1
1527953453.822275000	68.5842	67	0
1527953453.954768000	68.7167	215	0
1527953453.954867000	68.7168	128	0
1527953453.956156000	68.7181	86	1
1527953453.959417000	68.7214	72	0
1527953453.959419000	68.7214	151	0
1527953453.961218000	68.7232	83	1
1527953454.202225000	68.9642	369	1
1527953454.202322000	68.9643	238	1
1527953454.222710000	68.9847	67	0
1527953454.417745000	69.1797	213	0
1527953454.417747000	69.1797	128	0
1527953454.419206000	69.1812	86	1
1527953454.423680000	69.1856	72	0
1527953454.423682000	69.1856	80	0
1527953454.425172000	69.1871	83	1
1527953454.449009000	69.211	213	0
1527953454.451186000	69.2131	80	1
1527953454.467456000	69.2294	368	1
1527953454.467515000	69.2295	238	1
1527953454.471961000	69.2339	283	1
1527953454.472015000	69.234	1392	1
1527953454.472070000	69.234	1392	1
1527953454.472107000	69.2341	1392	1
1527953454.472143000	69.2341	222	1
1527953454.488006000	69.25	67	0
1527953454.494161000	69.2561	67	0
1527953454.644588000	69.4065	392	0
1527953454.646236000	69.4082	86	1
1527953454.651446000	69.4134	60	0
1527953454.653203000	69.4152	80	1
1527953454.656637000	69.4186	236	0
1527953454.656639000	69.4186	128	0
1527953454.658197000	69.4202	83	1
1527953454.660168000	69.4221	72	0
1527953454.660249000	69.4222	188	0
1527953454.662182000	69.4241	83	1
1527953454.832456000	69.5944	368	1
1527953454.832555000	69.5945	238	1
1527953454.864494000	69.6264	67	0
1527953454.996183000	69.7581	212	0
1527953454.996279000	69.7582	128	0
1527953454.998222000	69.7602	86	1
1527953455.002889000	69.7648	72	0
1527953455.002891000	69.7648	235	0
1527953455.005207000	69.7672	83	1
1527953455.248583000	70.0105	372	1
1527953455.248676000	70.0106	242	1
1527953455.271567000	70.0335	67	0
1527953455.411496000	70.1734	309	0
1527953455.411635000	70.1736	128	0
1527953455.413248000	70.1752	86	1
1527953455.415756000	70.1777	72	0
1527953455.415758000	70.1777	114	0
1527953455.417230000	70.1792	83	1
1527953455.887713000	70.6497	368	1
1527953455.887810000	70.6498	238	1
1527953455.907967000	70.6699	67	0
1527953456.049251000	70.8112	235	0
1527953456.049580000	70.8115	128	0
1527953456.051304000	70.8133	86	1
1527953456.054159000	70.8161	72	0
1527953456.054161000	70.8161	94	0
1527953456.056301000	70.8183	83	1
1527953456.292531000	71.0545	367	1
1527953456.292592000	71.0545	238	1
1527953456.312481000	71.0744	67	0
1527953456.447877000	71.2098	238	0
1527953456.447994000	71.2099	128	0
1527953456.450355000	71.2123	86	1
1527953456.452085000	71.214	72	0
1527953456.452637000	71.2146	236	0
1527953456.453262000	71.2152	83	1
1527953456.709942000	71.4719	976	1
1527953456.710036000	71.472	239	1
1527953456.732035000	71.494	67	0
1527953456.890162000	71.6521	216	0
1527953456.890164000	71.6521	128	0
1527953456.892389000	71.6543	86	1
1527953456.894532000	71.6565	72	0
1527953456.894534000	71.6565	120	0
1527953456.896379000	71.6583	83	1
1527953457.064757000	71.8267	505	1
1527953457.064839000	71.8268	239	1
1527953457.085845000	71.8478	67	0
1527953457.218266000	71.9802	236	0
1527953457.218268000	71.9802	128	0
1527953457.220425000	71.9824	86	1
1527953457.222593000	71.9845	72	0
1527953457.222595000	71.9845	290	0
1527953457.224394000	71.9863	83	1
1527953457.475920000	72.2379	363	1
1527953457.476020000	72.238	1392	1
1527953457.476047000	72.238	1392	1
1527953457.476090000	72.238	1392	1
1527953457.476142000	72.2381	1392	1
1527953457.476188000	72.2381	1392	1
1527953457.476220000	72.2382	1392	1
1527953457.476258000	72.2382	1392	1
1527953457.476299000	72.2383	1392	1
1527953457.476353000	72.2383	1392	1
1527953457.476378000	72.2383	1392	1
1527953457.476429000	72.2384	1392	1
1527953457.476454000	72.2384	1392	1
1527953457.476491000	72.2384	1392	1
1527953457.478378000	72.2403	1293	1
1527953457.495225000	72.2572	80	0
1527953457.497364000	72.2593	80	1
1527953457.499390000	72.2613	67	0
1527953457.676935000	72.4389	376	0
1527953457.678433000	72.4404	83	1
1527953457.688798000	72.4508	60	0
1527953457.690424000	72.4524	80	1
1527953457.697401000	72.4594	820	1
1527953457.697478000	72.4594	238	1
1527953457.718343000	72.4803	67	0
1527953457.867301000	72.6293	361	0
1527953457.867399000	72.6294	128	0
1527953457.869473000	72.6314	86	1
1527953457.870246000	72.6322	72	0
1527953457.870719000	72.6327	189	0
1527953457.872361000	72.6343	83	1
1527953458.054231000	72.8162	368	1
1527953458.054290000	72.8162	241	1
1527953458.074211000	72.8362	67	0
1527953458.214971000	72.9769	215	0
1527953458.215066000	72.977	128	0
1527953458.216500000	72.9785	86	1
1527953458.221256000	72.9832	72	0
1527953458.221668000	72.9836	250	0
1527953458.223409000	72.9854	83	1
1527953458.416274000	73.1782	370	1
1527953458.416367000	73.1783	239	1
1527953458.436659000	73.1986	67	0
1527953458.578205000	73.3402	236	0
1527953458.578295000	73.3402	128	0
1527953458.580431000	73.3424	86	1
1527953458.580780000	73.3427	72	0
1527953458.581090000	73.343	155	0
1527953458.582394000	73.3443	83	1
1527953458.785687000	73.5476	369	1
1527953458.785788000	73.5477	239	1
1527953458.822475000	73.5844	369	1
1527953458.830997000	73.593	67	0
1527953458.882410000	73.6444	67	0
1527953458.941178000	73.7031	213	0
1527953458.941265000	73.7032	128	0
1527953458.943455000	73.7054	89	1
1527953458.943780000	73.7057	72	0
1527953458.943861000	73.7058	240	0
1527953458.945461000	73.7074	83	1
1527953459.137004000	73.899	373	1
1527953459.137078000	73.899	240	1
1527953459.169171000	73.9311	67	0
1527953459.547727000	74.3097	236	0
1527953459.547961000	74.3099	128	0
1527953459.549543000	74.3115	86	1
1527953459.552158000	74.3141	72	0
1527953459.552160000	74.3141	90	0
1527953459.553519000	74.3155	83	1
1527953459.763138000	74.5251	369	1
1527953459.763227000	74.5252	238	1
1527953459.783245000	74.5452	67	0
1527953459.927644000	74.6896	215	0
1527953459.927646000	74.6896	128	0
1527953459.929567000	74.6915	86	1
1527953459.932477000	74.6944	72	0
1527953459.933271000	74.6952	120	0
1527953459.934482000	74.6964	83	1
1527953460.290186000	75.0521	370	1
1527953460.290260000	75.0522	238	1
1527953460.309833000	75.0718	67	0
1527953460.478875000	75.2408	259	0
1527953460.478877000	75.2408	128	0
1527953460.480595000	75.2425	86	1
1527953460.484369000	75.2463	72	0
1527953460.484371000	75.2463	126	0
1527953460.486571000	75.2485	83	1
1527953460.525137000	75.2871	369	1
1527953460.525217000	75.2872	238	1
1527953460.545137000	75.3071	67	0
1527953460.690215000	75.4522	311	0
1527953460.692618000	75.4546	83	1
1527953460.692668000	75.4546	128	0
1527953460.694606000	75.4566	80	1
1527953460.695443000	75.4574	72	0
1527953460.695445000	75.4574	312	0
1527953460.697588000	75.4595	83	1
1527953460.752598000	75.5146	370	1
1527953460.752693000	75.5146	238	1
1527953460.772931000	75.5349	67	0
1527953460.908918000	75.6709	213	0
1527953460.909006000	75.671	128	0
1527953460.910615000	75.6726	86	1
1527953460.914573000	75.6765	72	0
1527953460.914663000	75.6766	196	0
1527953460.916608000	75.6786	83	1
1527953461.266728000	76.0287	369	1
1527953461.266795000	76.0287	238	1
1527953461.286606000	76.0486	67	0
1527953461.427735000	76.1897	213	0
1527953461.427829000	76.1898	128	0
1527953461.429677000	76.1916	86	1
1527953461.431777000	76.1937	72	0
1527953461.431779000	76.1937	217	0
1527953461.433636000	76.1956	83	1
1527953461.955075000	76.717	972	1
1527953461.955140000	76.7171	238	1
1527953461.975122000	76.7371	67	0
1527953462.103459000	76.8654	236	0
1527953462.103557000	76.8655	128	0
1527953462.105700000	76.8677	86	1
1527953462.108117000	76.8701	72	0
1527953462.108536000	76.8705	239	0
1527953462.109608000	76.8716	83	1
1527953462.228827000	76.9908	503	1
1527953462.228893000	76.9908	240	1
1527953462.249377000	77.0113	67	0
1527953462.441219000	77.2032	215	0
1527953462.441322000	77.2033	128	0
1527953462.442648000	77.2046	86	1
1527953462.445464000	77.2074	72	0
1527953462.445466000	77.2074	188	0
1527953462.447692000	77.2096	83	1
1527953462.474898000	77.2369	215	0
1527953462.476688000	77.2386	80	1
1527953462.689941000	77.4519	382	1
1527953462.690039000	77.452	238	1
1527953462.720701000	77.4827	67	0
1527953462.854413000	77.6164	262	0
1527953462.854553000	77.6165	128	0
1527953462.856735000	77.6187	86	1
1527953462.858688000	77.6206	72	0
1527953462.858690000	77.6206	115	0
1527953462.860709000	77.6227	83	1
1527953463.156923000	77.9189	821	1
1527953463.157013000	77.919	239	1
1527953463.176520000	77.9385	67	0
1527953463.313441000	78.0754	213	0
1527953463.313538000	78.0755	128	0
1527953463.315743000	78.0777	86	1
1527953463.317526000	78.0795	72	0
1527953463.317625000	78.0796	219	0
1527953463.319753000	78.0817	83	1
1527953463.509227000	78.2712	372	1
1527953463.509321000	78.2713	238	1
1527953463.528753000	78.2907	67	0
1527953463.676853000	78.4388	238	0
1527953463.676854000	78.4388	128	0
1527953463.678783000	78.4407	86	1
1527953463.680089000	78.442	72	0
1527953463.680092000	78.442	136	0
1527953463.681760000	78.4437	83	1
1527953463.936263000	78.6982	370	1
1527953463.936337000	78.6983	240	1
1527953463.957151000	78.7191	67	0
1527953464.326534000	79.0885	363	0
1527953464.326632000	79.0886	128	0
1527953464.328844000	79.0908	86	1
1527953464.332159000	79.0941	72	0
1527953464.332619000	79.0946	308	0
1527953464.333732000	79.0957	83	1
1527953464.346746000	79.1087	369	1
1527953464.346805000	79.1088	239	1
1527953464.367094000	79.129	67	0
1527953464.509190000	79.2711	236	0
1527953464.509192000	79.2711	128	0
1527953464.510830000	79.2728	86	1
1527953464.512794000	79.2747	72	0
1527953464.512883000	79.2748	174	0
1527953464.514805000	79.2768	83	1
1527953464.940001000	79.702	369	1
1527953464.940072000	79.702	238	1
1527953464.960860000	79.7228	67	0
1527953465.088501000	79.8505	213	0
1527953465.088503000	79.8505	128	0
1527953465.089776000	79.8517	86	1
1527953465.093281000	79.8552	72	0
1527953465.093282000	79.8552	218	0
1527953465.094792000	79.8567	83	1
1527953465.305164000	80.0671	373	1
1527953465.305223000	80.0672	240	1
1527953465.325571000	80.0875	67	0
1527953465.458707000	80.2207	238	0
1527953465.458845000	80.2208	128	0
1527953465.460893000	80.2228	86	1
1527953465.462774000	80.2247	72	0
1527953465.463162000	80.2251	96	0
1527953465.464864000	80.2268	83	1
1527953465.722498000	80.4845	370	1
1527953465.722590000	80.4845	239	1
1527953465.742642000	80.5046	67	0
1527953466.145328000	80.9073	213	0
1527953466.145330000	80.9073	128	0
1527953466.146865000	80.9088	86	1
1527953466.149191000	80.9111	72	0
1527953466.149287000	80.9112	199	0
1527953466.150912000	80.9129	83	1
1527953466.184168000	80.9461	213	0
1527953466.185895000	80.9478	80	1
1527953466.323132000	81.0851	373	1
1527953466.323200000	81.0852	241	1
1527953466.344642000	81.1066	67	0
1527953466.472729000	81.2347	236	0
1527953466.472731000	81.2347	128	0
1527953466.474940000	81.2369	86	1
1527953466.476021000	81.238	72	0
1527953466.476024000	81.238	304	0
1527953466.477918000	81.2399	83	1
1527953466.761500000	81.5235	369	1
1527953466.761566000	81.5235	239	1
1527953466.781128000	81.5431	67	0
1527953466.911503000	81.6735	235	0
1527953466.911612000	81.6736	128	0
1527953466.913993000	81.6759	86	1
1527953466.915130000	81.6771	72	0
1527953466.915515000	81.6775	75	0
1527953466.916945000	81.6789	83	1
1527953467.184522000	81.9465	368	1
1527953467.184608000	81.9466	238	1
1527953467.206358000	81.9683	67	0
1527953467.363458000	82.1254	311	0
1527953467.363557000	82.1255	128	0
1527953467.365016000	82.127	86	1
1527953467.368197000	82.1302	72	0
1527953467.368338000	82.1303	276	0
1527953467.369968000	82.1319	83	1
1527953467.483295000	82.2452	973	1
1527953467.483371000	82.2453	238	1
1527953467.504413000	82.2664	67	0
1527953467.525390000	82.2873	67	0
1527953467.670129000	82.4321	238	0
1527953467.670131000	82.4321	128	0
1527953467.671930000	82.4339	89	1
1527953467.672841000	82.4348	72	0
1527953467.672932000	82.4349	259	0
1527953467.674953000	82.4369	83	1
1527953467.937454000	82.6994	507	1
1527953467.937513000	82.6995	242	1
1527953467.957917000	82.7199	67	0
1527953468.090832000	82.8528	212	0
1527953468.090834000	82.8528	128	0
1527953468.093059000	82.855	86	1
1527953468.094204000	82.8562	72	0
1527953468.094306000	82.8563	205	0
1527953468.096012000	82.858	83	1
1527953468.864374000	83.6263	379	1
1527953468.864466000	83.6264	238	1
1527953468.885163000	83.6471	67	0
1527953469.016767000	83.7787	236	0
1527953469.016849000	83.7788	128	0
1527953469.019107000	83.7811	86	1
1527953469.022066000	83.784	72	0
1527953469.022154000	83.7841	306	0
1527953469.024071000	83.786	83	1
1527953469.251346000	84.0133	817	1
1527953469.251410000	84.0134	240	1
1527953469.285614000	84.0476	67	0
1527953469.453871000	84.2158	238	0
1527953469.453874000	84.2158	128	0
1527953469.456111000	84.2181	86	1
1527953469.458212000	84.2202	72	0
1527953469.459606000	84.2216	197	0
1527953469.460068000	84.222	83	1
1527953469.479090000	84.241	238	0
1527953469.481093000	84.243	80	1
1527953469.557200000	84.3192	373	1
1527953469.557298000	84.3193	238	1
1527953469.579398000	84.3414	67	0
1527953469.725035000	84.487	236	0
1527953469.725038000	84.487	128	0
1527953469.727124000	84.4891	86	1
1527953469.729939000	84.4919	72	0
1527953469.729941000	84.4919	244	0
1527953469.732106000	84.4941	83	1
1527953470.147343000	84.9093	371	1
1527953470.147434000	84.9094	239	1
1527953470.167022000	84.929	67	0
1527953470.299494000	85.0614	215	0
1527953470.299495000	85.0614	128	0
1527953470.301081000	85.063	86	1
1527953470.304152000	85.0661	72	0
1527953470.304233000	85.0662	194	0
1527953470.306087000	85.068	83	1
1527953470.575291000	85.3372	370	1
1527953470.575355000	85.3373	238	1
1527953470.595878000	85.3578	67	0
1527953470.722895000	85.4848	236	0
1527953470.722999000	85.485	128	0
1527953470.725185000	85.4871	86	1
1527953470.727952000	85.4899	72	0
1527953470.728369000	85.4903	94	0
1527953470.730167000	85.4921	83	1
1527953470.841243000	85.6032	368	1
1527953470.841310000	85.6033	238	1
1527953470.860084000	85.622	67	0
1527953471.002170000	85.7641	361	0
1527953471.002313000	85.7643	128	0
1527953471.004216000	85.7662	86	1
1527953471.006411000	85.7684	72	0
1527953471.006413000	85.7684	156	0
1527953471.008181000	85.7701	83	1
1527953471.077449000	85.8394	369	1
1527953471.077511000	85.8395	239	1
1527953471.098159000	85.8601	67	0
1527953471.226112000	85.9881	213	0
1527953471.226202000	85.9882	128	0
1527953471.228235000	85.9902	86	1
1527953471.230973000	85.9929	72	0
1527953471.232809000	85.9948	267	0
1527953471.233280000	85.9952	83	1
1527953471.409728000	86.1717	373	1
1527953471.409818000	86.1718	240	1
1527953471.429855000	86.1918	67	0
1527953471.569482000	86.3314	236	0
1527953471.569627000	86.3316	128	0
1527953471.569629000	86.3316	72	0
1527953471.569631000	86.3316	154	0
1527953471.571154000	86.3331	92	1
1527953471.695377000	86.4573	369	1
1527953471.695475000	86.4574	238	1
1527953471.717744000	86.4797	67	0
1527953471.873669000	86.6356	216	0
1527953471.873671000	86.6356	128	0
1527953471.875184000	86.6371	86	1
1527953471.877365000	86.6393	72	0
1527953471.877367000	86.6393	306	0
1527953471.879191000	86.6411	83	1
1527953472.061684000	86.8236	371	1
1527953472.061745000	86.8237	239	1
1527953472.082926000	86.8449	67	0
1527953472.215287000	86.9772	215	0
1527953472.215368000	86.9773	128	0
1527953472.217205000	86.9792	86	1
1527953472.221247000	86.9832	72	0
1527953472.221332000	86.9833	259	0
1527953472.223198000	86.9852	83	1
1527953472.543591000	87.3055	370	1
1527953472.543655000	87.3056	238	1
1527953472.563190000	87.3251	67	0
1527953472.719148000	87.4811	234	0
1527953472.719150000	87.4811	128	0
1527953472.721272000	87.4832	86	1
1527953472.725101000	87.4871	72	0
1527953472.725103000	87.4871	306	0
1527953472.727213000	87.4892	83	1
1527953473.039909000	87.8019	974	1
1527953473.040004000	87.802	202	1
1527953473.061617000	87.8236	67	0
1527953473.198872000	87.9608	236	0
1527953473.199064000	87.961	128	0
1527953473.201284000	87.9632	86	1
1527953473.203651000	87.9656	72	0
1527953473.203653000	87.9656	142	0
1527953473.205254000	87.9672	83	1
1527953473.352651000	88.1146	506	1
1527953473.352743000	88.1147	296	1
1527953473.374526000	88.1365	67	0
1527953473.507234000	88.2692	335	0
1527953473.507329000	88.2693	128	0
1527953473.509302000	88.2713	86	1
1527953473.509411000	88.2714	72	0
1527953473.509992000	88.2719	163	0
1527953473.511271000	88.2732	83	1
1527953473.664873000	88.4268	830	1
1527953473.664936000	88.4269	296	1
1527953473.686666000	88.4486	67	0
1527953473.817350000	88.5793	213	0
1527953473.817452000	88.5794	128	0
1527953473.819364000	88.5813	86	1
1527953473.821392000	88.5833	72	0
1527953473.821842000	88.5838	164	0
1527953473.823347000	88.5853	83	1
1527953474.177980000	88.9399	372	1
1527953474.178064000	88.94	358	1
1527953474.213594000	88.9755	67	0
1527953474.337741000	89.0997	213	0
1527953474.338129000	89.1001	128	0
1527953474.339410000	89.1014	86	1
1527953474.344691000	89.1066	72	0
1527953474.344693000	89.1066	288	0
1527953474.346369000	89.1083	83	1
1527953474.443749000	89.2057	369	1
1527953474.443811000	89.2058	296	1
1527953474.463983000	89.2259	67	0
1527953474.606361000	89.3683	236	0
1527953474.606364000	89.3683	128	0
1527953474.608397000	89.3704	86	1
1527953474.611326000	89.3733	72	0
1527953474.611328000	89.3733	250	0
1527953474.613381000	89.3753	83	1
1527953475.894523000	90.6565	369	1
1527953475.894616000	90.6566	240	1
1527953475.915475000	90.6774	67	0
1527953476.049216000	90.8112	258	0
1527953476.049502000	90.8115	128	0
1527953476.051092000	90.813	86	1
1527953476.052976000	90.8149	72	0
1527953476.053076000	90.815	114	0
1527953476.055073000	90.817	83	1
1527953476.119561000	90.8815	371	1
1527953476.119630000	90.8816	238	1
1527953476.148463000	90.9104	67	0
1527953476.305524000	91.0675	215	0
1527953476.305860000	91.0678	128	0
1527953476.307094000	91.069	86	1
1527953476.310063000	91.072	72	0
1527953476.310530000	91.0725	93	0
1527953476.312076000	91.074	83	1
1527953476.815423000	91.5774	370	1
1527953476.815514000	91.5775	238	1
1527953476.835749000	91.5977	67	0
1527953476.985983000	91.7479	236	0
1527953476.985985000	91.7479	128	0
1527953476.988085000	91.75	86	1
1527953476.989885000	91.7518	72	0
1527953476.989887000	91.7518	92	0
1527953476.992113000	91.7541	83	1
1527953477.031110000	91.7931	368	1
1527953477.031174000	91.7931	238	1
1527953477.051803000	91.8138	67	0
1527953477.188954000	91.9509	215	0
1527953477.189041000	91.951	128	0
1527953477.191153000	91.9531	86	1
1527953477.192131000	91.9541	72	0
1527953477.192659000	91.9546	207	0
1527953477.194123000	91.9561	83	1
1527953477.447514000	92.2095	373	1
1527953477.447601000	92.2096	240	1
1527953477.477523000	92.2395	67	0
1527953477.646437000	92.4084	386	0
1527953477.646440000	92.4084	128	0
1527953477.648200000	92.4102	86	1
1527953477.652828000	92.4148	72	0
1527953477.654002000	92.416	282	0
1527953477.654077000	92.416	80	1
1527953477.656182000	92.4181	80	1
1527953477.686963000	92.4489	386	0
1527953477.689188000	92.4511	80	1
1527953477.709285000	92.4712	369	1
1527953477.709353000	92.4713	238	1
1527953477.729928000	92.4919	67	0
1527953477.868497000	92.6305	215	0
1527953477.868499000	92.6305	128	0
1527953477.870189000	92.6321	86	1
1527953477.871564000	92.6335	72	0
1527953477.872379000	92.6343	84	0
1527953477.873099000	92.6351	83	1
1527953478.216810000	92.9788	369	1
1527953478.216889000	92.9788	238	1
1527953478.236383000	92.9983	67	0
1527953478.365019000	93.127	212	0
1527953478.365157000	93.1271	128	0
1527953478.367213000	93.1292	86	1
1527953478.368546000	93.1305	72	0
1527953478.368548000	93.1305	272	0
1527953478.370188000	93.1321	83	1
1527953478.424295000	93.1862	368	1
1527953478.424392000	93.1863	238	1
1527953478.443759000	93.2057	67	0
1527953478.574379000	93.3363	239	0
1527953478.574382000	93.3363	128	0
1527953478.576214000	93.3382	86	1
1527953478.578386000	93.3403	72	0
1527953478.578388000	93.3403	261	0
1527953478.580185000	93.3421	83	1
1527953478.688663000	93.4506	973	1
1527953478.688727000	93.4507	240	1
1527953478.710085000	93.472	67	0
1527953478.858085000	93.62	212	0
1527953478.858088000	93.62	128	0
1527953478.860199000	93.6222	86	1
1527953478.861901000	93.6239	72	0
1527953478.861903000	93.6239	316	0
1527953478.863159000	93.6251	83	1
1527953479.094540000	93.8565	501	1
1527953479.094602000	93.8566	240	1
1527953479.116630000	93.8786	67	0
1527953479.263827000	94.0258	215	0
1527953479.263829000	94.0258	128	0
1527953479.266211000	94.0282	86	1
1527953479.267246000	94.0292	72	0
1527953479.267339000	94.0293	172	0
1527953479.269190000	94.0311	83	1
1527953480.012540000	94.7745	830	1
1527953480.012634000	94.7746	238	1
1527953480.032714000	94.7947	67	0
1527953480.177773000	94.9397	261	0
1527953480.179273000	94.9412	83	1
1527953480.179675000	94.9416	128	0
1527953480.181234000	94.9432	80	1
1527953480.183494000	94.9454	72	0
1527953480.185234000	94.9472	80	1
1527953480.187455000	94.9494	203	0
1527953480.189245000	94.9512	80	1
1527953480.460916000	95.2229	351	1
1527953480.461021000	95.223	1392	1
1527953480.461062000	95.223	1392	1
1527953480.461117000	95.2231	1392	1
1527953480.461154000	95.2231	1031	1
1527953480.484152000	95.2461	67	0
1527953480.615697000	95.3777	394	0
1527953480.617290000	95.3792	83	1
1527953480.621888000	95.3838	60	0
1527953480.623267000	95.3852	80	1
1527953480.700562000	95.4625	373	1
1527953480.700630000	95.4626	241	1
1527953480.721163000	95.4831	67	0
1527953480.866371000	95.6283	309	0
1527953480.866458000	95.6284	128	0
1527953480.868274000	95.6302	86	1
1527953480.871363000	95.6333	72	0
1527953480.871471000	95.6334	113	0
1527953480.873310000	95.6353	83	1
1527953481.074313000	95.8363	372	1
1527953481.074395000	95.8363	238	1
1527953481.112317000	95.8743	372	1
1527953481.138995000	95.9009	67	0
1527953481.178186000	95.9401	67	0
1527953481.230566000	95.9925	238	0
1527953481.230688000	95.9926	128	0
1527953481.232382000	95.9943	89	1
1527953481.234764000	95.9967	72	0
1527953481.235156000	95.9971	79	0
1527953481.236297000	95.9983	83	1
1527953481.518809000	96.2808	372	1
1527953481.518872000	96.2808	239	1
1527953481.539750000	96.3017	67	0
1527953481.674156000	96.4361	236	0
1527953481.674244000	96.4362	128	0
1527953481.676417000	96.4384	86	1
1527953481.677990000	96.4399	72	0
1527953481.678842000	96.4408	118	0
1527953481.679299000	96.4413	83	1
1527953481.949596000	96.7115	369	1
1527953481.949677000	96.7116	240	1
1527953481.969166000	96.7311	67	0
1527953482.121967000	96.8839	213	0
1527953482.121969000	96.8839	128	0
1527953482.123424000	96.8854	86	1
1527953482.125314000	96.8873	72	0
1527953482.125848000	96.8878	223	0
1527953482.127413000	96.8894	83	1
1527953482.408617000	97.1706	369	1
1527953482.408705000	97.1707	239	1
1527953482.429391000	97.1913	67	0
1527953482.565647000	97.3276	238	0
1527953482.565649000	97.3276	128	0
1527953482.567479000	97.3294	86	1
1527953482.569713000	97.3317	72	0
1527953482.570126000	97.3321	128	0
1527953482.571357000	97.3333	83	1
1527953482.637578000	97.3995	369	1
1527953482.637657000	97.3996	238	1
1527953482.657601000	97.4196	67	0
1527953482.811711000	97.5737	317	0
1527953482.811812000	97.5738	128	0
1527953482.813471000	97.5754	86	1
1527953482.814765000	97.5767	72	0
1527953482.815906000	97.5779	184	0
1527953482.816418000	97.5784	83	1
1527953482.853546000	97.6155	369	1
1527953482.853631000	97.6156	238	1
1527953482.873234000	97.6352	67	0
1527953482.882881000	97.6448	67	0
1527953483.241443000	98.0034	259	0
1527953483.241445000	98.0034	128	0
1527953483.243492000	98.0054	89	1
1527953483.247214000	98.0092	72	0
1527953483.247313000	98.0093	69	0
1527953483.249474000	98.0114	83	1
1527953483.409782000	98.1717	369	1
1527953483.409867000	98.1718	239	1
1527953483.429433000	98.1914	67	0
1527953483.587556000	98.3495	239	0
1527953483.587558000	98.3495	128	0
1527953483.589515000	98.3515	86	1
1527953483.590405000	98.3524	72	0
1527953483.590407000	98.3524	173	0
1527953483.592492000	98.3544	83	1
1527953483.911676000	98.6736	973	1
1527953483.911770000	98.6737	238	1
1527953483.934000000	98.696	67	0
1527953484.065500000	98.8275	215	0
1527953484.065502000	98.8275	128	0
1527953484.067556000	98.8295	86	1
1527953484.070402000	98.8324	72	0
1527953484.070768000	98.8327	209	0
1527953484.072528000	98.8345	83	1
1527953484.337923000	99.0999	508	1
1527953484.338007000	99.1	243	1
1527953484.358693000	99.1206	67	0
1527953484.493182000	99.2551	236	0
1527953484.493273000	99.2552	128	0
1527953484.494573000	99.2565	86	1
1527953484.497873000	99.2598	72	0
1527953484.497875000	99.2598	160	0
1527953484.499547000	99.2615	83	1
1527953484.720035000	99.482	828	1
1527953484.720099000	99.4821	238	1
1527953484.740532000	99.5025	67	0
1527953484.892354000	99.6543	213	0
1527953484.892444000	99.6544	128	0
1527953484.894588000	99.6565	86	1
1527953484.896990000	99.6589	72	0
1527953484.897410000	99.6594	120	0
1527953484.898503000	99.6605	83	1
1527953485.157132000	99.9191	368	1
1527953485.157208000	99.9192	239	1
1527953485.177094000	99.939	67	0
1527953485.314298000	100.076	239	0
1527953485.314300000	100.076	128	0
1527953485.316630000	100.079	86	1
1527953485.318731000	100.081	72	0
1527953485.318733000	100.081	98	0
1527953485.320606000	100.083	83	1
1527953485.818152000	100.58	370	1
1527953485.818245000	100.58	238	1
1527953485.837797000	100.6	67	0
1527953485.994579000	100.757	236	0
1527953485.994953000	100.757	128	0
1527953485.996656000	100.759	86	1
1527953485.997564000	100.76	72	0
1527953485.997566000	100.76	293	0
1527953485.999632000	100.762	83	1
1527953486.495101000	101.257	369	1
1527953486.495185000	101.257	238	1
1527953486.514888000	101.277	67	0
1527953486.645369000	101.407	236	0
1527953486.645507000	101.407	128	0
1527953486.647698000	101.41	86	1
1527953486.650203000	101.412	72	0
1527953486.650298000	101.412	89	0
1527953486.651665000	101.414	83	1
1527953486.759872000	101.522	372	1
1527953486.759933000	101.522	238	1
1527953486.779935000	101.542	67	0
1527953486.913469000	101.675	216	0
1527953486.913568000	101.676	128	0
1527953486.915728000	101.678	86	1
1527953486.918509000	101.68	72	0
1527953486.918511000	101.68	265	0
1527953486.920703000	101.683	83	1
1527953486.986735000	101.749	371	1
1527953486.986831000	101.749	238	1
1527953487.008108000	101.77	67	0
1527953487.260938000	102.023	311	0
1527953487.260940000	102.023	128	0
1527953487.262718000	102.025	86	1
1527953487.266160000	102.028	72	0
1527953487.266250000	102.028	116	0
1527953487.267705000	102.03	83	1
1527953487.732937000	102.495	373	1
1527953487.733028000	102.495	240	1
1527953487.753737000	102.516	67	0
1527953487.902055000	102.664	261	0
1527953487.902150000	102.664	128	0
1527953487.903792000	102.666	86	1
1527953487.905714000	102.668	72	0
1527953487.905816000	102.668	126	0
1527953487.907743000	102.67	83	1
1527953487.998137000	102.76	369	1
1527953487.998233000	102.76	238	1
1527953488.023724000	102.786	67	0
1527953488.195465000	102.957	215	0
1527953488.195607000	102.958	128	0
1527953488.197784000	102.96	86	1
1527953488.200742000	102.963	72	0
1527953488.200834000	102.963	270	0
1527953488.202756000	102.965	83	1
1527953488.233749000	102.996	370	1
1527953488.233832000	102.996	215	0
1527953488.233859000	102.996	238	1
1527953488.235765000	102.998	80	1
1527953488.253053000	103.015	67	0
1527953488.386126000	103.148	217	0
1527953488.386228000	103.148	128	0
1527953488.387801000	103.15	86	1
1527953488.389956000	103.152	72	0
1527953488.389958000	103.152	104	0
1527953488.391772000	103.154	83	1
1527953488.500298000	103.262	371	1
1527953488.500382000	103.262	240	1
1527953488.520539000	103.282	67	0
1527953488.666693000	103.429	236	0
1527953488.666695000	103.429	128	0
1527953488.668759000	103.431	86	1
1527953488.671427000	103.433	72	0
1527953488.671512000	103.433	210	0
1527953488.672732000	103.435	83	1
1527953489.017159000	103.779	371	1
1527953489.017255000	103.779	239	1
1527953489.037585000	103.8	67	0
1527953489.179790000	103.942	318	0
1527953489.179792000	103.942	128	0
1527953489.181832000	103.944	86	1
1527953489.183537000	103.945	72	0
1527953489.184773000	103.947	216	0
1527953489.184791000	103.947	80	1
1527953489.186768000	103.949	80	1
1527953489.429237000	104.191	973	1
1527953489.429332000	104.191	240	1
1527953489.450155000	104.212	67	0
1527953489.589887000	104.352	282	0
1527953489.589889000	104.352	128	0
1527953489.591811000	104.354	86	1
1527953489.593979000	104.356	72	0
1527953489.594407000	104.356	224	0
1527953489.595839000	104.358	83	1
1527953489.787274000	104.549	507	1
1527953489.787358000	104.549	241	1
1527953489.806827000	104.569	67	0
1527953489.940974000	104.703	213	0
1527953489.940976000	104.703	128	0
1527953489.942879000	104.705	86	1
1527953489.946175000	104.708	72	0
1527953489.946269000	104.708	90	0
1527953489.947859000	104.71	83	1
1527953490.159250000	104.921	829	1
1527953490.159344000	104.921	238	1
1527953490.180583000	104.943	67	0
1527953490.360494000	105.122	216	0
1527953490.360496000	105.122	128	0
1527953490.362906000	105.125	86	1
1527953490.369457000	105.131	72	0
1527953490.369459000	105.131	250	0
1527953490.370886000	105.133	83	1
1527953490.423456000	105.185	216	0
1527953490.424881000	105.187	80	1
1527953490.655526000	105.417	371	1
1527953490.655617000	105.418	238	1
1527953490.677325000	105.439	67	0
1527953490.807278000	105.569	238	0
1527953490.807280000	105.569	128	0
1527953490.808929000	105.571	86	1
1527953490.811775000	105.574	72	0
1527953490.812165000	105.574	248	0
1527953490.813909000	105.576	83	1
1527953491.331408000	106.093	370	1
1527953491.331505000	106.093	241	1
1527953491.353112000	106.115	67	0
1527953491.492096000	106.254	235	0
1527953491.492177000	106.254	128	0
1527953491.493966000	106.256	86	1
1527953491.498761000	106.261	72	0
1527953491.499012000	106.261	121	0
1527953491.500949000	106.263	83	1
1527953492.016766000	106.779	367	1
1527953492.016828000	106.779	239	1
1527953492.037385000	106.799	67	0
1527953492.164798000	106.927	236	0
1527953492.164911000	106.927	128	0
1527953492.167012000	106.929	86	1
1527953492.169722000	106.932	72	0
1527953492.170030000	106.932	69	0
1527953492.171996000	106.934	83	1
1527953492.495393000	107.257	369	1
1527953492.495458000	107.257	240	1
1527953492.516294000	107.278	67	0
1527953492.653539000	107.415	236	0
1527953492.653542000	107.415	128	0
1527953492.654961000	107.417	86	1
1527953492.658990000	107.421	72	0
1527953492.658992000	107.421	176	0
1527953492.661018000	107.423	83	1
1527953492.723080000	107.485	369	1
1527953492.723174000	107.485	239	1
1527953492.744118000	107.506	67	0
1527953492.894513000	107.656	216	0
1527953492.894595000	107.657	128	0
1527953492.896065000	107.658	86	1
1527953492.899880000	107.662	72	0
1527953492.899882000	107.662	213	0
1527953492.902024000	107.664	83	1
1527953493.815461000	108.577	370	1
1527953493.815559000	108.578	239	1
1527953493.837484000	108.599	67	0
1527953493.970225000	108.732	332	0
1527953493.970307000	108.732	128	0
1527953493.972127000	108.734	86	1
1527953493.973546000	108.736	72	0
1527953493.973548000	108.736	240	0
1527953493.975114000	108.737	83	1
1527953494.296269000	109.058	372	1
1527953494.296366000	109.058	238	1
1527953494.316446000	109.078	67	0
1527953494.444425000	109.206	259	0
1527953494.444870000	109.207	128	0
1527953494.446060000	109.208	86	1
1527953494.448091000	109.21	72	0
1527953494.448181000	109.21	89	0
1527953494.450115000	109.212	83	1
1527953494.622405000	109.384	369	1
1527953494.622498000	109.384	238	1
1527953494.642318000	109.404	67	0
1527953494.791565000	109.554	215	0
1527953494.791817000	109.554	128	0
1527953494.793094000	109.555	86	1
1527953494.794604000	109.557	72	0
1527953494.794681000	109.557	216	0
1527953494.796076000	109.558	83	1
1527953496.519704000	111.282	369	1
1527953496.519766000	111.282	238	1
1527953496.541350000	111.303	67	0
1527953496.672252000	111.434	236	0
1527953496.672254000	111.434	128	0
1527953496.674056000	111.436	86	1
1527953496.677806000	111.44	72	0
1527953496.677808000	111.44	214	0
1527953496.680033000	111.442	83	1
1527953496.927489000	111.689	373	1
1527953496.927564000	111.69	240	1
1527953496.948383000	111.71	67	0
1527953497.105227000	111.867	213	0
1527953497.105621000	111.868	128	0
1527953497.107016000	111.869	86	1
1527953497.110546000	111.873	72	0
1527953497.110672000	111.873	158	0
1527953497.112012000	111.874	83	1
1527953497.300259000	112.062	971	1
1527953497.300353000	112.062	238	1
1527953497.321266000	112.083	67	0
1527953497.453832000	112.216	340	0
1527953497.453952000	112.216	128	0
1527953497.456104000	112.218	86	1
1527953497.458162000	112.22	72	0
1527953497.458968000	112.221	215	0
1527953497.460010000	112.222	83	1
1527953497.896526000	112.658	504	1
1527953497.896600000	112.659	238	1
1527953497.916869000	112.679	67	0
1527953498.056218000	112.818	258	0
1527953498.056220000	112.818	128	0
1527953498.058138000	112.82	86	1
1527953498.061030000	112.823	72	0
1527953498.061033000	112.823	150	0
1527953498.063061000	112.825	83	1
1527953498.275448000	113.037	831	1
1527953498.275541000	113.037	241	1
1527953498.296501000	113.058	67	0
1527953498.442192000	113.204	215	0
1527953498.442194000	113.204	128	0
1527953498.444154000	113.206	86	1
1527953498.446433000	113.208	72	0
1527953498.446435000	113.208	165	0
1527953498.448135000	113.21	83	1
1527953499.446033000	114.208	369	1
1527953499.446115000	114.208	238	1
1527953499.467132000	114.229	67	0
1527953499.612587000	114.375	235	0
1527953499.612589000	114.375	128	0
1527953499.614212000	114.376	86	1
1527953499.617761000	114.38	72	0
1527953499.617763000	114.38	166	0
1527953499.619194000	114.381	83	1
1527953499.651148000	114.413	368	1
1527953499.651200000	114.413	238	1
1527953499.672316000	114.434	67	0
1527953499.824525000	114.586	215	0
1527953499.824618000	114.587	128	0
1527953499.826169000	114.588	86	1
1527953499.828228000	114.59	72	0
1527953499.828306000	114.59	254	0
1527953499.830155000	114.592	83	1
1527953499.998409000	114.76	370	1
1527953499.998469000	114.76	238	1
1527953500.018170000	114.78	67	0
1527953500.169124000	114.931	213	0
1527953500.169205000	114.931	128	0
1527953500.171215000	114.933	86	1
1527953500.174196000	114.936	72	0
1527953500.174289000	114.936	256	0
1527953500.176189000	114.938	83	1
1527953500.433544000	115.195	369	1
1527953500.433623000	115.196	241	1
1527953500.453744000	115.216	67	0
1527953500.610652000	115.373	236	0
1527953500.610654000	115.373	128	0
1527953500.612264000	115.374	86	1
1527953500.615666000	115.378	72	0
1527953500.615669000	115.378	306	0
1527953500.617205000	115.379	83	1
1527953500.706389000	115.468	369	1
1527953500.706468000	115.468	238	1
1527953500.728108000	115.49	67	0
1527953500.858580000	115.621	236	0
1527953500.858897000	115.621	128	0
1527953500.860220000	115.622	86	1
1527953500.863149000	115.625	72	0
1527953500.865229000	115.627	80	1
1527953500.911897000	115.674	171	0
1527953500.914250000	115.676	80	1
1527953501.101370000	115.863	371	1
1527953501.101470000	115.863	239	1
1527953501.121507000	115.883	67	0
