1527838510.242184000	0	75	1
1527838510.258390000	0.016206	86	0
1527838528.856301000	18.6141	777	1
1527838528.856344000	18.6142	112	1
1527838528.856386000	18.6142	275	1
1527838528.870601000	18.6284	74	0
1527838528.872149000	18.63	74	0
1527838528.873578000	18.6314	74	0
1527838528.875118000	18.6329	112	0
1527838528.975490000	18.7333	452	0
1527838528.975549000	18.7334	74	1
1527838528.976993000	18.7348	357	0
1527838528.980588000	18.7384	263	0
1527838528.980616000	18.7384	74	1
1527838528.982087000	18.7399	243	0
1527838528.983516000	18.7413	112	0
1527838528.983536000	18.7414	74	1
1527838528.983650000	18.7415	112	1
1527838529.038177000	18.796	74	0
1527838530.203079000	19.9609	1222	1
1527838530.203164000	19.961	340	1
1527838530.218092000	19.9759	74	0
1527838530.219584000	19.9774	74	0
1527838530.525208000	20.283	281	0
1527838530.526668000	20.2845	382	0
1527838530.526700000	20.2845	74	1
1527838530.528678000	20.2865	232	0
1527838530.530158000	20.288	333	0
1527838530.530188000	20.288	74	1
1527838530.531665000	20.2895	112	0
1527838530.532002000	20.2898	112	1
1527838530.546706000	20.3045	74	0
1527838530.725496000	20.4833	401	1
1527838530.725553000	20.4834	278	1
1527838530.741704000	20.4995	74	0
1527838530.743175000	20.501	74	0
1527838531.061097000	20.8189	281	0
1527838531.062569000	20.8204	202	0
1527838531.062602000	20.8204	74	1
1527838531.064772000	20.8226	126	0
1527838531.066331000	20.8241	199	0
1527838531.066355000	20.8242	74	1
1527838531.067897000	20.8257	112	0
1527838531.068128000	20.8259	112	1
1527838531.088605000	20.8464	74	0
1527838531.170830000	20.9286	400	1
1527838531.170872000	20.9287	272	1
1527838531.185980000	20.9438	74	0
1527838531.187586000	20.9454	74	0
1527838531.298672000	21.0565	283	0
1527838531.300137000	21.058	380	0
1527838531.300170000	21.058	74	1
1527838531.302168000	21.06	259	0
1527838531.303595000	21.0614	165	0
1527838531.303614000	21.0614	74	1
1527838531.305161000	21.063	112	0
1527838531.305448000	21.0633	112	1
1527838531.319945000	21.0778	74	0
1527838531.409759000	21.1676	401	1
1527838531.409833000	21.1676	274	1
1527838531.424552000	21.1824	74	0
1527838531.435164000	21.193	74	0
1527838531.744015000	21.5018	281	0
1527838531.745488000	21.5033	337	0
1527838531.745513000	21.5033	74	1
1527838531.747337000	21.5052	136	0
1527838531.748814000	21.5066	125	0
1527838531.748833000	21.5066	74	1
1527838531.750438000	21.5083	112	0
1527838531.750775000	21.5086	112	1
1527838531.769969000	21.5278	74	0
1527838531.853990000	21.6118	399	1
1527838531.854039000	21.6119	276	1
1527838531.870092000	21.6279	74	0
1527838531.871579000	21.6294	74	0
1527838532.016943000	21.7748	283	0
1527838532.018483000	21.7763	405	0
1527838532.018517000	21.7763	74	1
1527838532.020900000	21.7787	359	0
1527838532.022391000	21.7802	357	0
1527838532.022416000	21.7802	74	1
1527838532.023819000	21.7816	112	0
1527838532.023973000	21.7818	112	1
1527838532.045577000	21.8034	74	0
1527838532.125238000	21.8831	401	1
1527838532.125293000	21.8831	273	1
1527838532.145000000	21.9028	74	0
1527838532.146485000	21.9043	74	0
1527838532.448435000	22.2063	281	0
1527838532.449911000	22.2077	193	0
1527838532.449946000	22.2078	74	1
1527838532.451538000	22.2094	345	0
1527838532.453004000	22.2108	247	0
1527838532.453033000	22.2108	74	1
1527838532.454475000	22.2123	112	0
1527838532.454640000	22.2125	112	1
1527838532.469499000	22.2273	74	0
1527838532.555126000	22.3129	397	1
1527838532.555202000	22.313	276	1
1527838532.570544000	22.3284	74	0
1527838532.572035000	22.3299	74	0
1527838532.884399000	22.6422	281	0
1527838532.887070000	22.6449	229	0
1527838532.887102000	22.6449	74	1
1527838532.893453000	22.6513	158	0
1527838532.894976000	22.6528	335	0
1527838532.895001000	22.6528	74	1
1527838532.896495000	22.6543	112	0
1527838532.896755000	22.6546	112	1
1527838532.919801000	22.6776	74	0
1527838533.022630000	22.7804	396	1
1527838533.022686000	22.7805	278	1
1527838533.068399000	22.8262	74	0
1527838533.069822000	22.8276	74	0
1527838533.404182000	23.162	283	0
1527838533.405720000	23.1635	279	0
1527838533.405751000	23.1636	74	1
1527838533.409144000	23.167	337	0
1527838533.410628000	23.1684	344	0
1527838533.410657000	23.1685	74	1
1527838533.412132000	23.1699	112	0
1527838533.412259000	23.1701	112	1
1527838533.426594000	23.1844	74	0
1527838533.623826000	23.3816	397	1
1527838533.623869000	23.3817	273	1
1527838533.638002000	23.3958	74	0
1527838533.639487000	23.3973	74	0
1527838533.792171000	23.55	283	0
1527838533.793685000	23.5515	351	0
1527838533.793715000	23.5515	74	1
1527838533.796478000	23.5543	265	0
1527838533.797998000	23.5558	214	0
1527838533.798027000	23.5558	74	1
1527838533.799633000	23.5574	112	0
1527838533.799869000	23.5577	112	1
1527838533.814748000	23.5726	74	0
1527838534.392367000	24.1502	402	1
1527838534.392422000	24.1502	277	1
1527838534.409189000	24.167	74	0
1527838534.410746000	24.1686	74	0
1527838534.718822000	24.4766	281	0
1527838534.720781000	24.4786	220	0
1527838534.720817000	24.4786	74	1
1527838534.724905000	24.4827	221	0
1527838534.726324000	24.4841	344	0
1527838534.726345000	24.4842	74	1
1527838534.727869000	24.4857	112	0
1527838534.728008000	24.4858	112	1
1527838534.743234000	24.501	74	0
1527838534.881302000	24.6391	775	1
1527838534.881383000	24.6392	275	1
1527838534.897220000	24.655	74	0
1527838534.898763000	24.6566	74	0
1527838535.207931000	24.9657	283	0
1527838535.209402000	24.9672	220	0
1527838535.209441000	24.9673	74	1
1527838535.212774000	24.9706	162	0
1527838535.214211000	24.972	328	0
1527838535.214240000	24.9721	74	1
1527838535.215698000	24.9735	112	0
1527838535.215829000	24.9736	112	1
1527838535.230068000	24.9879	74	0
1527838535.261498000	25.0193	1220	1
1527838535.261550000	25.0194	275	1
1527838535.278931000	25.0367	74	0
1527838535.283684000	25.0415	74	0
1527838535.720168000	25.478	281	0
1527838535.721707000	25.4795	248	0
1527838535.721737000	25.4796	74	1
1527838535.723987000	25.4818	210	0
1527838535.725536000	25.4834	243	0
1527838535.725559000	25.4834	74	1
1527838535.727041000	25.4849	112	0
1527838535.727202000	25.485	112	1
1527838535.751654000	25.5095	74	0
1527838535.920372000	25.6782	397	1
1527838535.920458000	25.6783	277	1
1527838535.939180000	25.697	74	0
1527838535.940678000	25.6985	74	0
1527838536.244555000	26.0024	283	0
1527838536.246034000	26.0038	308	0
1527838536.246065000	26.0039	74	1
1527838536.249159000	26.007	235	0
1527838536.250636000	26.0085	111	0
1527838536.250666000	26.0085	74	1
1527838536.252144000	26.01	112	0
1527838536.252272000	26.0101	112	1
1527838536.275754000	26.0336	74	0
1527838536.331358000	26.0892	401	1
1527838536.331413000	26.0892	279	1
1527838536.346352000	26.1042	74	0
1527838536.347896000	26.1057	74	0
1527838536.654630000	26.4124	283	0
1527838536.656044000	26.4139	215	0
1527838536.656074000	26.4139	74	1
1527838536.658301000	26.4161	227	0
1527838536.659857000	26.4177	267	0
1527838536.659881000	26.4177	74	1
1527838536.661306000	26.4191	112	0
1527838536.661641000	26.4195	112	1
1527838536.675505000	26.4333	74	0
1527838536.763472000	26.5213	397	1
1527838536.763543000	26.5214	273	1
1527838536.777743000	26.5356	74	0
1527838536.779230000	26.537	74	0
1527838536.888079000	26.6459	284	0
1527838536.889572000	26.6474	219	0
1527838536.889594000	26.6474	74	1
1527838536.892910000	26.6507	221	0
1527838536.894377000	26.6522	347	0
1527838536.894395000	26.6522	74	1
1527838536.895875000	26.6537	112	0
1527838536.896071000	26.6539	112	1
1527838536.911799000	26.6696	74	0
1527838537.063319000	26.8211	398	1
1527838537.063364000	26.8212	276	1
1527838537.077670000	26.8355	74	0
1527838537.079157000	26.837	74	0
1527838537.211537000	26.9694	281	0
1527838537.213024000	26.9708	324	0
1527838537.213053000	26.9709	74	1
1527838537.215061000	26.9729	115	0
1527838537.216569000	26.9744	109	0
1527838537.216593000	26.9744	74	1
1527838537.218063000	26.9759	112	0
1527838537.218456000	26.9763	112	1
1527838537.232980000	26.9908	74	0
1527838540.877792000	30.6356	397	1
1527838540.877868000	30.6357	273	1
1527838540.892064000	30.6499	74	0
1527838540.893548000	30.6514	74	0
1527838541.217943000	30.9758	283	0
1527838541.219441000	30.9773	257	0
1527838541.219473000	30.9773	74	1
1527838541.224391000	30.9822	366	0
1527838541.225950000	30.9838	104	0
1527838541.225979000	30.9838	74	1
1527838541.227502000	30.9853	112	0
1527838541.227751000	30.9856	112	1
1527838541.243145000	31.001	74	0
1527838541.268156000	31.026	400	1
1527838541.268238000	31.0261	274	1
1527838541.284493000	31.0423	74	0
1527838541.285979000	31.0438	74	0
1527838541.607866000	31.3657	281	0
1527838541.609360000	31.3672	327	0
1527838541.609391000	31.3672	74	1
1527838541.613340000	31.3712	312	0
1527838541.614831000	31.3726	314	0
1527838541.614854000	31.3727	74	1
1527838541.616336000	31.3742	112	0
1527838541.616604000	31.3744	112	1
1527838541.631686000	31.3895	74	0
1527838542.689177000	32.447	396	1
1527838542.689264000	32.4471	277	1
1527838542.703983000	32.4618	74	0
1527838542.705470000	32.4633	74	0
1527838543.066083000	32.8239	283	0
1527838543.067634000	32.8255	347	0
1527838543.067668000	32.8255	74	1
1527838543.071388000	32.8292	351	0
1527838543.072926000	32.8307	214	0
1527838543.072944000	32.8308	74	1
1527838543.074437000	32.8323	112	0
1527838543.074616000	32.8324	112	1
1527838543.090063000	32.8479	74	0
1527838543.107435000	32.8653	398	1
1527838543.107475000	32.8653	274	1
1527838543.121563000	32.8794	74	0
1527838543.123047000	32.8809	74	0
1527838543.428961000	33.1868	283	0
1527838543.430402000	33.1882	319	0
1527838543.430435000	33.1883	74	1
1527838543.434609000	33.1924	213	0
1527838543.463987000	33.2218	284	0
1527838543.464035000	33.2219	74	1
1527838543.465473000	33.2233	112	0
1527838543.465619000	33.2234	112	1
1527838543.480881000	33.2387	74	0
1527838543.569626000	33.3274	397	1
1527838543.569714000	33.3275	277	1
1527838543.585011000	33.3428	74	0
1527838543.586450000	33.3443	74	0
1527838543.729246000	33.4871	283	0
1527838543.730723000	33.4885	235	0
1527838543.730758000	33.4886	74	1
1527838543.733439000	33.4913	320	0
1527838543.734936000	33.4928	159	0
1527838543.734969000	33.4928	74	1
1527838543.736430000	33.4942	112	0
1527838543.736712000	33.4945	112	1
1527838543.751257000	33.5091	74	0
1527838543.997719000	33.7555	398	1
1527838543.997761000	33.7556	275	1
1527838544.023687000	33.7815	74	0
1527838544.025065000	33.7829	74	0
1527838544.335769000	34.0936	280	0
1527838544.337271000	34.0951	402	0
1527838544.337304000	34.0951	74	1
1527838544.342879000	34.1007	351	0
1527838544.344410000	34.1022	240	0
1527838544.344437000	34.1023	74	1
1527838544.345983000	34.1038	112	0
1527838544.346209000	34.104	112	1
1527838544.366172000	34.124	74	0
1527838544.407891000	34.1657	399	1
1527838544.407971000	34.1658	277	1
1527838544.422729000	34.1805	74	0
1527838544.424219000	34.182	74	0
1527838544.742489000	34.5003	283	0
1527838544.744018000	34.5018	240	0
1527838544.744051000	34.5019	74	1
1527838544.747456000	34.5053	255	0
1527838544.748963000	34.5068	227	0
1527838544.748988000	34.5068	74	1
1527838544.750413000	34.5082	112	0
1527838544.750528000	34.5083	112	1
1527838544.766406000	34.5242	74	0
1527838544.867664000	34.6255	776	1
1527838544.867719000	34.6255	273	1
1527838544.883768000	34.6416	74	0
1527838544.885324000	34.6431	74	0
1527838545.219150000	34.977	281	0
1527838545.220634000	34.9785	272	0
1527838545.220665000	34.9785	74	1
1527838545.224500000	34.9823	279	0
1527838545.225963000	34.9838	306	0
1527838545.225979000	34.9838	74	1
1527838545.227517000	34.9853	112	0
1527838545.227769000	34.9856	112	1
1527838545.249505000	35.0073	74	0
1527838545.617895000	35.3757	1219	1
1527838545.617975000	35.3758	273	1
1527838545.633525000	35.3913	74	0
1527838545.644509000	35.4023	74	0
1527838545.816740000	35.5746	284	0
1527838545.818254000	35.5761	345	0
1527838545.818284000	35.5761	74	1
1527838545.819804000	35.5776	341	0
1527838545.821248000	35.5791	112	0
1527838545.821272000	35.5791	74	1
1527838545.821446000	35.5793	112	1
1527838545.844770000	35.6026	74	0
1527838549.196976000	38.9548	378	1
1527838549.197083000	38.9549	1434	1
1527838549.197089000	38.9549	1434	1
1527838549.197092000	38.9549	236	1
1527838549.197146000	38.955	1434	1
1527838549.197151000	38.955	338	1
1527838549.212279000	38.9701	74	0
1527838549.213760000	38.9716	74	0
1527838549.215225000	38.973	74	0
1527838549.216796000	38.9746	74	0
1527838549.405062000	39.1629	330	1
1527838549.405115000	39.1629	277	1
1527838549.420019000	39.1778	74	0
1527838549.421624000	39.1794	74	0
1527838549.513834000	39.2717	439	0
1527838549.519778000	39.2776	104	0
1527838549.519809000	39.2776	74	1
1527838549.521269000	39.2791	112	0
1527838549.521454000	39.2793	112	1
1527838549.537139000	39.295	74	0
1527838549.564812000	39.3226	283	0
1527838549.566267000	39.3241	314	0
1527838549.566297000	39.3241	74	1
1527838549.567917000	39.3257	215	0
1527838549.569341000	39.3272	347	0
1527838549.569363000	39.3272	74	1
1527838549.570835000	39.3287	112	0
1527838549.570947000	39.3288	112	1
1527838549.620432000	39.3782	397	1
1527838549.620474000	39.3783	274	1
1527838549.626167000	39.384	74	0
1527838549.634679000	39.3925	74	0
1527838549.945189000	39.703	281	0
1527838549.946683000	39.7045	399	0
1527838549.946716000	39.7045	74	1
1527838549.954570000	39.7124	126	0
1527838549.980168000	39.738	114	0
1527838549.980193000	39.738	74	1
1527838549.981717000	39.7395	112	0
1527838549.981949000	39.7398	112	1
1527838549.996615000	39.7544	74	0
1527838550.051242000	39.8091	396	1
1527838550.051287000	39.8091	277	1
1527838550.066745000	39.8246	74	0
1527838550.068365000	39.8262	74	0
1527838550.388844000	40.1467	283	0
1527838550.390332000	40.1481	193	0
1527838550.390365000	40.1482	74	1
1527838550.393005000	40.1508	336	0
1527838550.394448000	40.1523	329	0
1527838550.394469000	40.1523	74	1
1527838550.396002000	40.1538	112	0
1527838550.396273000	40.1541	112	1
1527838550.410089000	40.1679	74	0
1527838550.461549000	40.2194	397	1
1527838550.461625000	40.2194	274	1
1527838550.477180000	40.235	74	0
1527838550.478734000	40.2366	74	0
1527838550.586686000	40.3445	281	0
1527838550.588192000	40.346	380	0
1527838550.588222000	40.346	74	1
1527838550.590897000	40.3487	130	0
1527838550.592381000	40.3502	116	0
1527838550.592406000	40.3502	74	1
1527838550.593897000	40.3517	112	0
1527838550.594139000	40.352	112	1
1527838550.608341000	40.3662	74	0
1527838550.850972000	40.6088	399	1
1527838550.851060000	40.6089	275	1
1527838550.867102000	40.6249	74	0
1527838550.868587000	40.6264	74	0
1527838551.172775000	40.9306	281	0
1527838551.174254000	40.9321	238	0
1527838551.174286000	40.9321	74	1
1527838551.176830000	40.9346	357	0
1527838551.178379000	40.9362	330	0
1527838551.178401000	40.9362	74	1
1527838551.179787000	40.9376	112	0
1527838551.179939000	40.9378	112	1
1527838551.195739000	40.9536	74	0
1527838551.321948000	41.0798	399	1
1527838551.321994000	41.0798	274	1
1527838551.337226000	41.095	74	0
1527838551.338764000	41.0966	74	0
1527838551.444048000	41.2019	283	0
1527838551.445474000	41.2033	358	0
1527838551.445507000	41.2033	74	1
1527838551.447927000	41.2057	225	0
1527838551.449407000	41.2072	237	0
1527838551.449427000	41.2072	74	1
1527838551.450919000	41.2087	112	0
1527838551.451188000	41.209	112	1
1527838551.465913000	41.2237	74	0
1527838552.092029000	41.8498	401	1
1527838552.092117000	41.8499	278	1
1527838552.118055000	41.8759	74	0
1527838552.119486000	41.8773	74	0
1527838552.227221000	41.985	283	0
1527838552.228766000	41.9866	249	0
1527838552.228795000	41.9866	74	1
1527838552.232249000	41.9901	257	0
1527838552.233772000	41.9916	235	0
1527838552.233794000	41.9916	74	1
1527838552.235219000	41.993	112	0
1527838552.235380000	41.9932	112	1
1527838552.249495000	42.0073	74	0
1527838552.741342000	42.4992	397	1
1527838552.741397000	42.4992	273	1
1527838552.756523000	42.5143	74	0
1527838552.758103000	42.5159	74	0
1527838552.899339000	42.6572	281	0
1527838552.900822000	42.6586	254	0
1527838552.900901000	42.6587	74	1
1527838552.905735000	42.6636	307	0
1527838552.907355000	42.6652	287	0
1527838552.907381000	42.6652	74	1
1527838552.908772000	42.6666	112	0
1527838552.908923000	42.6667	112	1
1527838552.924383000	42.6822	74	0
1527838553.080851000	42.8387	396	1
1527838553.080907000	42.8387	274	1
1527838553.095821000	42.8536	74	0
1527838553.100431000	42.8582	74	0
1527838553.404724000	43.1625	279	0
1527838553.406169000	43.164	376	0
1527838553.406198000	43.164	74	1
1527838553.409343000	43.1672	123	0
1527838553.410840000	43.1687	321	0
1527838553.410864000	43.1687	74	1
1527838553.412241000	43.1701	112	0
1527838553.412389000	43.1702	112	1
1527838553.428111000	43.1859	74	0
1527838553.881085000	43.6389	399	1
1527838553.881128000	43.6389	277	1
1527838553.895692000	43.6535	74	0
1527838553.897247000	43.6551	74	0
1527838554.003917000	43.7617	284	0
1527838554.005387000	43.7632	194	0
1527838554.005414000	43.7632	74	1
1527838554.018127000	43.7759	208	0
1527838554.019621000	43.7774	209	0
1527838554.019655000	43.7775	74	1
1527838554.021131000	43.7789	112	0
1527838554.021354000	43.7792	112	1
1527838554.049162000	43.807	74	0
1527838554.211907000	43.9697	777	1
1527838554.211986000	43.9698	273	1
1527838554.226650000	43.9845	74	0
1527838554.228179000	43.986	74	0
1527838554.533871000	44.2917	279	0
1527838554.535320000	44.2931	423	0
1527838554.535352000	44.2932	74	1
1527838554.537989000	44.2958	130	0
1527838554.539481000	44.2973	311	0
1527838554.539500000	44.2973	74	1
1527838554.540997000	44.2988	112	0
1527838554.541128000	44.2989	112	1
1527838554.556169000	44.314	74	0
1527838554.632342000	44.3902	1217	1
1527838554.632394000	44.3902	275	1
1527838554.648694000	44.4065	74	0
1527838554.650164000	44.408	74	0
1527838554.987676000	44.7455	283	0
1527838554.989171000	44.747	185	0
1527838554.989206000	44.747	74	1
1527838554.990623000	44.7484	361	0
1527838554.992111000	44.7499	323	0
1527838554.992193000	44.75	74	1
1527838554.993600000	44.7514	112	0
1527838554.993848000	44.7517	112	1
1527838555.011922000	44.7697	74	0
1527838555.049818000	44.8076	397	1
1527838555.049901000	44.8077	278	1
1527838555.063931000	44.8217	74	0
1527838555.065422000	44.8232	74	0
1527838555.372566000	45.1304	281	0
1527838555.374045000	45.1319	339	0
1527838555.374080000	45.1319	74	1
1527838555.376260000	45.1341	122	0
1527838555.377866000	45.1357	277	0
1527838555.377890000	45.1357	74	1
1527838555.379296000	45.1371	112	0
1527838555.379466000	45.1373	112	1
1527838555.395388000	45.1532	74	0
1527838555.520753000	45.2786	400	1
1527838555.520824000	45.2786	276	1
1527838555.537825000	45.2956	74	0
1527838555.539322000	45.2971	74	0
1527838555.727272000	45.4851	283	0
1527838555.728828000	45.4866	406	0
1527838555.728861000	45.4867	74	1
1527838555.731581000	45.4894	222	0
1527838555.733070000	45.4909	191	0
1527838555.733096000	45.4909	74	1
1527838555.734481000	45.4923	112	0
1527838555.734638000	45.4925	112	1
1527838555.750804000	45.5086	74	0
1527838556.421221000	46.179	397	1
1527838556.421264000	46.1791	277	1
1527838556.435561000	46.1934	74	0
1527838556.437112000	46.1949	74	0
1527838556.764181000	46.522	283	0
1527838556.765666000	46.5235	391	0
1527838556.765701000	46.5235	74	1
1527838556.767153000	46.525	250	0
1527838556.768695000	46.5265	232	0
1527838556.768724000	46.5265	74	1
1527838556.770171000	46.528	112	0
1527838556.770401000	46.5282	112	1
1527838556.785073000	46.5429	74	0
1527838556.851158000	46.609	397	1
1527838556.851236000	46.6091	275	1
1527838556.865447000	46.6233	74	0
1527838556.870199000	46.628	74	0
1527838556.973914000	46.7317	281	0
1527838556.975326000	46.7331	189	0
1527838556.975351000	46.7332	74	1
1527838556.977397000	46.7352	128	0
1527838556.978844000	46.7367	205	0
1527838556.978864000	46.7367	74	1
1527838556.980318000	46.7381	112	0
1527838556.980471000	46.7383	112	1
1527838556.995406000	46.7532	74	0
1527838557.700343000	47.4582	399	1
1527838557.700398000	47.4582	275	1
1527838557.714938000	47.4728	74	0
1527838557.716426000	47.4742	74	0
1527838557.861223000	47.619	281	0
1527838557.862815000	47.6206	285	0
1527838557.862845000	47.6207	74	1
1527838557.866078000	47.6239	230	0
1527838557.867627000	47.6254	158	0
1527838557.867653000	47.6255	74	1
1527838557.869133000	47.6269	112	0
1527838557.869356000	47.6272	112	1
1527838557.883383000	47.6412	74	0
1527838558.110167000	47.868	396	1
1527838558.110253000	47.8681	275	1
1527838558.127026000	47.8848	74	0
1527838558.128509000	47.8863	74	0
1527838558.438828000	48.1966	283	0
1527838558.440231000	48.198	246	0
1527838558.440258000	48.1981	74	1
1527838558.442622000	48.2004	316	0
1527838558.444108000	48.2019	142	0
1527838558.444134000	48.202	74	1
1527838558.445546000	48.2034	112	0
1527838558.445709000	48.2035	112	1
1527838558.460867000	48.2187	74	0
1527838558.642181000	48.4	401	1
1527838558.642268000	48.4001	278	1
1527838558.657026000	48.4148	74	0
1527838558.658542000	48.4164	74	0
1527838558.980251000	48.7381	283	0
1527838558.981730000	48.7395	333	0
1527838558.981759000	48.7396	74	1
1527838558.985411000	48.7432	251	0
1527838558.986950000	48.7448	292	0
1527838558.986977000	48.7448	74	1
1527838558.988518000	48.7463	112	0
1527838558.988725000	48.7465	112	1
1527838559.004538000	48.7624	74	0
1527838559.112938000	48.8708	398	1
1527838559.112981000	48.8708	273	1
1527838559.128739000	48.8866	74	0
1527838559.130226000	48.888	74	0
1527838559.454161000	49.212	281	0
1527838559.455641000	49.2135	371	0
1527838559.455674000	49.2135	74	1
1527838559.460634000	49.2185	303	0
1527838559.489910000	49.2477	355	0
1527838559.489943000	49.2478	74	1
1527838559.491435000	49.2493	112	0
1527838559.491719000	49.2495	112	1
1527838559.510908000	49.2687	74	0
1527838559.813240000	49.5711	397	1
1527838559.813402000	49.5712	278	1
1527838559.827779000	49.5856	74	0
1527838559.829272000	49.5871	74	0
1527838559.935163000	49.693	281	0
1527838559.936640000	49.6945	395	0
1527838559.936670000	49.6945	74	1
1527838559.939998000	49.6978	195	0
1527838559.941511000	49.6993	258	0
1527838559.941528000	49.6993	74	1
1527838559.943012000	49.7008	112	0
1527838559.943145000	49.701	112	1
1527838559.960847000	49.7187	74	0
1527838560.042523000	49.8003	397	1
1527838560.042610000	49.8004	276	1
1527838560.058608000	49.8164	74	0
1527838560.060101000	49.8179	74	0
1527838560.169557000	49.9274	281	0
1527838560.171022000	49.9288	306	0
1527838560.171060000	49.9289	74	1
1527838560.172571000	49.9304	243	0
1527838560.174060000	49.9319	352	0
1527838560.174090000	49.9319	74	1
1527838560.175563000	49.9334	112	0
1527838560.175706000	49.9335	112	1
1527838560.191571000	49.9494	74	0
1527838560.284365000	50.0422	775	1
1527838560.284443000	50.0423	274	1
1527838560.298665000	50.0565	74	0
1527838560.610804000	50.3686	280	0
1527838560.612256000	50.3701	319	0
1527838560.612291000	50.3701	74	1
1527838560.613803000	50.3716	341	0
1527838560.615228000	50.373	217	0
1527838560.615255000	50.3731	74	1
1527838560.616767000	50.3746	112	0
1527838560.617006000	50.3748	112	1
1527838560.632743000	50.3906	74	0
1527838560.747340000	50.5052	1222	1
1527838560.747422000	50.5052	273	1
1527838560.762575000	50.5204	74	0
1527838560.763994000	50.5218	74	0
1527838561.067171000	50.825	281	0
1527838561.068652000	50.8265	230	0
1527838561.068690000	50.8265	74	1
1527838561.071111000	50.8289	114	0
1527838561.072605000	50.8304	270	0
1527838561.072629000	50.8304	74	1
1527838561.074040000	50.8319	112	0
1527838561.074209000	50.832	112	1
1527838561.098003000	50.8558	74	0
1527838561.781468000	51.5393	397	1
1527838561.781545000	51.5394	278	1
1527838561.796745000	51.5546	74	0
1527838561.798399000	51.5562	74	0
1527838562.108012000	51.8658	283	0
1527838562.109448000	51.8673	350	0
1527838562.109479000	51.8673	74	1
1527838562.113350000	51.8712	222	0
1527838562.114768000	51.8726	317	0
1527838562.114785000	51.8726	74	1
1527838562.116347000	51.8742	112	0
1527838562.116567000	51.8744	112	1
1527838562.130848000	51.8887	74	0
1527838562.225564000	51.9834	398	1
1527838562.225606000	51.9834	274	1
1527838562.240346000	51.9982	74	0
1527838562.244968000	52.0028	74	0
1527838562.367217000	52.125	283	0
1527838562.368761000	52.1266	292	0
1527838562.368791000	52.1266	74	1
1527838562.372992000	52.1308	218	0
1527838562.374445000	52.1323	165	0
1527838562.374465000	52.1323	74	1
1527838562.376035000	52.1339	112	0
1527838562.376285000	52.1341	112	1
1527838562.397187000	52.155	74	0
1527838563.260600000	53.0184	398	1
1527838563.260654000	53.0185	273	1
1527838563.286572000	53.0444	74	0
1527838563.288903000	53.0467	74	0
1527838563.597685000	53.3555	280	0
1527838563.599173000	53.357	371	0
1527838563.599204000	53.357	74	1
1527838563.603548000	53.3614	202	0
1527838563.604963000	53.3628	256	0
1527838563.604979000	53.3628	74	1
1527838563.606545000	53.3644	112	0
1527838563.606781000	53.3646	112	1
1527838563.620839000	53.3787	74	0
1527838563.731254000	53.4891	398	1
1527838563.731341000	53.4892	276	1
1527838563.748778000	53.5066	74	0
1527838563.750271000	53.5081	74	0
1527838564.162767000	53.9206	280	0
1527838564.164191000	53.922	236	0
1527838564.164240000	53.9221	74	1
1527838564.168733000	53.9265	125	0
1527838564.170177000	53.928	267	0
1527838564.170197000	53.928	74	1
1527838564.171715000	53.9295	112	0
1527838564.171983000	53.9298	112	1
1527838564.186330000	53.9441	74	0
1527838564.340621000	54.0984	400	1
1527838564.340694000	54.0985	281	1
1527838564.354676000	54.1125	74	0
1527838564.356158000	54.114	74	0
1527838564.473351000	54.2312	281	0
1527838564.474877000	54.2327	265	0
1527838564.474919000	54.2327	74	1
1527838564.478000000	54.2358	333	0
1527838564.479552000	54.2374	247	0
1527838564.479574000	54.2374	74	1
1527838564.481060000	54.2389	112	0
1527838564.481301000	54.2391	112	1
1527838564.500671000	54.2585	74	0
1527838564.649488000	54.4073	400	1
1527838564.649563000	54.4074	275	1
1527838564.665858000	54.4237	74	0
1527838564.667387000	54.4252	74	0
1527838564.814129000	54.5719	281	0
1527838564.815597000	54.5734	281	0
1527838564.815620000	54.5734	74	1
1527838564.819373000	54.5772	150	0
1527838564.820847000	54.5787	318	0
1527838564.820874000	54.5787	74	1
1527838564.822351000	54.5802	112	0
1527838564.822498000	54.5803	112	1
1527838564.836705000	54.5945	74	0
1527838564.858225000	54.616	401	1
1527838564.858304000	54.6161	278	1
1527838564.873345000	54.6312	74	0
1527838565.213701000	54.9715	281	0
1527838565.215175000	54.973	248	0
1527838565.215200000	54.973	74	1
1527838565.218662000	54.9765	140	0
1527838565.220079000	54.9779	286	0
1527838565.220096000	54.9779	74	1
1527838565.221659000	54.9795	112	0
1527838565.221892000	54.9797	112	1
1527838565.236017000	54.9938	74	0
1527838565.380876000	55.1387	401	1
1527838565.380980000	55.1388	279	1
1527838565.396111000	55.1539	74	0
1527838565.397763000	55.1556	74	0
1527838565.713061000	55.4709	284	0
1527838565.714556000	55.4724	276	0
1527838565.714590000	55.4724	74	1
1527838565.718890000	55.4767	323	0
1527838565.720301000	55.4781	206	0
1527838565.720319000	55.4781	74	1
1527838565.721882000	55.4797	112	0
1527838565.722126000	55.4799	112	1
1527838565.737049000	55.4949	74	0
1527838565.836224000	55.594	398	1
1527838565.836311000	55.5941	278	1
1527838565.863171000	55.621	74	0
1527838565.864680000	55.6225	74	0
1527838566.173074000	55.9309	283	0
1527838566.174629000	55.9324	172	0
1527838566.174660000	55.9325	74	1
1527838566.178327000	55.9361	242	0
1527838566.179745000	55.9376	342	0
1527838566.179761000	55.9376	74	1
1527838566.181262000	55.9391	112	0
1527838566.181504000	55.9393	112	1
1527838566.196203000	55.954	74	0
1527838566.940839000	56.6987	409	1
1527838566.940915000	56.6987	276	1
1527838566.958669000	56.7165	74	0
1527838566.960162000	56.718	74	0
1527838567.266142000	57.024	281	0
1527838567.267678000	57.0255	221	0
1527838567.267711000	57.0255	74	1
1527838567.270696000	57.0285	360	0
1527838567.272169000	57.03	253	0
1527838567.272190000	57.03	74	1
1527838567.273617000	57.0314	112	0
1527838567.273763000	57.0316	112	1
1527838567.288003000	57.0458	74	0
1527838567.387668000	57.1455	762	1
1527838567.387750000	57.1456	274	1
1527838567.402829000	57.1606	74	0
1527838567.404312000	57.1621	74	0
1527838567.709827000	57.4676	284	0
1527838567.711255000	57.4691	378	0
1527838567.711288000	57.4691	74	1
1527838567.715184000	57.473	290	0
1527838567.716651000	57.4745	274	0
1527838567.716674000	57.4745	74	1
1527838567.718255000	57.4761	112	0
1527838567.718496000	57.4763	112	1
1527838567.740006000	57.4978	74	0
1527838567.808622000	57.5664	1224	1
1527838567.808698000	57.5665	273	1
1527838567.834858000	57.5927	74	0
1527838567.836327000	57.5941	74	0
1527838568.142175000	57.9	283	0
1527838568.143658000	57.9015	328	0
1527838568.143688000	57.9015	74	1
1527838568.145485000	57.9033	239	0
1527838568.147087000	57.9049	323	0
1527838568.147115000	57.9049	74	1
1527838568.148566000	57.9064	112	0
1527838568.149041000	57.9069	112	1
1527838568.163329000	57.9211	74	0
1527838568.237560000	57.9954	397	1
1527838568.237604000	57.9954	278	1
1527838568.251752000	58.0096	74	0
1527838568.253182000	58.011	74	0
1527838568.371741000	58.1296	281	0
1527838568.373209000	58.131	329	0
1527838568.373241000	58.1311	74	1
1527838568.376404000	58.1342	205	0
1527838568.377885000	58.1357	350	0
1527838568.377916000	58.1357	74	1
1527838568.379447000	58.1373	112	0
1527838568.379834000	58.1377	112	1
1527838568.393980000	58.1518	74	0
1527838568.559489000	58.3173	400	1
1527838568.559533000	58.3173	277	1
1527838568.574276000	58.3321	74	0
1527838568.575792000	58.3336	74	0
1527838568.908092000	58.6659	284	0
1527838568.909575000	58.6674	346	0
1527838568.909608000	58.6674	74	1
1527838568.913627000	58.6714	229	0
1527838568.915164000	58.673	232	0
1527838568.915193000	58.673	74	1
1527838568.916670000	58.6745	112	0
1527838568.916913000	58.6747	112	1
1527838568.930993000	58.6888	74	0
1527838569.096809000	58.8546	398	1
1527838569.096895000	58.8547	275	1
1527838569.111435000	58.8693	74	0
1527838569.112933000	58.8707	74	0
1527838569.458558000	59.2164	283	0
1527838569.460043000	59.2179	337	0
1527838569.460075000	59.2179	74	1
1527838569.465251000	59.2231	160	0
1527838569.466829000	59.2246	284	0
1527838569.466852000	59.2247	74	1
1527838569.468397000	59.2262	112	0
1527838569.468639000	59.2265	112	1
1527838569.483055000	59.2409	74	0
1527838569.640530000	59.3983	402	1
1527838569.640574000	59.3984	282	1
1527838569.654788000	59.4126	74	0
1527838569.656262000	59.4141	74	0
1527838569.769709000	59.5275	283	0
1527838569.771175000	59.529	242	0
1527838569.771207000	59.529	74	1
1527838569.774710000	59.5325	249	0
1527838569.776171000	59.534	278	0
1527838569.776195000	59.534	74	1
1527838569.777689000	59.5355	112	0
1527838569.777840000	59.5357	112	1
1527838569.793036000	59.5509	74	0
1527838570.061760000	59.8196	401	1
1527838570.061814000	59.8196	280	1
1527838570.092694000	59.8505	74	0
1527838570.094166000	59.852	74	0
1527838570.240084000	59.9979	283	0
1527838570.241552000	59.9994	179	0
1527838570.241579000	59.9994	74	1
1527838570.243521000	60.0013	215	0
1527838570.245017000	60.0028	198	0
1527838570.245030000	60.0028	74	1
1527838570.246514000	60.0043	112	0
1527838570.246734000	60.0045	112	1
1527838570.260969000	60.0188	74	0
1527838570.482061000	60.2399	401	1
1527838570.482145000	60.24	281	1
1527838570.496441000	60.2543	74	0
1527838570.497996000	60.2558	74	0
1527838570.637467000	60.3953	284	0
1527838570.638949000	60.3968	389	0
1527838570.638983000	60.3968	74	1
1527838570.642467000	60.4003	191	0
1527838570.643883000	60.4017	249	0
1527838570.643900000	60.4017	74	1
1527838570.645399000	60.4032	112	0
1527838570.645581000	60.4034	112	1
1527838570.659973000	60.4178	74	0
1527838570.928755000	60.6866	401	1
1527838570.928809000	60.6866	276	1
1527838570.943085000	60.7009	74	0
1527838570.944533000	60.7023	74	0
1527838571.060283000	60.8181	281	0
1527838571.061747000	60.8196	210	0
1527838571.061779000	60.8196	74	1
1527838571.065320000	60.8231	306	0
1527838571.066829000	60.8246	301	0
1527838571.066853000	60.8247	74	1
1527838571.068340000	60.8262	112	0
1527838571.068513000	60.8263	112	1
1527838571.082907000	60.8407	74	0
1527838571.265036000	61.0229	396	1
1527838571.265091000	61.0229	277	1
1527838571.279515000	61.0373	74	0
1527838571.281014000	61.0388	74	0
1527838571.395788000	61.1536	279	0
1527838571.397383000	61.1552	260	0
1527838571.397416000	61.1552	74	1
1527838571.401893000	61.1597	261	0
1527838571.403380000	61.1612	288	0
1527838571.403402000	61.1612	74	1
1527838571.404818000	61.1626	112	0
1527838571.405203000	61.163	112	1
1527838571.420031000	61.1778	74	0
1527838571.714292000	61.4721	410	1
1527838571.714346000	61.4722	278	1
1527838571.729387000	61.4872	74	0
1527838571.730936000	61.4888	74	0
1527838571.841446000	61.5993	281	0
1527838571.842920000	61.6007	368	0
1527838571.842952000	61.6008	74	1
1527838571.846120000	61.6039	267	0
1527838571.847683000	61.6055	160	0
1527838571.847724000	61.6055	74	1
1527838571.849183000	61.607	112	0
1527838571.849350000	61.6072	112	1
1527838571.863930000	61.6217	74	0
1527838572.002936000	61.7608	760	1
1527838572.002981000	61.7608	278	1
1527838572.019004000	61.7768	74	0
1527838572.020488000	61.7783	74	0
1527838572.151487000	61.9093	284	0
1527838572.153033000	61.9108	318	0
1527838572.153066000	61.9109	74	1
1527838572.156166000	61.914	304	0
1527838572.157722000	61.9155	333	0
1527838572.157751000	61.9156	74	1
1527838572.159173000	61.917	112	0
1527838572.159381000	61.9172	112	1
1527838572.173103000	61.9309	74	0
1527838572.522999000	62.2808	1224	1
1527838572.523050000	62.2809	273	1
1527838572.539602000	62.2974	74	0
1527838572.541081000	62.2989	74	0
1527838572.648049000	62.4059	281	0
1527838572.649551000	62.4074	375	0
1527838572.649595000	62.4074	74	1
1527838572.651937000	62.4098	229	0
1527838572.653426000	62.4112	278	0
1527838572.653454000	62.4113	74	1
1527838572.654858000	62.4127	112	0
1527838572.655011000	62.4128	112	1
1527838572.670419000	62.4282	74	0
1527838572.803310000	62.5611	396	1
1527838572.803397000	62.5612	277	1
1527838572.818637000	62.5765	74	0
1527838572.820920000	62.5787	74	0
1527838572.929175000	62.687	280	0
1527838572.930649000	62.6885	362	0
1527838572.930678000	62.6885	74	1
1527838572.933012000	62.6908	181	0
1527838572.934501000	62.6923	220	0
1527838572.934527000	62.6923	74	1
1527838572.936032000	62.6938	112	0
1527838572.936317000	62.6941	112	1
1527838572.951090000	62.7089	74	0
1527838573.015824000	62.7736	398	1
1527838573.015905000	62.7737	274	1
1527838573.030526000	62.7883	74	0
1527838573.032012000	62.7898	74	0
1527838573.144207000	62.902	281	0
1527838573.145681000	62.9035	259	0
1527838573.145714000	62.9035	74	1
1527838573.147325000	62.9051	309	0
1527838573.148814000	62.9066	312	0
1527838573.148839000	62.9067	74	1
1527838573.150258000	62.9081	112	0
1527838573.150529000	62.9083	112	1
1527838573.167912000	62.9257	74	0
1527838573.415956000	63.1738	400	1
1527838573.416017000	63.1738	279	1
1527838573.432262000	63.1901	74	0
1527838573.433705000	63.1915	74	0
1527838573.615173000	63.373	283	0
1527838573.616686000	63.3745	264	0
1527838573.616721000	63.3745	74	1
1527838573.619448000	63.3773	262	0
1527838573.620934000	63.3788	279	0
1527838573.620953000	63.3788	74	1
1527838573.622446000	63.3803	112	0
1527838573.622672000	63.3805	112	1
1527838573.645568000	63.4034	74	0
1527838573.916137000	63.674	398	1
1527838573.916212000	63.674	276	1
1527838573.932902000	63.6907	74	0
1527838573.940871000	63.6987	74	0
1527838574.048404000	63.8062	281	0
1527838574.049958000	63.8078	230	0
1527838574.049991000	63.8078	74	1
1527838574.055901000	63.8137	263	0
1527838574.057504000	63.8153	283	0
1527838574.057530000	63.8153	74	1
1527838574.058964000	63.8168	112	0
1527838574.059238000	63.8171	112	1
1527838574.076493000	63.8343	74	0
1527838574.547927000	64.3057	397	1
1527838574.548011000	64.3058	281	1
1527838574.562864000	64.3207	74	0
1527838574.564407000	64.3222	74	0
1527838574.676639000	64.4345	283	0
1527838574.678180000	64.436	399	0
1527838574.678215000	64.436	74	1
1527838574.681260000	64.4391	216	0
1527838574.682749000	64.4406	341	0
1527838574.682786000	64.4406	74	1
1527838574.684261000	64.4421	112	0
1527838574.684504000	64.4423	112	1
1527838574.698662000	64.4565	74	0
1527838574.829948000	64.5878	398	1
1527838574.830025000	64.5878	273	1
1527838574.844892000	64.6027	74	0
1527838574.846379000	64.6042	74	0
1527838574.963767000	64.7216	284	0
1527838574.965278000	64.7231	345	0
1527838574.965307000	64.7231	74	1
1527838574.966799000	64.7246	340	0
1527838574.968335000	64.7262	148	0
1527838574.968359000	64.7262	74	1
1527838574.969768000	64.7276	112	0
1527838574.970004000	64.7278	112	1
1527838574.989732000	64.7475	74	0
1527838575.398854000	65.1567	398	1
1527838575.398910000	65.1567	273	1
1527838575.413304000	65.1711	74	0
1527838575.414780000	65.1726	74	0
1527838575.524683000	65.2825	281	0
1527838575.526166000	65.284	382	0
1527838575.526192000	65.284	74	1
1527838575.528230000	65.286	333	0
1527838575.529713000	65.2875	322	0
1527838575.529726000	65.2875	74	1
1527838575.531196000	65.289	112	0
1527838575.531413000	65.2892	112	1
1527838575.553946000	65.3118	74	0
1527838575.889713000	65.6475	399	1
1527838575.889825000	65.6476	276	1
1527838575.904593000	65.6624	74	0
1527838575.906038000	65.6639	74	0
1527838576.020799000	65.7786	283	0
1527838576.022248000	65.7801	204	0
1527838576.022279000	65.7801	74	1
1527838576.024830000	65.7826	156	0
1527838576.026384000	65.7842	144	0
1527838576.026406000	65.7842	74	1
1527838576.027877000	65.7857	112	0
1527838576.028035000	65.7859	112	1
1527838576.042135000	65.8	74	0
1527838576.244493000	66.0023	400	1
1527838576.244543000	66.0024	275	1
1527838576.258751000	66.0166	74	0
1527838576.260184000	66.018	74	0
1527838576.370853000	66.1287	284	0
1527838576.372403000	66.1302	390	0
1527838576.372432000	66.1302	74	1
1527838576.375848000	66.1337	290	0
1527838576.377397000	66.1352	144	0
1527838576.377421000	66.1352	74	1
1527838576.378909000	66.1367	112	0
1527838576.379168000	66.137	112	1
1527838576.402684000	66.1605	74	0
1527838576.723217000	66.481	414	1
1527838576.723299000	66.4811	277	1
1527838576.747969000	66.5058	74	0
1527838576.750827000	66.5086	74	0
1527838576.893614000	66.6514	281	0
1527838576.895090000	66.6529	218	0
1527838576.895123000	66.6529	74	1
1527838576.897840000	66.6557	253	0
1527838576.899337000	66.6572	287	0
1527838576.899362000	66.6572	74	1
1527838576.900772000	66.6586	112	0
1527838576.900927000	66.6587	112	1
1527838576.915641000	66.6735	74	0
1527838576.954117000	66.7119	760	1
1527838576.954194000	66.712	276	1
1527838576.968808000	66.7266	74	0
1527838576.970261000	66.7281	74	0
1527838577.286596000	67.0444	283	0
1527838577.288125000	67.0459	222	0
1527838577.288157000	67.046	74	1
1527838577.290997000	67.0488	299	0
1527838577.292477000	67.0503	113	0
1527838577.292507000	67.0503	74	1
1527838577.293983000	67.0518	112	0
1527838577.294100000	67.0519	112	1
1527838577.309799000	67.0676	74	0
1527838577.453350000	67.2112	1223	1
1527838577.453402000	67.2112	283	1
1527838577.468194000	67.226	74	0
1527838577.469734000	67.2276	74	0
1527838577.623913000	67.3817	283	0
1527838577.625402000	67.3832	292	0
1527838577.625434000	67.3832	74	1
1527838577.630109000	67.3879	290	0
1527838577.631608000	67.3894	277	0
1527838577.631632000	67.3894	74	1
1527838577.633144000	67.391	112	0
1527838577.633389000	67.3912	112	1
1527838577.652619000	67.4104	74	0
1527838577.721517000	67.4793	379	1
1527838577.721629000	67.4794	1434	1
1527838577.721634000	67.4794	1434	1
1527838577.721637000	67.4795	236	1
1527838577.721697000	67.4795	1434	1
1527838577.721713000	67.4795	1434	1
1527838577.721716000	67.4795	236	1
1527838577.721753000	67.4796	1434	1
1527838577.721761000	67.4796	1434	1
1527838577.721765000	67.4796	236	1
1527838577.721857000	67.4797	1434	1
1527838577.721861000	67.4797	1434	1
1527838577.721864000	67.4797	236	1
1527838577.737403000	67.4952	74	0
1527838577.737568000	67.4954	1434	1
1527838577.737575000	67.4954	1434	1
1527838577.737580000	67.4954	1434	1
1527838577.737585000	67.4954	1434	1
1527838577.737590000	67.4954	572	1
1527838577.738920000	67.4967	74	0
1527838577.740407000	67.4982	74	0
1527838577.741888000	67.4997	74	0
1527838577.743373000	67.5012	74	0
1527838577.744856000	67.5027	74	0
1527838577.746337000	67.5042	74	0
1527838577.747882000	67.5057	74	0
1527838577.764333000	67.5221	74	0
1527838577.765831000	67.5236	74	0
1527838577.767390000	67.5252	74	0
1527838578.074736000	67.8326	419	0
1527838578.076168000	67.834	104	0
1527838578.076199000	67.834	74	1
1527838578.077757000	67.8356	112	0
1527838578.078018000	67.8358	112	1
1527838578.098573000	67.8564	74	0
1527838579.436553000	69.1944	401	1
1527838579.436632000	69.1944	278	1
1527838579.451171000	69.209	74	0
1527838579.452665000	69.2105	74	0
1527838579.559915000	69.3177	284	0
1527838579.561385000	69.3192	217	0
1527838579.561414000	69.3192	74	1
1527838579.563813000	69.3216	176	0
1527838579.565297000	69.3231	332	0
1527838579.565325000	69.3231	74	1
1527838579.566856000	69.3247	112	0
1527838579.567018000	69.3248	112	1
1527838579.583142000	69.341	74	0
1527838579.736422000	69.4942	398	1
1527838579.736510000	69.4943	276	1
1527838579.750380000	69.5082	74	0
1527838579.751858000	69.5097	74	0
1527838579.863726000	69.6215	281	0
1527838579.865174000	69.623	220	0
1527838579.865204000	69.623	74	1
1527838579.867888000	69.6257	237	0
1527838579.869375000	69.6272	300	0
1527838579.869397000	69.6272	74	1
1527838579.870880000	69.6287	112	0
1527838579.871121000	69.6289	112	1
1527838579.887708000	69.6455	74	0
1527838580.157480000	69.9153	400	1
1527838580.157535000	69.9154	280	1
1527838580.172014000	69.9298	74	0
1527838580.173413000	69.9312	74	0
1527838580.491553000	70.2494	283	0
1527838580.493053000	70.2509	377	0
1527838580.493089000	70.2509	74	1
1527838580.496365000	70.2542	137	0
1527838580.497944000	70.2558	248	0
1527838580.497973000	70.2558	74	1
1527838580.499364000	70.2572	112	0
1527838580.499518000	70.2573	112	1
1527838580.515979000	70.2738	74	0
1527838580.567425000	70.3252	397	1
1527838580.567514000	70.3253	278	1
1527838580.581878000	70.3397	74	0
1527838580.583370000	70.3412	74	0
1527838580.695502000	70.4533	281	0
1527838580.697112000	70.4549	308	0
1527838580.697141000	70.455	74	1
1527838580.699350000	70.4572	316	0
1527838580.700825000	70.4586	195	0
1527838580.700843000	70.4587	74	1
1527838580.702317000	70.4601	112	0
1527838580.702536000	70.4604	112	1
1527838580.722519000	70.4803	74	0
1527838580.807368000	70.5652	396	1
1527838580.807455000	70.5653	278	1
1527838580.821883000	70.5797	74	0
1527838580.823368000	70.5812	74	0
1527838580.974620000	70.7324	283	0
1527838580.976094000	70.7339	326	0
1527838580.976128000	70.7339	74	1
1527838580.978970000	70.7368	356	0
1527838580.982062000	70.7399	179	0
1527838580.982091000	70.7399	74	1
1527838580.984077000	70.7419	112	0
1527838580.984312000	70.7421	112	1
1527838580.999160000	70.757	74	0
1527838581.027596000	70.7854	398	1
1527838581.027682000	70.7855	278	1
1527838581.041983000	70.7998	74	0
1527838581.153498000	70.9113	283	0
1527838581.154977000	70.9128	226	0
1527838581.155011000	70.9128	74	1
1527838581.158850000	70.9167	217	0
1527838581.160339000	70.9182	208	0
1527838581.160364000	70.9182	74	1
1527838581.161848000	70.9197	112	0
1527838581.162087000	70.9199	112	1
1527838581.177984000	70.9358	74	0
1527838581.287262000	71.0451	397	1
1527838581.287304000	71.0451	277	1
1527838581.301296000	71.0591	74	0
1527838581.302807000	71.0606	74	0
1527838581.748166000	71.506	281	0
1527838581.749689000	71.5075	332	0
1527838581.749721000	71.5075	74	1
1527838581.754589000	71.5124	187	0
1527838581.756080000	71.5139	290	0
1527838581.756106000	71.5139	74	1
1527838581.757578000	71.5154	112	0
1527838581.757759000	71.5156	112	1
1527838581.774483000	71.5323	74	0
1527838581.899360000	71.6572	400	1
1527838581.899448000	71.6573	286	1
1527838581.913709000	71.6715	74	0
1527838581.915159000	71.673	74	0
1527838582.033966000	71.7918	283	0
1527838582.035440000	71.7933	199	0
1527838582.035474000	71.7933	74	1
1527838582.037010000	71.7948	362	0
1527838582.038547000	71.7964	118	0
1527838582.038569000	71.7964	74	1
1527838582.039974000	71.7978	112	0
1527838582.040245000	71.7981	112	1
1527838582.056586000	71.8144	74	0
1527838582.330993000	72.0888	414	1
1527838582.331072000	72.0889	287	1
1527838582.344592000	72.1024	74	0
1527838582.346635000	72.1045	74	0
1527838582.456541000	72.2144	284	0
1527838582.458142000	72.216	362	0
1527838582.458177000	72.216	74	1
1527838582.461289000	72.2191	126	0
1527838582.462965000	72.2208	276	0
1527838582.462994000	72.2208	74	1
1527838582.464448000	72.2223	112	0
1527838582.464595000	72.2224	112	1
1527838582.480774000	72.2386	74	0
1527838582.670465000	72.4283	765	1
1527838582.670549000	72.4284	277	1
1527838582.685128000	72.4429	74	0
1527838582.686609000	72.4444	74	0
1527838582.795896000	72.5537	284	0
1527838582.797477000	72.5553	277	0
1527838582.797506000	72.5553	74	1
1527838582.800119000	72.5579	212	0
1527838582.801668000	72.5595	142	0
1527838582.801699000	72.5595	74	1
1527838582.803176000	72.561	112	0
1527838582.803406000	72.5612	112	1
1527838582.818970000	72.5768	74	0
1527838582.940017000	72.6978	1224	1
1527838582.940098000	72.6979	282	1
1527838582.955283000	72.7131	74	0
1527838583.066801000	72.8246	281	0
1527838583.068291000	72.8261	329	0
1527838583.068306000	72.8261	74	1
1527838583.070617000	72.8284	312	0
1527838583.072106000	72.8299	293	0
1527838583.072123000	72.8299	74	1
1527838583.073616000	72.8314	112	0
1527838583.073883000	72.8317	112	1
1527838583.088841000	72.8467	74	0
1527838583.350344000	73.1082	396	1
1527838583.350421000	73.1082	280	1
1527838583.365326000	73.1231	74	0
1527838583.366872000	73.1247	74	0
1527838583.672184000	73.43	284	0
1527838583.673718000	73.4315	364	0
1527838583.673751000	73.4316	74	1
1527838583.675767000	73.4336	347	0
1527838583.677288000	73.4351	222	0
1527838583.677311000	73.4351	74	1
1527838583.678772000	73.4366	112	0
1527838583.679080000	73.4369	112	1
1527838583.700504000	73.4583	402	1
1527838583.700566000	73.4584	278	1
1527838583.701479000	73.4593	74	0
1527838583.715853000	73.4737	74	0
1527838583.717385000	73.4752	74	0
1527838583.831055000	73.5889	283	0
1527838583.832529000	73.5903	305	0
1527838583.832563000	73.5904	74	1
1527838583.836908000	73.5947	339	0
1527838583.838399000	73.5962	180	0
1527838583.838424000	73.5962	74	1
1527838583.839853000	73.5977	112	0
1527838583.840008000	73.5978	112	1
1527838583.855666000	73.6135	74	0
1527838583.911544000	73.6694	400	1
1527838583.911632000	73.6694	276	1
1527838583.926237000	73.6841	74	0
1527838583.927780000	73.6856	74	0
1527838584.075923000	73.8337	281	0
1527838584.077466000	73.8353	201	0
1527838584.077500000	73.8353	74	1
1527838584.078957000	73.8368	250	0
1527838584.080450000	73.8383	170	0
1527838584.080472000	73.8383	74	1
1527838584.082274000	73.8401	112	0
1527838584.082446000	73.8403	112	1
1527838584.117265000	73.8751	74	0
1527838584.331474000	74.0893	401	1
1527838584.331562000	74.0894	281	1
1527838584.345714000	74.1035	74	0
1527838584.347200000	74.105	74	0
1527838584.466473000	74.2243	281	0
1527838584.468033000	74.2258	273	0
1527838584.468063000	74.2259	74	1
1527838584.470789000	74.2286	238	0
1527838584.472219000	74.23	176	0
1527838584.472246000	74.2301	74	1
1527838584.473713000	74.2315	112	0
1527838584.473892000	74.2317	112	1
1527838584.490244000	74.2481	74	0
1527838584.621279000	74.3791	396	1
1527838584.621359000	74.3792	281	1
1527838584.637299000	74.3951	74	0
1527838584.642511000	74.4003	74	0
1527838584.752617000	74.5104	284	0
1527838584.754153000	74.512	412	0
1527838584.754183000	74.512	74	1
1527838584.759878000	74.5177	128	0
1527838584.761360000	74.5192	215	0
1527838584.761391000	74.5192	74	1
1527838584.762869000	74.5207	112	0
1527838584.763017000	74.5208	112	1
1527838584.780095000	74.5379	74	0
1527838585.064879000	74.8227	401	1
1527838585.064964000	74.8228	284	1
1527838585.079194000	74.837	74	0
1527838585.080735000	74.8386	74	0
1527838585.387370000	75.1452	281	0
1527838585.388887000	75.1467	377	0
1527838585.388921000	75.1467	74	1
1527838585.392246000	75.1501	188	0
1527838585.393734000	75.1516	263	0
1527838585.393763000	75.1516	74	1
1527838585.395249000	75.1531	112	0
1527838585.395444000	75.1533	112	1
1527838585.412099000	75.1699	74	0
1527838585.575825000	75.3336	400	1
1527838585.575881000	75.3337	283	1
1527838585.590106000	75.3479	74	0
1527838585.591592000	75.3494	74	0
1527838585.700455000	75.4583	281	0
1527838585.701976000	75.4598	181	0
1527838585.702008000	75.4598	74	1
1527838585.705053000	75.4629	224	0
1527838585.706471000	75.4643	302	0
1527838585.706499000	75.4643	74	1
1527838585.708040000	75.4659	112	0
1527838585.708212000	75.466	112	1
1527838585.728356000	75.4862	74	0
1527838586.024005000	75.7818	400	1
1527838586.024047000	75.7819	280	1
1527838586.039411000	75.7972	74	0
1527838586.040855000	75.7987	74	0
1527838586.154045000	75.9119	283	0
1527838586.155580000	75.9134	322	0
1527838586.155613000	75.9134	74	1
1527838586.160183000	75.918	369	0
1527838586.161723000	75.9195	316	0
1527838586.161751000	75.9196	74	1
1527838586.163151000	75.921	112	0
1527838586.163372000	75.9212	112	1
1527838586.182657000	75.9405	74	0
1527838586.431679000	76.1895	413	1
1527838586.431743000	76.1896	279	1
1527838586.445949000	76.2038	74	0
1527838586.447428000	76.2052	74	0
1527838586.555352000	76.3132	283	0
1527838586.556896000	76.3147	275	0
1527838586.556935000	76.3148	74	1
1527838586.560468000	76.3183	356	0
1527838586.562004000	76.3198	358	0
1527838586.562035000	76.3199	74	1
1527838586.563440000	76.3213	112	0
1527838586.563682000	76.3215	112	1
1527838586.584252000	76.3421	74	0
1527838586.802867000	76.5607	760	1
1527838586.802913000	76.5607	278	1
1527838586.817951000	76.5758	74	0
1527838586.822791000	76.5806	74	0
1527838586.962070000	76.7199	281	0
1527838586.963482000	76.7213	259	0
1527838586.963521000	76.7213	74	1
1527838586.967495000	76.7253	242	0
1527838586.969044000	76.7269	323	0
1527838586.969069000	76.7269	74	1
1527838586.970514000	76.7283	112	0
1527838586.970753000	76.7286	112	1
1527838586.986037000	76.7439	74	0
1527838587.224059000	76.9819	1218	1
1527838587.224110000	76.9819	279	1
1527838587.239407000	76.9972	74	0
1527838587.240873000	76.9987	74	0
1527838587.406496000	77.1643	281	0
1527838587.407969000	77.1658	204	0
1527838587.408011000	77.1658	74	1
1527838587.411273000	77.1691	311	0
1527838587.412801000	77.1706	250	0
1527838587.412829000	77.1706	74	1
1527838587.414274000	77.1721	112	0
1527838587.414552000	77.1724	112	1
1527838587.429612000	77.1874	74	0
1527838587.640939000	77.3988	400	1
1527838587.640996000	77.3988	291	1
1527838587.655047000	77.4129	74	0
1527838587.656488000	77.4143	74	0
1527838587.768237000	77.5261	281	0
1527838587.769756000	77.5276	375	0
1527838587.769796000	77.5276	74	1
1527838587.774024000	77.5318	182	0
1527838587.775628000	77.5334	168	0
1527838587.775656000	77.5335	74	1
1527838587.777175000	77.535	112	0
1527838587.777411000	77.5352	112	1
1527838587.802177000	77.56	74	0
1527838587.886701000	77.6445	400	1
1527838587.886746000	77.6446	286	1
1527838587.901500000	77.6593	74	0
1527838587.903026000	77.6608	74	0
1527838588.018487000	77.7763	283	0
1527838588.019964000	77.7778	226	0
1527838588.020002000	77.7778	74	1
1527838588.022786000	77.7806	231	0
1527838588.024399000	77.7822	214	0
1527838588.024430000	77.7822	74	1
1527838588.025910000	77.7837	112	0
1527838588.026158000	77.784	112	1
1527838588.041574000	77.7994	74	0
1527838588.118850000	77.8767	397	1
1527838588.118908000	77.8767	279	1
1527838588.133388000	77.8912	74	0
1527838588.445708000	78.2035	281	0
1527838588.447181000	78.205	348	0
1527838588.447220000	78.205	74	1
1527838588.450392000	78.2082	339	0
1527838588.451881000	78.2097	296	0
1527838588.451907000	78.2097	74	1
1527838588.453388000	78.2112	112	0
1527838588.453645000	78.2115	112	1
1527838588.470169000	78.228	74	0
1527838588.551322000	78.3091	399	1
1527838588.551367000	78.3092	285	1
1527838588.565485000	78.3233	74	0
1527838588.567015000	78.3248	74	0
1527838588.879427000	78.6372	284	0
1527838588.880914000	78.6387	237	0
1527838588.880949000	78.6388	74	1
1527838588.884379000	78.6422	143	0
1527838588.886992000	78.6448	358	0
1527838588.887018000	78.6448	74	1
1527838588.888436000	78.6463	112	0
1527838588.888618000	78.6464	112	1
1527838588.914258000	78.6721	74	0
1527838588.961990000	78.7198	398	1
1527838588.962042000	78.7199	285	1
1527838588.976362000	78.7342	74	0
1527838588.977907000	78.7357	74	0
1527838589.088995000	78.8468	284	0
1527838589.090489000	78.8483	218	0
1527838589.090518000	78.8483	74	1
1527838589.094315000	78.8521	266	0
1527838589.095805000	78.8536	246	0
1527838589.095824000	78.8536	74	1
1527838589.097389000	78.8552	112	0
1527838589.097608000	78.8554	112	1
1527838589.113938000	78.8718	74	0
1527838589.188584000	78.9464	402	1
1527838589.188664000	78.9465	277	1
1527838589.203382000	78.9612	74	0
1527838589.204863000	78.9627	74	0
1527838589.322027000	79.0798	280	0
1527838589.323526000	79.0813	270	0
1527838589.323566000	79.0814	74	1
1527838589.326581000	79.0844	125	0
1527838589.328133000	79.0859	116	0
1527838589.328154000	79.086	74	1
1527838589.329586000	79.0874	112	0
1527838589.329833000	79.0876	112	1
1527838589.354436000	79.1123	74	0
1527838589.744142000	79.502	399	1
1527838589.744199000	79.502	278	1
1527838589.763257000	79.5211	74	0
1527838589.765075000	79.5229	74	0
1527838590.077247000	79.8351	283	0
1527838590.078719000	79.8365	357	0
1527838590.078759000	79.8366	74	1
1527838590.080209000	79.838	351	0
1527838590.081688000	79.8395	323	0
1527838590.081708000	79.8395	74	1
1527838590.083174000	79.841	112	0
1527838590.083382000	79.8412	112	1
1527838590.099509000	79.8573	74	0
1527838590.167348000	79.9252	397	1
1527838590.167431000	79.9252	285	1
1527838590.182607000	79.9404	74	0
1527838590.184084000	79.9419	74	0
1527838590.306762000	80.0646	280	0
1527838590.308269000	80.0661	341	0
1527838590.308311000	80.0661	74	1
1527838590.315332000	80.0731	201	0
1527838590.316905000	80.0747	214	0
1527838590.316935000	80.0748	74	1
1527838590.318400000	80.0762	112	0
1527838590.318659000	80.0765	112	1
1527838590.333658000	80.0915	74	0
1527838590.467042000	80.2249	399	1
1527838590.467124000	80.2249	281	1
1527838590.480969000	80.2388	74	0
1527838590.482512000	80.2403	74	0
1527838590.594298000	80.3521	285	0
1527838590.595812000	80.3536	378	0
1527838590.595853000	80.3537	74	1
1527838590.598416000	80.3562	328	0
1527838590.599900000	80.3577	358	0
1527838590.599922000	80.3577	74	1
1527838590.601348000	80.3592	112	0
1527838590.601549000	80.3594	112	1
1527838590.617793000	80.3756	74	0
1527838590.899131000	80.6569	778	1
1527838590.899205000	80.657	280	1
1527838590.914017000	80.6718	74	0
1527838590.915503000	80.6733	74	0
1527838591.030160000	80.788	281	0
1527838591.031633000	80.7894	240	0
1527838591.031668000	80.7895	74	1
1527838591.034469000	80.7923	275	0
1527838591.035946000	80.7938	231	0
1527838591.035978000	80.7938	74	1
1527838591.037514000	80.7953	112	0
1527838591.037693000	80.7955	112	1
1527838591.054581000	80.8124	74	0
1527838591.339103000	81.0969	1223	1
1527838591.339155000	81.097	283	1
1527838591.356761000	81.1146	74	0
1527838591.366873000	81.1247	74	0
1527838591.477516000	81.2353	283	0
1527838591.479015000	81.2368	403	0
1527838591.479043000	81.2369	74	1
1527838591.483040000	81.2409	116	0
1527838591.484534000	81.2424	279	0
1527838591.484560000	81.2424	74	1
1527838591.486040000	81.2439	112	0
1527838591.486285000	81.2441	112	1
1527838591.501917000	81.2597	74	0
1527838591.616722000	81.3745	397	1
1527838591.616768000	81.3746	280	1
1527838591.631728000	81.3895	74	0
1527838591.633195000	81.391	74	0
1527838591.751292000	81.5091	281	0
1527838591.752768000	81.5106	238	0
1527838591.752793000	81.5106	74	1
1527838591.754847000	81.5127	298	0
1527838591.756654000	81.5145	257	0
1527838591.756677000	81.5145	74	1
1527838591.758139000	81.516	112	0
1527838591.758351000	81.5162	112	1
1527838591.782145000	81.54	74	0
1527838591.947492000	81.7053	397	1
1527838591.947556000	81.7054	283	1
1527838591.970091000	81.7279	74	0
1527838592.091772000	81.8496	283	0
1527838592.093268000	81.8511	223	0
1527838592.093298000	81.8511	74	1
1527838592.094745000	81.8526	163	0
1527838592.096255000	81.8541	308	0
1527838592.096300000	81.8541	74	1
1527838592.097804000	81.8556	112	0
1527838592.097983000	81.8558	112	1
1527838592.143975000	81.9018	74	0
1527838592.349168000	82.107	397	1
1527838592.349214000	82.107	285	1
1527838592.370179000	82.128	74	0
1527838592.503446000	82.2613	281	0
1527838592.505003000	82.2628	332	0
1527838592.505033000	82.2628	74	1
1527838592.506513000	82.2643	348	0
1527838592.508067000	82.2659	113	0
1527838592.508094000	82.2659	74	1
1527838592.509573000	82.2674	112	0
1527838592.509727000	82.2675	112	1
1527838592.553471000	82.3113	74	0
1527838592.819883000	82.5777	400	1
1527838592.819970000	82.5778	279	1
1527838592.835466000	82.5933	74	0
1527838592.837062000	82.5949	74	0
1527838593.152463000	82.9103	283	0
1527838593.153923000	82.9117	359	0
1527838593.153956000	82.9118	74	1
1527838593.155450000	82.9133	366	0
1527838593.157057000	82.9149	354	0
1527838593.157083000	82.9149	74	1
1527838593.158487000	82.9163	112	0
1527838593.158608000	82.9164	112	1
1527838593.190843000	82.9487	74	0
1527838593.271355000	83.0292	401	1
1527838593.271411000	83.0292	287	1
1527838593.286093000	83.0439	74	0
1527838593.295921000	83.0537	74	0
1527838593.623136000	83.381	283	0
1527838593.624622000	83.3824	231	0
1527838593.624655000	83.3825	74	1
1527838593.627863000	83.3857	213	0
1527838593.629345000	83.3872	160	0
1527838593.629374000	83.3872	74	1
1527838593.630882000	83.3887	112	0
1527838593.631043000	83.3889	112	1
1527838593.646796000	83.4046	74	0
1527838593.681147000	83.439	397	1
1527838593.681203000	83.439	281	1
1527838593.696115000	83.4539	74	0
1527838593.697736000	83.4556	74	0
1527838593.810291000	83.5681	280	0
1527838593.811803000	83.5696	398	0
1527838593.811838000	83.5697	74	1
1527838593.814050000	83.5719	361	0
1527838593.815534000	83.5734	192	0
1527838593.815558000	83.5734	74	1
1527838593.817100000	83.5749	112	0
1527838593.817345000	83.5752	112	1
1527838593.833373000	83.5912	74	0
1527838593.931909000	83.6897	399	1
1527838593.931992000	83.6898	275	1
1527838593.947960000	83.7058	74	0
1527838593.949447000	83.7073	74	0
1527838594.056642000	83.8145	283	0
1527838594.058178000	83.816	207	0
1527838594.058212000	83.816	74	1
1527838594.063390000	83.8212	298	0
1527838594.064856000	83.8227	342	0
1527838594.064882000	83.8227	74	1
1527838594.066440000	83.8243	112	0
1527838594.066673000	83.8245	112	1
1527838594.081857000	83.8397	74	0
1527838594.383189000	84.141	401	1
1527838594.383232000	84.141	286	1
1527838594.397356000	84.1552	74	0
1527838594.399386000	84.1572	74	0
1527838594.512997000	84.2708	283	0
1527838594.514484000	84.2723	396	0
1527838594.514520000	84.2723	74	1
1527838594.515892000	84.2737	247	0
1527838594.517510000	84.2753	207	0
1527838594.517532000	84.2753	74	1
1527838594.519060000	84.2769	112	0
1527838594.519300000	84.2771	112	1
1527838594.535172000	84.293	74	0
1527838594.702233000	84.46	397	1
1527838594.702289000	84.4601	275	1
1527838594.717408000	84.4752	74	0
1527838594.718892000	84.4767	74	0
1527838594.826119000	84.5839	280	0
1527838594.827674000	84.5855	414	0
1527838594.827705000	84.5855	74	1
1527838594.831729000	84.5895	220	0
1527838594.833146000	84.591	342	0
1527838594.833162000	84.591	74	1
1527838594.834657000	84.5925	112	0
1527838594.834801000	84.5926	112	1
1527838594.850838000	84.6087	74	0
1527838597.879310000	87.6371	399	1
1527838597.879394000	87.6372	276	1
1527838597.894176000	87.652	74	0
1527838597.895658000	87.6535	74	0
1527838598.021704000	87.7795	283	0
1527838598.023171000	87.781	262	0
1527838598.023199000	87.781	74	1
1527838598.027669000	87.7855	367	0
1527838598.029175000	87.787	188	0
1527838598.029200000	87.787	74	1
1527838598.030669000	87.7885	112	0
1527838598.030909000	87.7887	112	1
1527838598.047019000	87.8048	74	0
1527838598.149065000	87.9069	773	1
1527838598.149147000	87.907	279	1
1527838598.163477000	87.9213	74	0
1527838598.167902000	87.9257	74	0
1527838598.275403000	88.0332	283	0
1527838598.276909000	88.0347	275	0
1527838598.276947000	88.0348	74	1
1527838598.279399000	88.0372	117	0
1527838598.280889000	88.0387	132	0
1527838598.280914000	88.0387	74	1
1527838598.282395000	88.0402	112	0
1527838598.282649000	88.0405	112	1
1527838598.298037000	88.0559	74	0
1527838598.429171000	88.187	1220	1
1527838598.429254000	88.1871	276	1
1527838598.444617000	88.2024	74	0
1527838598.449253000	88.2071	74	0
1527838598.556985000	88.3148	283	0
1527838598.558478000	88.3163	286	0
1527838598.558504000	88.3163	74	1
1527838598.562450000	88.3203	247	0
1527838598.563932000	88.3217	128	0
1527838598.563957000	88.3218	74	1
1527838598.565446000	88.3233	112	0
1527838598.565677000	88.3235	112	1
1527838598.581700000	88.3395	74	0
1527838599.049259000	88.8071	402	1
1527838599.049346000	88.8072	278	1
1527838599.064346000	88.8222	74	0
1527838599.065769000	88.8236	74	0
1527838599.186932000	88.9447	281	0
1527838599.188416000	88.9462	411	0
1527838599.188451000	88.9463	74	1
1527838599.190602000	88.9484	232	0
1527838599.192083000	88.9499	219	0
1527838599.192106000	88.9499	74	1
1527838599.193598000	88.9514	112	0
1527838599.193837000	88.9517	112	1
1527838599.213529000	88.9713	74	0
1527838599.359109000	89.1169	396	1
1527838599.359197000	89.117	276	1
1527838599.373872000	89.1317	74	0
1527838599.375346000	89.1332	74	0
1527838599.507754000	89.2656	283	0
1527838599.509198000	89.267	253	0
1527838599.509225000	89.267	74	1
1527838599.510734000	89.2686	185	0
1527838599.512174000	89.27	314	0
1527838599.512196000	89.27	74	1
1527838599.513703000	89.2715	112	0
1527838599.513924000	89.2717	112	1
1527838599.530754000	89.2886	74	0
1527838599.769133000	89.5269	401	1
1527838599.769184000	89.527	281	1
1527838599.783610000	89.5414	74	0
1527838599.785098000	89.5429	74	0
1527838599.911345000	89.6692	281	0
1527838599.912818000	89.6706	200	0
1527838599.912850000	89.6707	74	1
1527838599.915216000	89.673	156	0
1527838599.916820000	89.6746	203	0
1527838599.916846000	89.6747	74	1
1527838599.918390000	89.6762	112	0
1527838599.918635000	89.6765	112	1
1527838599.935833000	89.6936	74	0
1527838600.103126000	89.8609	396	1
1527838600.103203000	89.861	275	1
1527838600.118038000	89.8759	74	0
1527838600.119528000	89.8773	74	0
1527838600.229799000	89.9876	284	0
1527838600.231280000	89.9891	232	0
1527838600.231310000	89.9891	74	1
1527838600.235551000	89.9934	311	0
1527838600.237102000	89.9949	130	0
1527838600.237126000	89.9949	74	1
1527838600.238612000	89.9964	112	0
1527838600.238852000	89.9967	112	1
1527838600.258659000	90.0165	74	0
1527838600.372138000	90.13	398	1
1527838600.372183000	90.13	276	1
1527838600.388026000	90.1458	74	0
1527838600.498814000	90.2566	283	0
1527838600.500326000	90.2581	407	0
1527838600.500356000	90.2582	74	1
1527838600.503294000	90.2611	157	0
1527838600.504811000	90.2626	309	0
1527838600.504841000	90.2627	74	1
1527838600.506419000	90.2642	112	0
1527838600.506677000	90.2645	112	1
1527838600.527175000	90.285	74	0
1527838600.803000000	90.5608	402	1
1527838600.803054000	90.5609	279	1
1527838600.817549000	90.5754	74	0
1527838600.819040000	90.5769	74	0
1527838600.930690000	90.6885	281	0
1527838600.932171000	90.69	232	0
1527838600.932202000	90.69	74	1
1527838600.935486000	90.6933	286	0
1527838600.937022000	90.6948	105	0
1527838600.937053000	90.6949	74	1
1527838600.938537000	90.6964	112	0
1527838600.938682000	90.6965	112	1
1527838600.963604000	90.7214	74	0
1527838601.153198000	90.911	397	1
1527838601.153254000	90.9111	276	1
1527838601.168847000	90.9267	74	0
1527838601.170364000	90.9282	74	0
1527838601.275797000	91.0336	281	0
1527838601.277314000	91.0351	237	0
1527838601.277347000	91.0352	74	1
1527838601.280398000	91.0382	265	0
1527838601.281855000	91.0397	195	0
1527838601.281882000	91.0397	74	1
1527838601.283394000	91.0412	112	0
1527838601.283632000	91.0414	112	1
1527838601.303785000	91.0616	74	0
1527838601.442072000	91.1999	401	1
1527838601.442153000	91.2	277	1
1527838601.457610000	91.2154	74	0
1527838601.782157000	91.54	283	0
1527838601.783640000	91.5415	234	0
1527838601.783672000	91.5415	74	1
1527838601.786268000	91.5441	295	0
1527838601.787848000	91.5457	206	0
1527838601.787874000	91.5457	74	1
1527838601.789340000	91.5472	112	0
1527838601.789588000	91.5474	112	1
1527838601.808613000	91.5664	74	0
1527838601.862331000	91.6201	397	1
1527838601.862418000	91.6202	276	1
1527838601.879705000	91.6375	74	0
1527838601.881168000	91.639	74	0
1527838601.989520000	91.7473	283	0
1527838601.990941000	91.7488	384	0
1527838601.990971000	91.7488	74	1
1527838601.994201000	91.752	306	0
1527838601.995745000	91.7536	332	0
1527838601.995770000	91.7536	74	1
1527838601.997379000	91.7552	112	0
1527838601.997614000	91.7554	112	1
1527838602.018423000	91.7762	74	0
1527838602.582430000	92.3402	400	1
1527838602.582507000	92.3403	275	1
1527838602.596551000	92.3544	74	0
1527838602.598145000	92.356	74	0
1527838602.831511000	92.5893	284	0
1527838602.832946000	92.5908	423	0
1527838602.832978000	92.5908	74	1
1527838602.837168000	92.595	255	0
1527838602.838664000	92.5965	238	0
1527838602.838692000	92.5965	74	1
1527838602.840147000	92.598	112	0
1527838602.840390000	92.5982	112	1
1527838602.855210000	92.613	74	0
1527838602.952873000	92.7107	773	1
1527838602.952971000	92.7108	275	1
1527838602.967185000	92.725	74	0
1527838602.968733000	92.7265	74	0
1527838603.099214000	92.857	281	0
1527838603.100706000	92.8585	221	0
1527838603.100732000	92.8585	74	1
1527838603.103058000	92.8609	227	0
1527838603.104548000	92.8624	330	0
1527838603.104564000	92.8624	74	1
1527838603.106055000	92.8639	112	0
1527838603.106224000	92.864	112	1
1527838603.121475000	92.8793	74	0
1527838603.197580000	92.9554	1218	1
1527838603.197656000	92.9555	281	1
1527838603.212110000	92.9699	74	0
1527838603.213588000	92.9714	74	0
1527838603.321837000	93.0797	283	0
1527838603.323345000	93.0812	268	0
1527838603.323372000	93.0812	74	1
1527838603.325674000	93.0835	139	0
1527838603.327228000	93.085	226	0
1527838603.327256000	93.0851	74	1
1527838603.328740000	93.0866	112	0
1527838603.328871000	93.0867	112	1
1527838603.348977000	93.1068	74	0
1527838603.444322000	93.2021	402	1
1527838603.444373000	93.2022	278	1
1527838603.459015000	93.2168	74	0
1527838603.460490000	93.2183	74	0
1527838603.567478000	93.3253	283	0
1527838603.568951000	93.3268	235	0
1527838603.568986000	93.3268	74	1
1527838603.571761000	93.3296	242	0
1527838603.573205000	93.331	332	0
1527838603.573230000	93.331	74	1
1527838603.575876000	93.3337	112	0
1527838603.576097000	93.3339	112	1
1527838603.602111000	93.3599	74	0
1527838603.654630000	93.4124	398	1
1527838603.654700000	93.4125	278	1
1527838603.668820000	93.4266	74	0
1527838603.670269000	93.4281	74	0
1527838603.796547000	93.5544	283	0
1527838603.798131000	93.5559	369	0
1527838603.798164000	93.556	74	1
1527838603.800961000	93.5588	260	0
1527838603.802456000	93.5603	316	0
1527838603.802484000	93.5603	74	1
1527838603.803953000	93.5618	112	0
1527838603.804193000	93.562	112	1
1527838603.823039000	93.5809	74	0
1527838603.924378000	93.6822	397	1
1527838603.924433000	93.6822	275	1
1527838603.938884000	93.6967	74	0
1527838603.940528000	93.6983	74	0
1527838604.048179000	93.806	284	0
1527838604.049709000	93.8075	309	0
1527838604.049739000	93.8076	74	1
1527838604.051180000	93.809	183	0
1527838604.052707000	93.8105	324	0
1527838604.052731000	93.8105	74	1
1527838604.054131000	93.8119	112	0
1527838604.054346000	93.8122	112	1
1527838604.083017000	93.8408	74	0
1527838604.415743000	94.1736	398	1
1527838604.415831000	94.1736	279	1
1527838604.430172000	94.188	74	0
1527838604.434980000	94.1928	74	0
1527838604.542013000	94.2998	281	0
1527838604.543511000	94.3013	279	0
1527838604.543533000	94.3013	74	1
1527838604.546337000	94.3042	325	0
1527838604.547878000	94.3057	213	0
1527838604.547894000	94.3057	74	1
1527838604.549401000	94.3072	112	0
1527838604.549606000	94.3074	112	1
1527838604.571967000	94.3298	74	0
1527838604.816477000	94.5743	396	1
1527838604.816563000	94.5744	278	1
1527838604.831184000	94.589	74	0
1527838604.832694000	94.5905	74	0
1527838604.941744000	94.6996	283	0
1527838604.943167000	94.701	411	0
1527838604.943199000	94.701	74	1
1527838604.946507000	94.7043	124	0
1527838604.948057000	94.7059	308	0
1527838604.948084000	94.7059	74	1
1527838604.949566000	94.7074	112	0
1527838604.949810000	94.7076	112	1
1527838604.978642000	94.7365	74	0
1527838605.054227000	94.812	398	1
1527838605.054315000	94.8121	277	1
1527838605.069003000	94.8268	74	0
1527838605.070488000	94.8283	74	0
1527838605.177680000	94.9355	281	0
1527838605.179142000	94.937	395	0
1527838605.179177000	94.937	74	1
1527838605.182642000	94.9405	368	0
1527838605.184076000	94.9419	215	0
1527838605.184101000	94.9419	74	1
1527838605.185608000	94.9434	112	0
1527838605.185833000	94.9436	112	1
1527838605.203536000	94.9614	74	0
1527838605.315124000	95.0729	396	1
1527838605.315167000	95.073	275	1
1527838605.329795000	95.0876	74	0
1527838605.331248000	95.0891	74	0
1527838605.450904000	95.2087	283	0
1527838605.452379000	95.2102	369	0
1527838605.452411000	95.2102	74	1
1527838605.455152000	95.213	250	0
1527838605.456758000	95.2146	217	0
1527838605.456784000	95.2146	74	1
1527838605.458210000	95.216	112	0
1527838605.458444000	95.2163	112	1
1527838605.474070000	95.2319	74	0
1527838605.547214000	95.305	400	1
1527838605.547256000	95.3051	276	1
1527838605.590426000	95.3482	74	0
1527838605.591912000	95.3497	74	0
1527838605.701020000	95.4588	283	0
1527838605.702544000	95.4604	391	0
1527838605.702576000	95.4604	74	1
1527838605.705201000	95.463	271	0
1527838605.706822000	95.4646	258	0
1527838605.706848000	95.4647	74	1
1527838605.708327000	95.4661	112	0
1527838605.708571000	95.4664	112	1
1527838605.733728000	95.4915	74	0
1527838605.836408000	95.5942	397	1
1527838605.836492000	95.5943	275	1
1527838605.851215000	95.609	74	0
1527838605.852764000	95.6106	74	0
1527838605.958231000	95.716	284	0
1527838605.959704000	95.7175	195	0
1527838605.959734000	95.7176	74	1
1527838605.962752000	95.7206	310	0
1527838605.964232000	95.722	246	0
1527838605.964264000	95.7221	74	1
1527838605.965736000	95.7236	112	0
1527838605.965890000	95.7237	112	1
1527838605.981200000	95.739	74	0
1527838606.106618000	95.8644	402	1
1527838606.106675000	95.8645	277	1
1527838606.121842000	95.8797	74	0
1527838606.127408000	95.8852	74	0
1527838606.231345000	95.9892	281	0
1527838606.232856000	95.9907	191	0
1527838606.232895000	95.9907	74	1
1527838606.236057000	95.9939	188	0
1527838606.237659000	95.9955	110	0
1527838606.237692000	95.9955	74	1
1527838606.239115000	95.9969	112	0
1527838606.239280000	95.9971	112	1
1527838606.254491000	96.0123	74	0
1527838606.587605000	96.3454	400	1
1527838606.587692000	96.3455	280	1
1527838606.602600000	96.3604	74	0
1527838606.607003000	96.3648	74	0
1527838606.730115000	96.4879	285	0
1527838606.731664000	96.4895	180	0
1527838606.731704000	96.4895	74	1
1527838606.734148000	96.492	284	0
1527838606.735629000	96.4934	106	0
1527838606.735655000	96.4935	74	1
1527838606.737166000	96.495	112	0
1527838606.737404000	96.4952	112	1
1527838606.752776000	96.5106	74	0
1527838606.888043000	96.6459	774	1
1527838606.888095000	96.6459	276	1
1527838606.902559000	96.6604	74	0
1527838606.907690000	96.6655	74	0
1527838607.028538000	96.7864	281	0
1527838607.030020000	96.7878	356	0
1527838607.030068000	96.7879	74	1
1527838607.032202000	96.79	176	0
1527838607.033686000	96.7915	357	0
1527838607.033708000	96.7915	74	1
1527838607.035191000	96.793	112	0
1527838607.035341000	96.7932	112	1
1527838607.051802000	96.8096	74	0
1527838607.398540000	97.1564	1218	1
1527838607.398592000	97.1564	280	1
1527838607.413488000	97.1713	74	0
1527838607.414971000	97.1728	74	0
1527838607.528379000	97.2862	281	0
1527838607.529860000	97.2877	390	0
1527838607.529897000	97.2877	74	1
1527838607.531875000	97.2897	202	0
1527838607.533363000	97.2912	228	0
1527838607.533388000	97.2912	74	1
1527838607.534868000	97.2927	112	0
1527838607.535129000	97.2929	112	1
1527838607.550920000	97.3087	74	0
1527838607.759468000	97.5173	399	1
1527838607.759520000	97.5173	275	1
1527838607.774449000	97.5323	74	0
1527838607.775935000	97.5338	74	0
1527838607.885964000	97.6438	283	0
1527838607.887497000	97.6453	181	0
1527838607.887536000	97.6454	74	1
1527838607.889790000	97.6476	192	0
1527838607.891357000	97.6492	247	0
1527838607.891393000	97.6492	74	1
1527838607.892807000	97.6506	112	0
1527838607.893005000	97.6508	112	1
1527838607.909635000	97.6675	74	0
1527838608.080334000	97.8382	401	1
1527838608.080423000	97.8382	278	1
1527838608.094538000	97.8524	74	0
1527838608.096015000	97.8538	74	0
1527838608.207725000	97.9655	283	0
1527838608.209183000	97.967	244	0
1527838608.209215000	97.967	74	1
1527838608.212234000	97.9701	161	0
1527838608.213724000	97.9715	180	0
1527838608.213756000	97.9716	74	1
1527838608.215226000	97.973	112	0
1527838608.215372000	97.9732	112	1
1527838608.230749000	97.9886	74	0
1527838608.301402000	98.0592	397	1
1527838608.301478000	98.0593	277	1
1527838608.319133000	98.0769	74	0
1527838608.320595000	98.0784	74	0
1527838608.445618000	98.2034	281	0
1527838608.447189000	98.205	251	0
1527838608.447217000	98.205	74	1
1527838608.451255000	98.2091	277	0
1527838608.452735000	98.2106	327	0
1527838608.452750000	98.2106	74	1
1527838608.454218000	98.212	112	0
1527838608.454333000	98.2121	112	1
1527838608.468647000	98.2265	74	0
1527838608.519261000	98.2771	400	1
1527838608.519342000	98.2772	279	1
1527838608.533668000	98.2915	74	0
1527838608.535150000	98.293	74	0
1527838608.644948000	98.4028	283	0
1527838608.646439000	98.4043	410	0
1527838608.646477000	98.4043	74	1
1527838608.649179000	98.407	335	0
1527838608.650710000	98.4085	354	0
1527838608.650735000	98.4086	74	1
1527838608.652176000	98.41	112	0
1527838608.652399000	98.4102	112	1
1527838608.684842000	98.4427	74	0
1527838608.878563000	98.6364	397	1
1527838608.878620000	98.6364	275	1
1527838608.893668000	98.6515	74	0
1527838608.898987000	98.6568	74	0
1527838609.005434000	98.7633	283	0
1527838609.007035000	98.7649	395	0
1527838609.007077000	98.7649	74	1
1527838609.011225000	98.769	244	0
1527838609.012768000	98.7706	342	0
1527838609.012795000	98.7706	74	1
1527838609.014219000	98.772	112	0
1527838609.014467000	98.7723	112	1
1527838609.030008000	98.7878	74	0
1527838609.331432000	99.0892	397	1
1527838609.331518000	99.0893	275	1
1527838609.345670000	99.1035	74	0
1527838609.347171000	99.105	74	0
1527838609.469510000	99.2273	283	0
1527838609.470994000	99.2288	298	0
1527838609.471030000	99.2288	74	1
1527838609.472428000	99.2302	161	0
1527838609.473988000	99.2318	359	0
1527838609.474019000	99.2318	74	1
1527838609.475467000	99.2333	112	0
1527838609.475710000	99.2335	112	1
1527838609.491603000	99.2494	74	0
1527838609.639514000	99.3973	397	1
1527838609.639571000	99.3974	275	1
1527838609.654463000	99.4123	74	0
1527838609.655955000	99.4138	74	0
1527838609.768341000	99.5262	283	0
1527838609.769861000	99.5277	278	0
1527838609.769893000	99.5277	74	1
1527838609.772730000	99.5305	172	0
1527838609.774252000	99.5321	213	0
1527838609.774278000	99.5321	74	1
1527838609.775799000	99.5336	112	0
1527838609.776039000	99.5339	112	1
1527838609.802139000	99.56	74	0
1527838610.099856000	99.8577	398	1
1527838610.099912000	99.8577	278	1
1527838610.114265000	99.8721	74	0
1527838610.115786000	99.8736	74	0
1527838610.255396000	100.013	281	0
1527838610.256998000	100.015	423	0
1527838610.257039000	100.015	74	1
1527838610.261806000	100.02	115	0
1527838610.263242000	100.021	194	0
1527838610.263268000	100.021	74	1
1527838610.264804000	100.023	112	0
1527838610.265035000	100.023	112	1
1527838610.287244000	100.045	74	0
1527838610.569620000	100.327	400	1
1527838610.569704000	100.328	277	1
1527838610.583827000	100.342	74	0
1527838610.585281000	100.343	74	0
1527838610.701186000	100.459	284	0
1527838610.702672000	100.46	234	0
1527838610.702707000	100.461	74	1
1527838610.705716000	100.464	181	0
1527838610.707334000	100.465	155	0
1527838610.707360000	100.465	74	1
1527838610.708845000	100.467	112	0
1527838610.709075000	100.467	112	1
1527838610.735312000	100.493	74	0
1527838610.960772000	100.719	398	1
1527838610.960861000	100.719	275	1
1527838610.975966000	100.734	74	0
1527838610.977450000	100.735	74	0
1527838611.284985000	101.043	283	0
1527838611.286428000	101.044	375	0
1527838611.286466000	101.044	74	1
1527838611.289898000	101.048	187	0
1527838611.291437000	101.049	251	0
1527838611.291467000	101.049	74	1
1527838611.292968000	101.051	112	0
1527838611.293199000	101.051	112	1
1527838611.311875000	101.07	74	0
1527838611.407082000	101.165	776	1
1527838611.407127000	101.165	281	1
1527838611.421739000	101.18	74	0
1527838611.423212000	101.181	74	0
1527838611.535095000	101.293	281	0
1527838611.536644000	101.294	284	0
1527838611.536674000	101.294	74	1
1527838611.538846000	101.297	218	0
1527838611.540406000	101.298	253	0
1527838611.540432000	101.298	74	1
1527838611.541918000	101.3	112	0
1527838611.542147000	101.3	112	1
1527838611.557440000	101.315	74	0
1527838611.910893000	101.669	1222	1
1527838611.910974000	101.669	276	1
1527838611.925380000	101.683	74	0
1527838611.926989000	101.685	74	0
1527838612.038514000	101.796	284	0
1527838612.040057000	101.798	299	0
1527838612.040090000	101.798	74	1
1527838612.043173000	101.801	121	0
1527838612.044658000	101.802	176	0
1527838612.044686000	101.803	74	1
1527838612.046180000	101.804	112	0
1527838612.046425000	101.804	112	1
1527838612.061542000	101.819	74	0
1527838613.893124000	103.651	399	1
1527838613.893202000	103.651	276	1
1527838613.909072000	103.667	74	0
1527838613.913580000	103.671	74	0
1527838614.021187000	103.779	281	0
1527838614.022621000	103.78	317	0
1527838614.022658000	103.78	74	1
1527838614.024790000	103.783	139	0
1527838614.026251000	103.784	256	0
1527838614.026276000	103.784	74	1
1527838614.027861000	103.786	112	0
1527838614.028090000	103.786	112	1
1527838614.053891000	103.812	74	0
1527838614.350829000	104.109	400	1
1527838614.350873000	104.109	287	1
1527838614.365851000	104.124	74	0
1527838614.367371000	104.125	74	0
1527838614.477542000	104.235	281	0
1527838614.479016000	104.237	191	0
1527838614.479051000	104.237	74	1
1527838614.483206000	104.241	174	0
1527838614.484747000	104.243	231	0
1527838614.484770000	104.243	74	1
1527838614.486262000	104.244	112	0
1527838614.486503000	104.244	112	1
1527838614.502485000	104.26	74	0
1527838614.561623000	104.319	397	1
1527838614.561667000	104.319	276	1
1527838614.575957000	104.334	74	0
1527838614.577500000	104.335	74	0
1527838614.690126000	104.448	283	0
1527838614.691596000	104.449	342	0
1527838614.691629000	104.449	74	1
1527838614.694514000	104.452	285	0
1527838614.695996000	104.454	142	0
1527838614.696020000	104.454	74	1
1527838614.697624000	104.455	112	0
1527838614.697853000	104.456	112	1
1527838614.723108000	104.481	74	0
1527838614.821816000	104.58	401	1
1527838614.821861000	104.58	275	1
1527838614.843488000	104.601	74	0
1527838614.844974000	104.603	74	0
1527838614.951462000	104.709	283	0
1527838614.952951000	104.711	412	0
1527838614.952981000	104.711	74	1
1527838614.956639000	104.714	205	0
1527838614.958154000	104.716	268	0
1527838614.958178000	104.716	74	1
1527838614.959638000	104.717	112	0
1527838614.959855000	104.718	112	1
1527838614.976130000	104.734	74	0
1527838615.111943000	104.87	400	1
1527838615.112028000	104.87	285	1
1527838615.126176000	104.884	74	0
1527838615.127670000	104.885	74	0
1527838615.441571000	105.199	283	0
1527838615.443059000	105.201	419	0
1527838615.443091000	105.201	74	1
1527838615.446049000	105.204	326	0
1527838615.447598000	105.205	315	0
1527838615.447620000	105.205	74	1
1527838615.449101000	105.207	112	0
1527838615.449343000	105.207	112	1
1527838615.464772000	105.223	74	0
1527838615.582021000	105.34	402	1
1527838615.582076000	105.34	280	1
1527838615.598942000	105.357	74	0
1527838615.601100000	105.359	74	0
1527838615.707147000	105.465	283	0
1527838615.708628000	105.466	296	0
1527838615.708656000	105.466	74	1
1527838615.711987000	105.47	355	0
1527838615.713457000	105.471	228	0
1527838615.713476000	105.471	74	1
1527838615.714982000	105.473	112	0
1527838615.715121000	105.473	112	1
1527838615.730652000	105.488	74	0
1527838619.765583000	109.523	377	1
1527838619.765674000	109.523	1434	1
1527838619.765680000	109.523	1434	1
1527838619.765684000	109.523	236	1
1527838619.765734000	109.524	1434	1
1527838619.765738000	109.524	556	1
1527838619.779475000	109.537	74	0
1527838619.781518000	109.539	74	0
1527838619.783000000	109.541	74	0
1527838619.784487000	109.542	74	0
1527838619.785996000	109.544	74	0
1527838619.935584000	109.693	423	0
1527838619.942176000	109.7	104	0
1527838619.942211000	109.7	74	1
1527838619.943698000	109.702	112	0
1527838619.943975000	109.702	112	1
1527838619.958489000	109.716	74	0
1527838619.965070000	109.723	400	1
1527838619.965110000	109.723	286	1
1527838619.981526000	109.739	74	0
1527838619.982943000	109.741	74	0
1527838620.093921000	109.852	283	0
1527838620.095403000	109.853	290	0
1527838620.095438000	109.853	74	1
1527838620.098928000	109.857	290	0
1527838620.100479000	109.858	169	0
1527838620.100502000	109.858	74	1
1527838620.101901000	109.86	112	0
1527838620.102025000	109.86	112	1
1527838620.137731000	109.896	74	0
1527838620.553302000	110.311	401	1
1527838620.553389000	110.311	277	1
1527838620.567960000	110.326	74	0
1527838620.569801000	110.328	74	0
1527838620.681339000	110.439	281	0
1527838620.682810000	110.441	194	0
1527838620.682838000	110.441	74	1
1527838620.686853000	110.445	121	0
1527838620.688284000	110.446	176	0
1527838620.688301000	110.446	74	1
1527838620.689836000	110.448	112	0
1527838620.689991000	110.448	112	1
1527838620.706591000	110.464	74	0
1527838620.824255000	110.582	772	1
1527838620.824307000	110.582	276	1
1527838620.839478000	110.597	74	0
1527838620.840962000	110.599	74	0
1527838620.967193000	110.725	284	0
1527838620.968725000	110.727	282	0
1527838620.968757000	110.727	74	1
1527838620.972521000	110.73	282	0
1527838620.973984000	110.732	275	0
1527838620.974011000	110.732	74	1
1527838620.975513000	110.733	112	0
1527838620.975754000	110.734	112	1
1527838620.991427000	110.749	74	0
1527838621.112378000	110.87	1220	1
1527838621.112459000	110.87	285	1
1527838621.127683000	110.885	74	0
1527838621.129170000	110.887	74	0
1527838621.241785000	111	283	0
1527838621.243215000	111.001	368	0
1527838621.243245000	111.001	74	1
1527838621.246444000	111.004	152	0
1527838621.247983000	111.006	113	0
1527838621.248005000	111.006	74	1
1527838621.249498000	111.007	112	0
1527838621.249710000	111.008	112	1
1527838621.265466000	111.023	74	0
