1527992369.305896000	0	295	1
1527992369.326098000	0.0202019	87	0
1527992369.507741000	0.201845	324	0
1527992369.511091000	0.205195	103	1
1527992369.516905000	0.211009	1412	0
1527992369.518187000	0.212291	1412	0
1527992369.519418000	0.213522	1412	0
1527992369.520604000	0.214708	186	0
1527992369.521855000	0.215959	1412	0
1527992369.523072000	0.217176	1412	0
1527992369.524288000	0.218392	1412	0
1527992369.525484000	0.219588	188	0
1527992369.527691000	0.221795	1412	0
1527992369.528967000	0.223071	1412	0
1527992369.530180000	0.224284	1334	0
1527992369.535375000	0.229479	1412	0
1527992369.536373000	0.230477	109	1
1527992369.536764000	0.230868	1412	0
1527992369.538063000	0.232167	1412	0
1527992369.538891000	0.232995	127	1
1527992369.540088000	0.234192	188	0
1527992369.541368000	0.235472	1194	0
1527992369.544080000	0.238184	103	1
1527992369.552785000	0.246889	1412	0
1527992369.552788000	0.246892	1412	0
1527992369.553484000	0.247588	1412	0
1527992369.554696000	0.2488	1412	0
1527992369.555933000	0.250037	1412	0
1527992369.556099000	0.250203	112	1
1527992369.557152000	0.251256	1412	0
1527992369.558437000	0.252541	905	0
1527992369.559679000	0.253783	1412	0
1527992369.560888000	0.254992	1000	0
1527992369.561128000	0.255232	109	1
1527992369.562115000	0.256219	1412	0
1527992369.563333000	0.257437	1412	0
1527992369.564551000	0.258655	1412	0
1527992369.565736000	0.25984	188	0
1527992369.566982000	0.261086	1412	0
1527992369.568267000	0.262371	103	1
1527992369.568279000	0.262383	1412	0
1527992369.569489000	0.263593	1412	0
1527992369.570679000	0.264783	180	0
1527992369.572171000	0.266275	115	1
1527992369.572801000	0.266905	1412	0
1527992369.574033000	0.268137	1412	0
1527992369.575243000	0.269347	1412	0
1527992369.576086000	0.27019	106	1
1527992369.577005000	0.271109	180	0
1527992369.578989000	0.273093	1412	0
1527992369.580203000	0.274307	1412	0
1527992369.581125000	0.275229	106	1
1527992369.581407000	0.275511	970	0
1527992369.583054000	0.277158	1412	0
1527992369.584279000	0.278383	1412	0
1527992369.585107000	0.279211	106	1
1527992369.585482000	0.279586	1412	0
1527992369.586689000	0.280793	796	0
1527992369.589101000	0.283205	103	1
1527992369.608914000	0.303018	1412	0
1527992369.614401000	0.308505	100	1
1527992369.985765000	0.679869	629	1
1527992369.985855000	0.679959	1412	1
1527992369.985881000	0.679985	908	1
1527992369.995968000	0.690072	218	1
1527992370.004584000	0.698688	87	0
1527992370.014399000	0.708503	87	0
1527992370.140634000	0.834738	350	0
1527992370.141868000	0.835972	1412	0
1527992370.143080000	0.837184	1412	0
1527992370.144125000	0.838229	112	1
1527992370.144317000	0.838421	1412	0
1527992370.145510000	0.839614	180	0
1527992370.146754000	0.840858	1412	0
1527992370.147972000	0.842076	1412	0
1527992370.148133000	0.842237	109	1
1527992370.149263000	0.843367	1071	0
1527992370.150444000	0.844548	92	0
1527992370.151673000	0.845777	230	0
1527992370.153991000	0.848095	106	1
1527992370.298965000	0.993069	216	1
1527992370.317117000	1.01122	87	0
1527992370.354135000	1.04824	467	0
1527992370.357611000	1.05171	80	0
1527992370.358786000	1.05289	106	1
1527992370.426685000	1.12079	377	0
1527992370.427913000	1.12202	1115	0
1527992370.431165000	1.12527	103	1
1527992370.431650000	1.12575	92	0
1527992370.432885000	1.12699	283	0
1527992370.435214000	1.12932	103	1
1527992370.673793000	1.3679	571	1
1527992370.676800000	1.3709	1324	1
1527992370.692188000	1.38629	87	0
1527992370.705012000	1.39912	87	0
1527992370.872194000	1.5663	502	0
1527992370.872819000	1.56692	123	1
1527992370.873459000	1.56756	80	0
1527992370.877143000	1.57125	100	1
1527992370.892336000	1.58644	419	0
1527992370.893568000	1.58767	962	0
1527992370.894792000	1.5889	169	0
1527992370.896130000	1.59023	106	1
1527992371.095411000	1.78952	243	1
1527992371.095486000	1.78959	145	1
1527992371.112729000	1.80683	87	0
1527992371.165321000	1.85943	1412	0
1527992371.166530000	1.86063	1412	0
1527992371.167745000	1.86185	1412	0
1527992371.169008000	1.86311	592	0
1527992371.169196000	1.8633	112	1
1527992371.170232000	1.86434	92	0
1527992371.171457000	1.86556	213	0
1527992371.174211000	1.86831	103	1
1527992371.197385000	1.89149	156	1
1527992371.197472000	1.89158	191	1
1527992371.215709000	1.90981	87	0
1527992371.328561000	2.02267	592	0
1527992371.330038000	2.02414	92	0
1527992371.331261000	2.02536	260	0
1527992371.332174000	2.02628	109	1
1527992372.005530000	2.69963	232	1
1527992372.023544000	2.71765	87	0
1527992372.037760000	2.73186	1353	1
1527992372.056951000	2.75106	87	0
1527992372.373324000	3.06743	325	0
1527992372.374557000	3.06866	1412	0
1527992372.375762000	3.06987	997	0
1527992372.376990000	3.07109	1412	0
1527992372.377383000	3.07149	115	1
1527992372.378288000	3.07239	1412	0
1527992372.379510000	3.07361	1412	0
1527992372.380706000	3.07481	609	0
1527992372.381909000	3.07601	310	0
1527992372.382578000	3.07668	109	1
1527992372.383117000	3.07722	92	0
1527992372.384338000	3.07844	241	0
1527992372.387273000	3.08138	103	1
1527992372.524564000	3.21867	1412	1
1527992372.524606000	3.21871	1412	1
1527992372.524629000	3.21873	291	1
1527992372.524691000	3.2188	845	1
1527992372.542521000	3.23662	87	0
1527992372.567162000	3.26127	437	0
1527992372.568429000	3.26253	311	0
1527992372.571274000	3.26538	106	1
1527992372.714133000	3.40824	1412	1
1527992372.714189000	3.40829	342	1
1527992372.732118000	3.42622	87	0
1527992372.901036000	3.59514	1041	0
1527992372.902211000	3.59631	302	0
1527992372.909321000	3.60343	106	1
1527992373.202835000	3.89694	528	1
1527992373.202932000	3.89704	1412	1
1527992373.202957000	3.89706	1412	1
1527992373.202996000	3.8971	1412	1
1527992373.203051000	3.89716	1412	1
1527992373.203073000	3.89718	1412	1
1527992373.203112000	3.89722	1412	1
1527992373.203146000	3.89725	1412	1
1527992373.203179000	3.89728	1412	1
1527992373.203214000	3.89732	1412	1
1527992373.203247000	3.89735	1412	1
1527992373.203282000	3.89739	1412	1
1527992373.203323000	3.89743	1412	1
1527992373.203356000	3.89746	1285	1
1527992373.222112000	3.91622	87	0
1527992373.223313000	3.91742	87	0
1527992373.323488000	4.01759	472	0
1527992373.326637000	4.02074	80	0
1527992373.327210000	4.02131	109	1
1527992373.587398000	4.2815	1391	1
1527992373.616976000	4.31108	87	0
1527992373.737713000	4.43182	516	0
1527992373.745729000	4.43983	103	1
1527992375.202022000	5.89613	335	1
1527992375.202119000	5.89622	1412	1
1527992375.202164000	5.89627	983	1
1527992375.204282000	5.89839	224	1
1527992375.204333000	5.89844	1412	1
1527992375.204370000	5.89847	1412	1
1527992375.204396000	5.8985	761	1
1527992375.209007000	5.90311	102	1
1527992375.216397000	5.9105	252	1
1527992375.220428000	5.91453	104	0
1527992375.223101000	5.9172	100	1
1527992375.235476000	5.92958	87	0
1527992375.321972000	6.01608	395	0
1527992375.323429000	6.01753	80	0
1527992375.325123000	6.01923	106	1
1527992375.398154000	6.09226	568	0
1527992375.399476000	6.09358	305	0
1527992375.400303000	6.09441	117	1
1527992375.400699000	6.0948	237	0
1527992375.403794000	6.0979	103	1
1527992375.404259000	6.09836	252	1
1527992375.417748000	6.11185	87	0
1527992375.423128000	6.11723	87	0
1527992375.907100000	6.6012	845	0
1527992375.908270000	6.60237	1412	0
1527992375.909553000	6.60366	1412	0
1527992375.910216000	6.60432	109	1
1527992375.910797000	6.6049	1412	0
1527992375.911986000	6.60609	180	0
1527992375.913130000	6.60723	106	1
1527992375.913236000	6.60734	1412	0
1527992375.914467000	6.60857	1352	0
1527992375.915669000	6.60977	1412	0
1527992375.916133000	6.61024	106	1
1527992375.916888000	6.61099	1412	0
1527992375.918105000	6.61221	1412	0
1527992375.919345000	6.61345	188	0
1527992375.919490000	6.61359	103	1
1527992375.920587000	6.61469	1217	0
1527992375.921811000	6.61592	1412	0
1527992375.922148000	6.61625	106	1
1527992375.923024000	6.61713	1412	0
1527992375.924248000	6.61835	1412	0
1527992375.925461000	6.61957	1412	0
1527992375.926665000	6.62077	844	0
1527992375.928210000	6.62231	103	1
1527992375.934176000	6.62828	103	1
1527992375.936674000	6.63078	1412	0
1527992375.937893000	6.632	1412	0
1527992375.939177000	6.63328	1412	0
1527992375.940127000	6.63423	106	1
1527992375.940406000	6.63451	894	0
1527992375.941642000	6.63575	1412	0
1527992375.942860000	6.63696	1412	0
1527992375.944076000	6.63818	1412	0
1527992375.945261000	6.63936	190	0
1527992375.946497000	6.6406	973	0
1527992375.947726000	6.64183	1412	0
1527992375.949012000	6.64312	1412	0
1527992375.950234000	6.64434	1412	0
1527992375.950486000	6.64459	103	1
1527992375.951447000	6.64555	1412	0
1527992375.952653000	6.64676	303	0
1527992375.953900000	6.648	1412	0
1527992375.954059000	6.64816	127	1
1527992375.955118000	6.64922	1412	0
1527992375.956343000	6.65045	1412	0
1527992375.957551000	6.65165	1305	0
1527992375.958135000	6.65224	106	1
1527992375.958836000	6.65294	1412	0
1527992375.960059000	6.65416	1412	0
1527992375.961277000	6.65538	1412	0
1527992375.961459000	6.65556	103	1
1527992375.962460000	6.65656	188	0
1527992375.963693000	6.6578	968	0
1527992375.964922000	6.65903	1412	0
1527992375.965338000	6.65944	106	1
1527992375.966134000	6.66024	1297	0
1527992375.967337000	6.66144	749	0
1527992375.968119000	6.66222	106	1
1527992375.968619000	6.66272	1412	0
1527992375.969843000	6.66395	1326	0
1527992375.971063000	6.66517	1412	0
1527992375.971199000	6.6653	106	1
1527992375.972281000	6.66638	1412	0
1527992375.973472000	6.66758	336	0
1527992375.974682000	6.66879	168	0
1527992375.975236000	6.66934	106	1
1527992377.204211000	7.89831	430	1
1527992377.204299000	7.8984	145	1
1527992377.221983000	7.91609	87	0
1527992377.280411000	7.97451	1412	0
1527992377.281627000	7.97573	1412	0
1527992377.282853000	7.97696	1412	0
1527992377.283201000	7.9773	109	1
1527992377.284057000	7.97816	710	0
1527992377.285387000	7.97949	92	0
1527992377.286189000	7.98029	103	1
1527992377.286958000	7.98106	321	0
1527992377.289199000	7.9833	100	1
1527992378.353412000	9.04752	860	1
1527992378.353493000	9.0476	295	1
1527992378.358148000	9.05225	325	1
1527992378.358242000	9.05235	1412	1
1527992378.358280000	9.05238	1412	1
1527992378.358308000	9.05241	972	1
1527992378.371236000	9.06534	87	0
1527992378.380104000	9.07421	87	0
1527992378.449735000	9.14384	400	1
1527992378.468353000	9.16246	87	0
1527992378.503350000	9.19745	305	0
1527992378.504580000	9.19868	1400	0
1527992378.505773000	9.19988	513	0
1527992378.506278000	9.20038	109	1
1527992378.534366000	9.22847	592	0
1527992378.535591000	9.22969	1412	0
1527992378.536808000	9.23091	1412	0
1527992378.537275000	9.23138	106	1
1527992378.538019000	9.23212	130	0
1527992378.539326000	9.23343	1412	0
1527992378.540269000	9.23437	103	1
1527992378.540524000	9.23463	732	0
1527992378.541767000	9.23587	1412	0
1527992378.542981000	9.23708	1412	0
1527992378.543274000	9.23738	106	1
1527992378.544162000	9.23827	112	0
1527992378.545369000	9.23947	92	0
1527992378.546585000	9.24069	89	0
1527992378.547598000	9.2417	106	1
1527992378.636433000	9.33054	1412	1
1527992378.636505000	9.33061	1412	1
1527992378.636540000	9.33064	459	1
1527992378.636598000	9.3307	845	1
1527992378.657894000	9.352	87	0
1527992378.679891000	9.374	502	0
1527992378.681088000	9.37519	238	0
1527992378.682310000	9.37641	376	0
1527992378.683279000	9.37738	109	1
1527992378.688340000	9.38244	80	0
1527992378.691286000	9.38539	100	1
1527992378.768060000	9.46216	283	0
1527992378.769317000	9.46342	103	0
1527992378.771303000	9.46541	103	1
1527992378.773356000	9.46746	196	0
1527992378.776270000	9.47037	100	1
1527992379.350898000	10.045	999	1
1527992379.350986000	10.0451	95	1
1527992379.383326000	10.0774	999	1
1527992379.391330000	10.0854	87	0
1527992379.400005000	10.0941	87	0
1527992379.414183000	10.1083	87	0
1527992379.701491000	10.3956	309	0
1527992379.702692000	10.3968	368	0
1527992379.704021000	10.3981	101	0
1527992379.704446000	10.3986	115	1
1527992380.278409000	10.9725	473	1
1527992380.278494000	10.9726	110	1
1527992380.284851000	10.979	302	1
1527992380.288111000	10.9822	477	1
1527992380.288192000	10.9823	88	1
1527992380.296663000	10.9908	87	0
1527992380.301761000	10.9959	87	0
1527992380.308493000	11.0026	87	0
1527992380.514960000	11.2091	287	0
1527992380.516154000	11.2103	103	0
1527992380.517402000	11.2115	112	1
1527992380.519523000	11.2136	92	0
1527992380.520748000	11.2149	187	0
1527992380.522392000	11.2165	103	1
1527992380.548278000	11.2424	243	0
1527992380.549545000	11.2436	141	0
1527992380.551398000	11.2455	103	1
1527992380.553186000	11.2473	92	0
1527992380.554413000	11.2485	302	0
1527992380.555450000	11.2496	103	1
1527992380.591583000	11.2857	392	1
1527992380.591665000	11.2858	262	1
1527992380.594447000	11.2886	242	0
1527992380.595653000	11.2898	151	0
1527992380.597407000	11.2915	103	1
1527992380.598134000	11.2922	92	0
1527992380.599415000	11.2935	320	0
1527992380.600393000	11.2945	103	1
1527992380.609845000	11.3039	87	0
1527992380.632460000	11.3266	392	1
1527992380.651436000	11.3455	87	0
1527992381.271539000	11.9656	388	1
1527992381.271674000	11.9658	1412	1
1527992381.271713000	11.9658	1412	1
1527992381.271765000	11.9659	1412	1
1527992381.271787000	11.9659	1412	1
1527992381.271810000	11.9659	1412	1
1527992381.271857000	11.966	1412	1
1527992381.271894000	11.966	1412	1
1527992381.271933000	11.966	1412	1
1527992381.271985000	11.9661	1412	1
1527992381.272007000	11.9661	1412	1
1527992381.272054000	11.9662	1412	1
1527992381.272089000	11.9662	1412	1
1527992381.272112000	11.9662	1412	1
1527992381.272158000	11.9663	1412	1
1527992381.272195000	11.9663	1412	1
1527992381.272230000	11.9663	1412	1
1527992381.273428000	11.9675	1412	1
1527992381.273454000	11.9676	1412	1
1527992381.273497000	11.9676	1412	1
1527992381.273550000	11.9677	1412	1
1527992381.273574000	11.9677	1412	1
1527992381.273617000	11.9677	1412	1
1527992381.273641000	11.9677	1412	1
1527992381.273675000	11.9678	1412	1
1527992381.273715000	11.9678	1412	1
1527992381.273744000	11.9678	1412	1
1527992381.273782000	11.9679	1412	1
1527992381.273816000	11.9679	1412	1
1527992381.273852000	11.968	1412	1
1527992381.275489000	11.9696	1412	1
1527992381.275562000	11.9697	1412	1
1527992381.275602000	11.9697	1412	1
1527992381.275689000	11.9698	1412	1
1527992381.275710000	11.9698	761	1
1527992381.288206000	11.9823	87	0
1527992381.290716000	11.9848	87	0
1527992381.294408000	11.9885	87	0
1527992381.295619000	11.9897	90	0
1527992381.298449000	11.9926	109	1
1527992381.299361000	11.9935	87	0
1527992381.470707000	12.1648	259	0
1527992381.471960000	12.1661	146	0
1527992381.473520000	12.1676	106	1
1527992381.477766000	12.1719	92	0
1527992381.478990000	12.1731	306	0
1527992381.480441000	12.1745	103	1
1527992381.537886000	12.232	362	1
1527992381.540001000	12.2341	295	1
1527992381.556590000	12.2507	87	0
1527992381.601826000	12.2959	376	1
1527992381.625558000	12.3197	324	1
1527992381.625661000	12.3198	270	1
1527992381.632640000	12.3267	87	0
1527992381.650305000	12.3444	87	0
1527992381.778265000	12.4724	553	0
1527992381.779555000	12.4737	802	0
1527992381.780750000	12.4749	92	0
1527992381.781497000	12.4756	115	1
1527992381.784934000	12.479	166	0
1527992381.788491000	12.4826	100	1
1527992381.848199000	12.5423	408	0
1527992381.849456000	12.5436	118	0
1527992381.851471000	12.5456	103	1
1527992381.853996000	12.5481	92	0
1527992381.855209000	12.5493	104	0
1527992381.856461000	12.5506	103	1
1527992381.884770000	12.5789	425	0
1527992381.887489000	12.5816	100	1
1527992381.892481000	12.5866	80	0
1527992381.895486000	12.5896	100	1
1527992381.955163000	12.6493	1412	1
1527992381.955202000	12.6493	411	1
1527992381.987252000	12.6814	87	0
1527992382.017215000	12.7113	233	0
1527992382.018421000	12.7125	279	0
1527992382.020491000	12.7146	106	1
1527992382.021449000	12.7156	92	0
1527992382.022672000	12.7168	186	0
1527992382.024470000	12.7186	103	1
1527992382.054815000	12.7489	241	0
1527992382.056014000	12.7501	146	0
1527992382.057475000	12.7516	103	1
1527992382.058461000	12.7526	92	0
1527992382.059745000	12.7538	220	0
1527992382.061498000	12.7556	103	1
1527992382.105827000	12.7999	398	0
1527992382.107049000	12.8012	465	0
1527992382.108253000	12.8024	274	0
1527992382.108640000	12.8027	106	1
1527992382.120922000	12.815	668	1
1527992382.138691000	12.8328	87	0
1527992382.263144000	12.9572	281	0
1527992382.264282000	12.9584	360	0
1527992382.265513000	12.9596	338	0
1527992382.266504000	12.9606	109	1
1527992382.291774000	12.9859	788	1
1527992382.291838000	12.9859	265	1
1527992382.309876000	13.004	87	0
1527992382.614659000	13.3088	265	0
1527992382.615853000	13.31	146	0
1527992382.617533000	13.3116	106	1
1527992382.621323000	13.3154	92	0
1527992382.622494000	13.3166	141	0
1527992382.624500000	13.3186	103	1
1527992382.742106000	13.4362	390	1
1527992382.742197000	13.4363	260	1
1527992382.760651000	13.4548	87	0
1527992382.769354000	13.4635	87	0
1527992383.062022000	13.7561	232	0
1527992383.063227000	13.7573	146	0
1527992383.064570000	13.7587	109	1
1527992383.067080000	13.7612	92	0
1527992383.068298000	13.7624	97	0
1527992383.069527000	13.7636	103	1
1527992383.243853000	13.938	386	1
1527992383.243927000	13.938	265	1
1527992383.274553000	13.9687	87	0
1527992383.578145000	14.2722	255	0
1527992383.579341000	14.2734	146	0
1527992383.580612000	14.2747	106	1
1527992383.583337000	14.2774	92	0
1527992383.584572000	14.2787	90	0
1527992383.585563000	14.2797	103	1
1527992383.657977000	14.3521	387	1
1527992383.658041000	14.3521	265	1
1527992383.676220000	14.3703	87	0
1527992384.031109000	14.7252	235	0
1527992384.032241000	14.7263	146	0
1527992384.033633000	14.7277	106	1
1527992384.036367000	14.7305	92	0
1527992384.037596000	14.7317	96	0
1527992384.038591000	14.7327	103	1
1527992384.092133000	14.7862	392	1
1527992384.092192000	14.7863	369	1
1527992384.110651000	14.8048	87	0
1527992384.438959000	15.1331	255	0
1527992384.440101000	15.1342	146	0
1527992384.441692000	15.1358	106	1
1527992384.443385000	15.1375	92	0
1527992384.444571000	15.1387	122	0
1527992384.445615000	15.1397	103	1
1527992384.562239000	15.2563	391	1
1527992384.562301000	15.2564	257	1
1527992384.579483000	15.2736	87	0
1527992384.887853000	15.582	232	0
1527992384.889120000	15.5832	146	0
1527992384.890641000	15.5847	106	1
1527992384.892579000	15.5867	92	0
1527992384.893800000	15.5879	301	0
1527992384.895657000	15.5898	103	1
1527992385.040094000	15.7342	387	1
1527992385.040181000	15.7343	260	1
1527992385.058298000	15.7524	87	0
1527992385.218906000	15.913	420	0
1527992385.220086000	15.9142	148	0
1527992385.221708000	15.9158	106	1
1527992385.223390000	15.9175	92	0
1527992385.224595000	15.9187	246	0
1527992385.225664000	15.9198	103	1
1527992385.465125000	16.1592	391	1
1527992385.465183000	16.1593	262	1
1527992385.490167000	16.1843	87	0
1527992385.498246000	16.1923	87	0
1527992385.600522000	16.2946	233	0
1527992385.601721000	16.2958	148	0
1527992385.603759000	16.2979	109	1
1527992385.604722000	16.2988	92	0
1527992385.605995000	16.3001	180	0
1527992385.607745000	16.3018	103	1
1527992385.781081000	16.4752	391	1
1527992385.781173000	16.4753	258	1
1527992385.799201000	16.4933	87	0
1527992385.944052000	16.6382	277	0
1527992385.945270000	16.6394	148	0
1527992385.946786000	16.6409	106	1
1527992385.947727000	16.6418	92	0
1527992385.949017000	16.6431	181	0
1527992385.950767000	16.6449	103	1
1527992386.099791000	16.7939	389	1
1527992386.099858000	16.794	262	1
1527992386.119372000	16.8135	87	0
1527992386.425215000	17.1193	256	0
1527992386.426431000	17.1205	148	0
1527992386.427741000	17.1218	106	1
1527992386.430581000	17.1247	92	0
1527992386.431789000	17.1259	187	0
1527992386.432730000	17.1268	103	1
1527992386.548061000	17.2422	995	1
1527992386.548157000	17.2423	311	1
1527992386.566995000	17.2611	87	0
1527992386.721214000	17.4153	232	0
1527992386.722428000	17.4165	148	0
1527992386.723812000	17.4179	106	1
1527992386.732012000	17.4261	92	0
1527992386.733251000	17.4274	94	0
1527992386.734904000	17.429	103	1
1527992388.274129000	18.9682	582	1
1527992388.274216000	18.9683	260	1
1527992388.292306000	18.9864	87	0
1527992388.297250000	18.9914	87	0
1527992388.597049000	19.2912	256	0
1527992388.598188000	19.2923	148	0
1527992388.599932000	19.294	109	1
1527992388.602910000	19.297	92	0
1527992388.604188000	19.2983	109	0
1527992388.605846000	19.2999	103	1
1527992388.617948000	19.3121	785	1
1527992388.618024000	19.3121	260	1
1527992388.638186000	19.3323	87	0
1527992388.647983000	19.3421	87	0
1527992388.954446000	19.6486	286	0
1527992388.955649000	19.6498	148	0
1527992388.956950000	19.6511	109	1
1527992388.958486000	19.6526	92	0
1527992388.959812000	19.6539	157	0
1527992388.960859000	19.655	103	1
1527992389.232379000	19.9265	389	1
1527992389.232460000	19.9266	257	1
1527992389.251216000	19.9453	87	0
1527992389.580272000	20.2744	255	0
1527992389.581459000	20.2756	148	0
1527992389.582911000	20.277	106	1
1527992389.585996000	20.2801	92	0
1527992389.587215000	20.2813	166	0
1527992389.588897000	20.283	103	1
1527992389.745402000	20.4395	391	1
1527992389.745477000	20.4396	266	1
1527992389.763532000	20.4576	87	0
1527992390.076003000	20.7701	232	0
1527992390.077203000	20.7713	148	0
1527992390.079010000	20.7731	106	1
1527992390.080530000	20.7746	92	0
1527992390.081812000	20.7759	207	0
1527992390.082935000	20.777	103	1
1527992390.290888000	20.985	392	1
1527992390.290969000	20.9851	263	1
1527992390.309038000	21.0031	87	0
1527992390.645841000	21.3399	286	0
1527992390.647046000	21.3412	148	0
1527992390.648965000	21.3431	106	1
1527992390.651277000	21.3454	92	0
1527992390.652505000	21.3466	314	0
1527992390.653943000	21.348	103	1
1527992390.702616000	21.3967	390	1
1527992390.702671000	21.3968	261	1
1527992390.720837000	21.4149	87	0
1527992391.002263000	21.6964	302	1
1527992391.002354000	21.6965	1412	1
1527992391.002382000	21.6965	1412	1
1527992391.002423000	21.6965	1412	1
1527992391.002473000	21.6966	545	1
1527992391.020174000	21.7143	87	0
1527992391.032483000	21.7266	232	0
1527992391.033689000	21.7278	148	0
1527992391.035026000	21.7291	109	1
1527992391.038746000	21.7329	92	0
1527992391.040017000	21.7341	207	0
1527992391.042090000	21.7362	103	1
1527992391.328088000	22.0222	425	0
1527992391.329510000	22.0236	408	1
1527992391.329581000	22.0237	264	1
1527992391.337447000	22.0316	80	0
1527992391.340108000	22.0342	100	1
1527992391.349364000	22.0435	87	0
1527992391.475471000	22.1696	232	0
1527992391.476671000	22.1708	148	0
1527992391.478024000	22.1721	106	1
1527992391.479958000	22.1741	92	0
1527992391.481189000	22.1753	293	0
1527992391.483024000	22.1771	103	1
1527992391.764699000	22.4588	391	1
1527992391.764795000	22.4589	611	1
1527992391.795169000	22.4893	87	0
1527992392.107950000	22.8021	325	0
1527992392.109204000	22.8033	148	0
1527992392.111065000	22.8052	106	1
1527992392.111621000	22.8057	92	0
1527992392.112841000	22.8069	228	0
1527992392.114044000	22.8081	103	1
1527992392.277570000	22.9717	391	1
1527992392.277663000	22.9718	262	1
1527992392.295903000	22.99	87	0
1527992392.602539000	23.2966	328	0
1527992392.603717000	23.2978	148	0
1527992392.605154000	23.2993	106	1
1527992392.606329000	23.3004	92	0
1527992392.607500000	23.3016	278	0
1527992392.609164000	23.3033	103	1
1527992392.747063000	23.4412	388	1
1527992392.747144000	23.4412	266	1
1527992392.765975000	23.4601	87	0
1527992393.070238000	23.7643	275	0
1527992393.071491000	23.7656	148	0
1527992393.073171000	23.7673	106	1
1527992393.075592000	23.7697	92	0
1527992393.076954000	23.7711	176	0
1527992393.078101000	23.7722	103	1
1527992393.187726000	23.8818	995	1
1527992393.187783000	23.8819	315	1
1527992393.206310000	23.9004	87	0
1527992393.549065000	24.2432	258	0
1527992393.550204000	24.2443	148	0
1527992393.552200000	24.2463	106	1
1527992393.560940000	24.255	92	0
1527992393.562168000	24.2563	208	0
1527992393.563157000	24.2573	103	1
1527992393.618279000	24.3124	588	1
1527992393.618370000	24.3125	253	1
1527992393.650792000	24.3449	87	0
1527992393.652782000	24.3469	87	0
1527992393.955148000	24.6493	232	0
1527992393.956423000	24.6505	148	0
1527992393.958217000	24.6523	109	1
1527992393.959595000	24.6537	92	0
1527992393.960856000	24.655	192	0
1527992393.962234000	24.6563	103	1
1527992394.001145000	24.6952	765	1
1527992394.001237000	24.6953	1412	1
1527992394.001272000	24.6954	1412	1
1527992394.001301000	24.6954	1412	1
1527992394.001355000	24.6955	1361	1
1527992394.020474000	24.7146	87	0
1527992394.119382000	24.8135	372	0
1527992394.122233000	24.8163	103	1
1527992394.126117000	24.8202	80	0
1527992394.129189000	24.8233	100	1
1527992394.303634000	24.9977	390	1
1527992394.303695000	24.9978	258	1
1527992394.320137000	25.0142	87	0
1527992394.475345000	25.1694	307	0
1527992394.476544000	25.1706	148	0
1527992394.478192000	25.1723	106	1
1527992394.479121000	25.1732	92	0
1527992394.480353000	25.1745	198	0
1527992394.482222000	25.1763	103	1
1527992394.528582000	25.2227	388	1
1527992394.528672000	25.2228	261	1
1527992394.546109000	25.2402	87	0
1527992394.871016000	25.5651	231	0
1527992394.872167000	25.5663	148	0
1527992394.874281000	25.5684	106	1
1527992394.875886000	25.57	92	0
1527992394.877113000	25.5712	310	0
1527992394.878201000	25.5723	103	1
1527992395.028641000	25.7227	386	1
1527992395.028734000	25.7228	258	1
1527992395.047492000	25.7416	87	0
1527992395.358354000	26.0525	286	0
1527992395.359671000	26.0538	148	0
1527992395.361303000	26.0554	106	1
1527992395.367491000	26.0616	92	0
1527992395.368768000	26.0629	292	0
1527992395.370301000	26.0644	103	1
1527992395.410923000	26.105	386	1
1527992395.411010000	26.1051	315	1
1527992395.447301000	26.1414	386	1
1527992395.457279000	26.1514	87	0
1527992395.470880000	26.165	87	0
1527992395.738492000	26.4326	235	0
1527992395.739791000	26.4339	148	0
1527992395.741324000	26.4354	109	1
1527992395.743497000	26.4376	92	0
1527992395.744779000	26.4389	242	0
1527992395.746257000	26.4404	103	1
1527992395.882483000	26.5766	389	1
1527992395.882579000	26.5767	315	1
1527992395.900704000	26.5948	87	0
1527992396.203560000	26.8977	255	0
1527992396.204814000	26.8989	148	0
1527992396.206097000	26.9002	92	0
1527992396.206353000	26.9005	109	1
1527992396.207320000	26.9014	169	0
1527992396.210284000	26.9044	100	1
1527992396.806620000	27.5007	390	1
1527992396.806681000	27.5008	260	1
1527992396.824152000	27.5183	87	0
1527992397.152185000	27.8463	259	0
1527992397.153494000	27.8476	148	0
1527992397.155204000	27.8493	106	1
1527992397.156390000	27.8505	92	0
1527992397.157575000	27.8517	116	0
1527992397.159196000	27.8533	103	1
1527992397.293795000	27.9879	390	1
1527992397.293890000	27.988	260	1
1527992397.311198000	28.0053	87	0
1527992397.633968000	28.3281	233	0
1527992397.635166000	28.3293	148	0
1527992397.637234000	28.3313	106	1
1527992397.638970000	28.3331	92	0
1527992397.640197000	28.3343	139	0
1527992397.641152000	28.3353	103	1
1527992397.778581000	28.4727	392	1
1527992397.778642000	28.4727	261	1
1527992397.797543000	28.4916	87	0
1527992397.960954000	28.6551	302	1
1527992397.961053000	28.6552	1412	1
1527992397.961090000	28.6552	1412	1
1527992397.961118000	28.6552	1412	1
1527992397.961157000	28.6553	828	1
1527992397.981387000	28.6755	87	0
1527992398.106234000	28.8003	326	0
1527992398.107390000	28.8015	148	0
1527992398.109267000	28.8034	109	1
1527992398.111139000	28.8052	92	0
1527992398.112368000	28.8065	269	0
1527992398.114199000	28.8083	103	1
1527992398.143846000	28.8379	386	0
1527992398.146250000	28.8404	100	1
1527992398.150470000	28.8446	80	0
1527992398.153276000	28.8474	100	1
1527992398.223624000	28.9177	386	1
1527992398.223685000	28.9178	260	1
1527992398.238170000	28.9323	100	0
1527992398.241247000	28.9354	100	1
1527992398.241324000	28.9354	87	0
1527992398.548807000	29.2429	366	0
1527992398.550072000	29.2442	148	0
1527992398.551282000	29.2454	106	1
1527992398.553082000	29.2472	92	0
1527992398.554437000	29.2485	136	0
1527992398.555251000	29.2494	103	1
1527992398.713724000	29.4078	992	1
1527992398.713813000	29.4079	260	1
1527992398.747401000	29.4415	992	1
1527992398.750676000	29.4448	87	0
1527992398.765521000	29.4596	87	0
1527992398.859146000	29.5533	232	0
1527992398.860374000	29.5545	148	0
1527992398.862233000	29.5563	109	1
1527992398.863487000	29.5576	92	0
1527992398.864797000	29.5589	306	0
1527992398.866224000	29.5603	103	1
1527992399.138892000	29.833	586	1
1527992399.138984000	29.8331	264	1
1527992399.156369000	29.8505	87	0
1527992399.262197000	29.9563	255	0
1527992399.263338000	29.9574	148	0
1527992399.265346000	29.9595	106	1
1527992399.266491000	29.9606	92	0
1527992399.267776000	29.9619	312	0
1527992399.269404000	29.9635	103	1
1527992399.511827000	30.2059	787	1
1527992399.511925000	30.206	259	1
1527992399.541524000	30.2356	87	0
1527992399.643226000	30.3373	233	0
1527992399.644428000	30.3385	148	0
1527992399.646289000	30.3404	106	1
1527992399.648021000	30.3421	92	0
1527992399.649293000	30.3434	109	0
1527992399.650267000	30.3444	103	1
1527992400.018970000	30.7131	392	1
1527992400.019057000	30.7132	262	1
1527992400.038183000	30.7323	87	0
1527992400.175671000	30.8698	309	0
1527992400.176873000	30.871	148	0
1527992400.178320000	30.8724	106	1
1527992400.179421000	30.8735	92	0
1527992400.180653000	30.8748	148	0
1527992400.182327000	30.8764	103	1
1527992400.300624000	30.9947	392	1
1527992400.300688000	30.9948	258	1
1527992400.318356000	31.0125	87	0
1527992400.637966000	31.3321	235	0
1527992400.639228000	31.3333	148	0
1527992400.641400000	31.3355	106	1
1527992400.642368000	31.3365	92	0
1527992400.643586000	31.3377	127	0
1527992400.645402000	31.3395	103	1
1527992400.752203000	31.4463	390	1
1527992400.752304000	31.4464	258	1
1527992400.771139000	31.4652	87	0
1527992401.089887000	31.784	264	0
1527992401.091148000	31.7853	148	0
1527992401.092432000	31.7865	106	1
1527992401.093987000	31.7881	92	0
1527992401.095166000	31.7893	225	0
1527992401.096507000	31.7906	103	1
1527992401.229897000	31.924	387	1
1527992401.229982000	31.9241	261	1
1527992401.248829000	31.9429	87	0
1527992401.813386000	32.5075	255	0
1527992401.814592000	32.5087	148	0
1527992401.816430000	32.5105	106	1
1527992401.817644000	32.5117	92	0
1527992401.818852000	32.513	250	0
1527992401.820410000	32.5145	103	1
1527992401.872907000	32.567	391	1
1527992401.872999000	32.5671	439	1
1527992401.891004000	32.5851	87	0
1527992402.015888000	32.71	233	0
1527992402.017019000	32.7111	148	0
1527992402.018493000	32.7126	106	1
1527992402.020569000	32.7147	92	0
1527992402.021831000	32.7159	176	0
1527992402.023403000	32.7175	103	1
1527992402.096906000	32.791	392	1
1527992402.096999000	32.7911	377	1
1527992402.115106000	32.8092	87	0
1527992402.424080000	33.1182	258	0
1527992402.425295000	33.1194	148	0
1527992402.426449000	33.1206	106	1
1527992402.428014000	33.1221	92	0
1527992402.429307000	33.1234	248	0
1527992402.430470000	33.1246	103	1
1527992402.754587000	33.4487	389	1
1527992402.754675000	33.4488	259	1
1527992402.781792000	33.4759	87	0
1527992402.906928000	33.601	233	0
1527992402.908137000	33.6022	148	0
1527992402.909478000	33.6036	106	1
1527992402.911307000	33.6054	92	0
1527992402.912509000	33.6066	326	0
1527992402.914487000	33.6086	103	1
1527992403.224015000	33.9181	392	1
1527992403.224090000	33.9182	261	1
1527992403.242252000	33.9364	87	0
1527992403.553356000	34.2475	256	0
1527992403.554498000	34.2486	148	0
1527992403.556522000	34.2506	106	1
1527992403.586874000	34.281	92	0
1527992403.588101000	34.2822	159	0
1527992403.589496000	34.2836	103	1
1527992403.613032000	34.3071	92	0
1527992403.615503000	34.3096	100	1
1527992403.640165000	34.3343	992	1
1527992403.640237000	34.3343	262	1
1527992403.661759000	34.3559	87	0
1527992403.666491000	34.3606	87	0
1527992403.965771000	34.6599	328	0
1527992403.966897000	34.661	148	0
1527992403.968553000	34.6627	109	1
1527992403.970640000	34.6647	92	0
1527992403.971901000	34.666	187	0
1527992403.973553000	34.6677	103	1
1527992404.121856000	34.816	588	1
1527992404.121919000	34.816	257	1
1527992404.140424000	34.8345	87	0
1527992404.285639000	34.9797	260	0
1527992404.286859000	34.981	148	0
1527992404.288563000	34.9827	106	1
1527992404.290387000	34.9845	92	0
1527992404.291678000	34.9858	260	0
1527992404.293758000	34.9879	103	1
1527992404.524785000	35.2189	400	1
1527992404.524881000	35.219	258	1
1527992404.543001000	35.2371	87	0
1527992404.854488000	35.5486	233	0
1527992404.855669000	35.5498	148	0
1527992404.857563000	35.5517	106	1
1527992404.858783000	35.5529	92	0
1527992404.860060000	35.5542	239	0
1527992404.861572000	35.5557	103	1
1527992404.959901000	35.654	778	1
1527992404.959993000	35.6541	265	1
1527992404.978875000	35.673	87	0
1527992405.311395000	36.0055	365	0
1527992405.312536000	36.0066	148	0
1527992405.313857000	36.008	92	0
1527992405.314615000	36.0087	109	1
1527992405.315098000	36.0092	114	0
1527992405.317651000	36.0118	100	1
1527992405.481219000	36.1753	391	1
1527992405.481312000	36.1754	262	1
1527992405.498562000	36.1927	87	0
1527992405.635773000	36.3299	232	0
1527992405.636916000	36.331	148	0
1527992405.638674000	36.3328	106	1
1527992405.640311000	36.3344	92	0
1527992405.641495000	36.3356	268	0
1527992405.642612000	36.3367	103	1
1527992405.964191000	36.6583	390	1
1527992405.964278000	36.6584	260	1
1527992405.983147000	36.6773	87	0
1527992406.316510000	37.0106	258	0
1527992406.317647000	37.0118	148	0
1527992406.319732000	37.0138	106	1
1527992406.320940000	37.015	92	0
1527992406.322162000	37.0163	127	0
1527992406.323743000	37.0178	103	1
1527992406.403089000	37.0972	389	1
1527992406.403153000	37.0973	260	1
1527992406.422673000	37.1168	87	0
1527992406.729171000	37.4233	259	0
1527992406.730437000	37.4245	148	0
1527992406.731787000	37.4259	106	1
1527992406.733718000	37.4278	92	0
1527992406.734988000	37.4291	186	0
1527992406.736736000	37.4308	103	1
1527992406.802049000	37.4962	393	1
1527992406.802134000	37.4962	258	1
1527992406.820882000	37.515	87	0
1527992407.148204000	37.8423	282	0
1527992407.149456000	37.8436	148	0
1527992407.150721000	37.8448	106	1
1527992407.151286000	37.8454	92	0
1527992407.152510000	37.8466	275	0
1527992407.153695000	37.8478	103	1
1527992407.220036000	37.9141	386	1
1527992407.220132000	37.9142	261	1
1527992407.238028000	37.9321	87	0
1527992407.390281000	38.0844	267	0
1527992407.391415000	38.0855	148	0
1527992407.392811000	38.0869	106	1
1527992407.393988000	38.0881	92	0
1527992407.395218000	38.0893	250	0
1527992407.396717000	38.0908	103	1
1527992407.479920000	38.174	389	1
1527992407.479993000	38.1741	257	1
1527992407.499310000	38.1934	87	0
1527992407.615365000	38.3095	233	0
1527992407.616528000	38.3106	148	0
1527992407.617805000	38.3119	106	1
1527992407.619100000	38.3132	92	0
1527992407.620384000	38.3145	298	0
1527992407.621808000	38.3159	103	1
1527992408.464463000	39.1586	388	1
1527992408.464529000	39.1586	260	1
1527992408.485555000	39.1797	87	0
1527992408.790695000	39.4848	256	0
1527992408.791917000	39.486	148	0
1527992408.793871000	39.488	106	1
1527992408.795486000	39.4896	92	0
1527992408.796725000	39.4908	110	0
1527992408.797797000	39.4919	103	1
1527992408.892246000	39.5863	388	1
1527992408.892336000	39.5864	262	1
1527992408.913186000	39.6073	87	0
1527992409.017962000	39.7121	233	0
1527992409.019218000	39.7133	148	0
1527992409.020832000	39.7149	92	0
1527992409.020912000	39.715	106	1
1527992409.022078000	39.7162	325	0
1527992409.023866000	39.718	103	1
1527992409.161282000	39.8554	992	1
1527992409.161375000	39.8555	258	1
1527992409.180368000	39.8745	87	0
1527992409.492510000	40.1866	255	0
1527992409.493665000	40.1878	148	0
1527992409.495891000	40.19	106	1
1527992409.499473000	40.1936	92	0
1527992409.500693000	40.1948	164	0
1527992409.501848000	40.196	103	1
1527992409.782380000	40.4765	586	1
1527992409.782439000	40.4765	263	1
1527992409.800573000	40.4947	87	0
1527992409.946508000	40.6406	233	0
1527992409.947645000	40.6417	148	0
1527992409.948904000	40.643	92	0
1527992409.949938000	40.644	109	1
1527992409.950238000	40.6443	299	0
1527992409.952873000	40.647	100	1
1527992410.197410000	40.8915	404	1
1527992410.197499000	40.8916	264	1
1527992410.216279000	40.9104	87	0
1527992410.356587000	41.0507	254	0
1527992410.357757000	41.0519	148	0
1527992410.359963000	41.0541	106	1
1527992410.360810000	41.0549	92	0
1527992410.361981000	41.0561	234	0
1527992410.363952000	41.0581	103	1
1527992410.522019000	41.2161	775	1
1527992410.522097000	41.2162	261	1
1527992410.540267000	41.2344	87	0
1527992410.658409000	41.3525	324	0
1527992410.659669000	41.3538	148	0
1527992410.660903000	41.355	106	1
1527992410.662379000	41.3565	92	0
1527992410.663603000	41.3577	145	0
1527992410.664961000	41.3591	103	1
1527992410.861115000	41.5552	391	1
1527992410.861190000	41.5553	257	1
1527992410.879554000	41.5737	87	0
1527992411.190400000	41.8845	259	0
1527992411.191659000	41.8858	148	0
1527992411.193010000	41.8871	106	1
1527992411.193506000	41.8876	92	0
1527992411.194785000	41.8889	236	0
1527992411.195973000	41.8901	103	1
1527992411.274692000	41.9688	391	1
1527992411.274759000	41.9689	262	1
1527992411.293141000	41.9872	87	0
1527992411.623527000	42.3176	231	0
1527992411.626038000	42.3201	103	1
1527992411.627692000	42.3218	148	0
1527992411.630020000	42.3241	100	1
1527992411.633684000	42.3278	92	0
1527992411.634920000	42.329	238	0
1527992411.635955000	42.3301	103	1
1527992411.838428000	42.5325	387	1
1527992411.838488000	42.5326	257	1
1527992411.855783000	42.5499	87	0
1527992412.184668000	42.8788	369	0
1527992412.185821000	42.8799	148	0
1527992412.188060000	42.8822	106	1
1527992412.188765000	42.8829	92	0
1527992412.190028000	42.8841	210	0
1527992412.190985000	42.8851	103	1
1527992412.434503000	43.1286	393	1
1527992412.434594000	43.1287	258	1
1527992412.460806000	43.1549	87	0
1527992412.618673000	43.3128	232	0
1527992412.619930000	43.314	148	0
1527992412.622065000	43.3162	106	1
1527992412.623150000	43.3173	92	0
1527992412.624357000	43.3185	107	0
1527992412.626038000	43.3201	103	1
1527992412.695551000	43.3897	387	1
1527992412.695624000	43.3897	258	1
1527992412.714465000	43.4086	87	0
1527992412.722537000	43.4166	87	0
1527992413.035443000	43.7295	232	0
1527992413.036579000	43.7307	148	0
1527992413.038116000	43.7322	109	1
1527992413.039332000	43.7334	92	0
1527992413.040580000	43.7347	309	0
1527992413.042098000	43.7362	103	1
1527992413.237517000	43.9316	387	1
1527992413.237621000	43.9317	261	1
1527992413.255052000	43.9492	87	0
1527992413.366497000	44.0606	279	0
1527992413.367747000	44.0619	148	0
1527992413.369126000	44.0632	106	1
1527992413.369654000	44.0638	92	0
1527992413.370879000	44.065	259	0
1527992413.372039000	44.0661	103	1
1527992413.580532000	44.2746	388	1
1527992413.580621000	44.2747	258	1
1527992413.599036000	44.2931	87	0
1527992413.750923000	44.445	261	0
1527992413.752063000	44.4462	148	0
1527992413.753328000	44.4474	92	0
1527992413.754160000	44.4483	109	1
1527992413.754526000	44.4486	300	0
1527992413.757162000	44.4513	100	1
1527992414.101650000	44.7958	995	1
1527992414.101741000	44.7958	260	1
1527992414.121376000	44.8155	87	0
1527992414.225500000	44.9196	288	0
1527992414.226763000	44.9209	148	0
1527992414.228181000	44.9223	106	1
1527992414.229869000	44.924	92	0
1527992414.231098000	44.9252	242	0
1527992414.232125000	44.9262	103	1
1527992414.442470000	45.1366	388	1
1527992414.442560000	45.1367	258	1
1527992414.460199000	45.1543	87	0
1527992414.778698000	45.4728	233	0
1527992414.779903000	45.474	148	0
1527992414.781210000	45.4753	106	1
1527992414.782035000	45.4761	92	0
1527992414.783205000	45.4773	222	0
1527992414.785204000	45.4793	103	1
1527992414.790218000	45.4843	583	1
1527992414.790299000	45.4844	260	1
1527992414.810157000	45.5043	87	0
1527992415.126130000	45.8202	233	0
1527992415.127343000	45.8214	148	0
1527992415.129238000	45.8233	106	1
1527992415.131202000	45.8253	92	0
1527992415.132453000	45.8266	303	0
1527992415.134168000	45.8283	103	1
1527992415.294376000	45.9885	400	1
1527992415.294471000	45.9886	258	1
1527992415.316574000	46.0107	87	0
1527992415.319438000	46.0135	87	0
1527992415.488363000	46.1825	255	0
1527992415.489498000	46.1836	148	0
1527992415.491257000	46.1854	109	1
1527992415.498466000	46.1926	92	0
1527992415.499755000	46.1939	238	0
1527992415.501244000	46.1953	103	1
1527992415.520945000	46.215	92	0
1527992415.523261000	46.2174	100	1
1527992415.804767000	46.4989	776	1
1527992415.804858000	46.499	261	1
1527992415.823893000	46.518	87	0
1527992416.149839000	46.8439	255	0
1527992416.150974000	46.8451	148	0
1527992416.153293000	46.8474	106	1
1527992416.153868000	46.848	92	0
1527992416.155096000	46.8492	303	0
1527992416.156215000	46.8503	103	1
1527992416.249771000	46.9439	387	1
1527992416.249832000	46.9439	262	1
1527992416.268223000	46.9623	87	0
1527992416.390500000	47.0846	233	0
1527992416.391763000	47.0859	148	0
1527992416.393307000	47.0874	106	1
1527992416.395511000	47.0896	92	0
1527992416.396787000	47.0909	194	0
1527992416.398320000	47.0924	103	1
1527992416.749589000	47.4437	388	1
1527992416.749685000	47.4438	258	1
1527992416.768782000	47.4629	87	0
1527992416.924797000	47.6189	232	0
1527992416.925931000	47.62	148	0
1527992416.927334000	47.6214	106	1
1527992416.928826000	47.6229	92	0
1527992416.930178000	47.6243	291	0
1527992416.931262000	47.6254	103	1
1527992417.019838000	47.7139	391	1
1527992417.019927000	47.714	259	1
1527992417.038444000	47.7325	87	0
1527992417.152086000	47.8462	349	0
1527992417.153294000	47.8474	148	0
1527992417.155346000	47.8494	106	1
1527992417.155910000	47.85	92	0
1527992417.157113000	47.8512	163	0
1527992417.158266000	47.8524	103	1
1527992417.364939000	48.059	388	1
1527992417.365015000	48.0591	260	1
1527992417.398193000	48.0923	87	0
1527992417.398382000	48.0925	388	1
1527992417.438254000	48.1324	87	0
1527992417.535342000	48.2294	237	0
1527992417.536545000	48.2306	148	0
1527992417.538373000	48.2325	109	1
1527992417.540858000	48.235	92	0
1527992417.542084000	48.2362	162	0
1527992417.543301000	48.2374	103	1
1527992417.784675000	48.4788	392	1
1527992417.784767000	48.4789	258	1
1527992417.804010000	48.4981	87	0
1527992418.120334000	48.8144	233	0
1527992418.121522000	48.8156	148	0
1527992418.123349000	48.8175	106	1
1527992418.125213000	48.8193	92	0
1527992418.126372000	48.8205	110	0
1527992418.128320000	48.8224	103	1
1527992418.217782000	48.9119	388	1
1527992418.217844000	48.9119	261	1
1527992418.238664000	48.9328	87	0
1527992418.351991000	49.0461	366	0
1527992418.353118000	49.0472	148	0
1527992418.355429000	49.0495	106	1
1527992418.356367000	49.0505	92	0
1527992418.357536000	49.0516	303	0
1527992418.359438000	49.0535	103	1
1527992418.500555000	49.1947	392	1
1527992418.500652000	49.1948	257	1
1527992418.529361000	49.2235	87	0
1527992418.866024000	49.5601	233	0
1527992418.867223000	49.5613	148	0
1527992418.868402000	49.5625	106	1
1527992418.871277000	49.5654	92	0
1527992418.872508000	49.5666	159	0
1527992418.874484000	49.5686	103	1
1527992418.975770000	49.6699	996	1
1527992418.975834000	49.6699	262	1
1527992419.006338000	49.7004	87	0
1527992419.114524000	49.8086	232	0
1527992419.115723000	49.8098	148	0
1527992419.117428000	49.8115	106	1
1527992419.118111000	49.8122	92	0
1527992419.119337000	49.8134	159	0
1527992419.120405000	49.8145	103	1
1527992419.235994000	49.9301	387	1
1527992419.236092000	49.9302	258	1
1527992419.254442000	49.9485	87	0
1527992419.559604000	50.2537	279	0
1527992419.560842000	50.2549	148	0
1527992419.562497000	50.2566	106	1
1527992419.564184000	50.2583	92	0
1527992419.565410000	50.2595	250	0
1527992419.566412000	50.2605	103	1
1527992419.654747000	50.3489	586	1
1527992419.654808000	50.3489	260	1
1527992419.673896000	50.368	87	0
1527992419.837000000	50.5311	261	0
1527992419.838222000	50.5323	148	0
1527992419.839508000	50.5336	106	1
1527992419.842342000	50.5364	92	0
1527992419.843514000	50.5376	184	0
1527992419.845437000	50.5395	103	1
1527992420.074896000	50.769	400	1
1527992420.074988000	50.7691	258	1
1527992420.092871000	50.787	87	0
1527992420.227083000	50.9212	288	0
1527992420.228221000	50.9223	148	0
1527992420.229536000	50.9236	106	1
1527992420.232419000	50.9265	92	0
1527992420.233605000	50.9277	197	0
1527992420.235515000	50.9296	103	1
1527992420.356400000	51.0505	773	1
1527992420.356494000	51.0506	260	1
1527992420.375486000	51.0696	87	0
1527992420.502472000	51.1966	233	0
1527992420.503603000	51.1977	148	0
1527992420.505535000	51.1996	106	1
1527992420.509118000	51.2032	92	0
1527992420.510407000	51.2045	331	0
1527992420.511469000	51.2056	103	1
1527992420.653835000	51.3479	388	1
1527992420.653929000	51.348	258	1
1527992420.674218000	51.3683	87	0
1527992420.788746000	51.4829	233	0
1527992420.789960000	51.4841	148	0
1527992420.791530000	51.4856	106	1
1527992420.792808000	51.4869	92	0
1527992420.794088000	51.4882	90	0
1527992420.795493000	51.4896	103	1
1527992421.154855000	51.849	388	1
1527992421.154949000	51.8491	259	1
1527992421.172503000	51.8666	87	0
1527992421.181956000	51.8761	87	0
1527992421.344167000	52.0383	256	0
1527992421.345308000	52.0394	148	0
1527992421.347553000	52.0417	109	1
1527992421.351830000	52.0459	92	0
1527992421.353068000	52.0472	333	0
1527992421.354527000	52.0486	103	1
1527992421.366502000	52.0606	256	0
1527992421.369520000	52.0636	100	1
1527992421.390288000	52.0844	392	1
1527992421.390385000	52.0845	261	1
1527992421.422773000	52.1169	87	0
1527992421.432968000	52.1271	87	0
1527992421.522383000	52.2165	236	0
1527992421.523527000	52.2176	148	0
1527992421.525551000	52.2197	109	1
1527992421.526041000	52.2201	92	0
1527992421.527262000	52.2214	226	0
1527992421.528530000	52.2226	103	1
1527992421.787809000	52.4819	390	1
1527992421.787903000	52.482	258	1
1527992421.807202000	52.5013	87	0
1527992421.943464000	52.6376	235	0
1527992421.944615000	52.6387	148	0
1527992421.945839000	52.6399	92	0
1527992421.946566000	52.6407	109	1
1527992421.947071000	52.6412	299	0
1527992421.949556000	52.6437	100	1
1527992422.025772000	52.7199	392	1
1527992422.025869000	52.72	258	1
1527992422.044446000	52.7385	87	0
1527992422.178420000	52.8725	256	0
1527992422.179563000	52.8737	148	0
1527992422.181593000	52.8757	106	1
1527992422.184000000	52.8781	92	0
1527992422.185223000	52.8793	185	0
1527992422.186564000	52.8807	103	1
1527992422.257614000	52.9517	388	1
1527992422.257674000	52.9518	257	1
1527992422.275865000	52.97	87	0
1527992422.388965000	53.0831	326	0
1527992422.390176000	53.0843	148	0
1527992422.391442000	53.0855	92	0
1527992422.391699000	53.0858	109	1
1527992422.392693000	53.0868	305	0
1527992422.395613000	53.0897	100	1
1527992422.511254000	53.2054	388	1
1527992422.511352000	53.2055	258	1
1527992422.528590000	53.2227	87	0
1527992422.649149000	53.3433	239	0
1527992422.650419000	53.3445	148	0
1527992422.651629000	53.3457	106	1
1527992422.653753000	53.3479	92	0
1527992422.655071000	53.3492	338	0
1527992422.656609000	53.3507	103	1
1527992422.820740000	53.5148	392	1
1527992422.820806000	53.5149	259	1
1527992422.839547000	53.5337	87	0
1527992422.965171000	53.6593	233	0
1527992422.966389000	53.6605	148	0
1527992422.967676000	53.6618	106	1
1527992422.968754000	53.6629	92	0
1527992422.970035000	53.6641	182	0
1527992422.971671000	53.6658	103	1
1527992423.051885000	53.746	996	1
1527992423.051976000	53.7461	257	1
1527992423.073086000	53.7672	87	0
1527992423.203013000	53.8971	366	0
1527992423.204234000	53.8983	148	0
1527992423.205697000	53.8998	106	1
1527992423.206490000	53.9006	92	0
1527992423.207844000	53.9019	142	0
1527992423.209623000	53.9037	103	1
1527992423.241923000	53.936	366	0
1527992423.244680000	53.9388	100	1
1527992423.365962000	54.0601	388	1
1527992423.366059000	54.0602	258	1
1527992423.402416000	54.0965	87	0
1527992423.510544000	54.2046	235	0
1527992423.511731000	54.2058	148	0
1527992423.513721000	54.2078	106	1
1527992423.514749000	54.2089	92	0
1527992423.515974000	54.2101	330	0
1527992423.517704000	54.2118	103	1
1527992423.887462000	54.5816	588	1
1527992423.887518000	54.5816	262	1
1527992423.906717000	54.6008	87	0
1527992424.028267000	54.7224	233	0
1527992424.029486000	54.7236	148	0
1527992424.030740000	54.7248	106	1
1527992424.032567000	54.7267	92	0
1527992424.033778000	54.7279	249	0
1527992424.035684000	54.7298	103	1
1527992424.247040000	54.9411	785	1
1527992424.247104000	54.9412	259	1
1527992424.265456000	54.9596	87	0
1527992424.376945000	55.071	278	0
1527992424.378090000	55.0722	148	0
1527992424.379758000	55.0739	106	1
1527992424.383492000	55.0776	92	0
1527992424.384717000	55.0788	188	0
1527992424.385684000	55.0798	103	1
1527992425.082085000	55.7762	391	1
1527992425.082150000	55.7763	263	1
1527992425.101140000	55.7952	87	0
1527992425.226947000	55.9211	286	0
1527992425.228378000	55.9225	148	0
1527992425.229774000	55.9239	106	1
1527992425.234271000	55.9284	92	0
1527992425.235509000	55.9296	266	0
1527992425.236769000	55.9309	103	1
1527992425.416131000	56.1102	389	1
1527992425.416192000	56.1103	258	1
1527992425.433625000	56.1277	87	0
1527992425.545536000	56.2396	264	0
1527992425.546799000	56.2409	148	0
1527992425.548822000	56.2429	106	1
1527992425.550447000	56.2446	92	0
1527992425.551680000	56.2458	281	0
1527992425.552751000	56.2469	103	1
1527992425.837182000	56.5313	387	1
1527992425.837282000	56.5314	263	1
1527992425.855179000	56.5493	87	0
1527992425.977327000	56.6714	233	0
1527992425.979629000	56.6737	148	0
1527992425.979851000	56.674	106	1
1527992425.984819000	56.6789	92	0
1527992425.986041000	56.6801	303	0
1527992425.987851000	56.682	103	1
1527992426.277230000	56.9713	388	1
1527992426.277289000	56.9714	262	1
1527992426.295375000	56.9895	87	0
1527992426.425854000	57.12	256	0
1527992426.426986000	57.1211	148	0
1527992426.428884000	57.123	106	1
1527992426.430489000	57.1246	92	0
1527992426.431726000	57.1258	107	0
1527992426.432803000	57.1269	103	1
1527992426.587042000	57.2811	392	1
1527992426.587108000	57.2812	261	1
1527992426.605329000	57.2994	87	0
1527992426.711961000	57.4061	232	0
1527992426.713185000	57.4073	148	0
1527992426.714908000	57.409	106	1
1527992426.716686000	57.4108	92	0
1527992426.717974000	57.4121	185	0
1527992426.719813000	57.4139	103	1
1527992427.092431000	57.7865	390	1
1527992427.092525000	57.7866	260	1
1527992427.110509000	57.8046	87	0
1527992427.444093000	58.1382	256	0
1527992427.445222000	58.1393	148	0
1527992427.446940000	58.141	106	1
1527992427.449419000	58.1435	92	0
1527992427.450711000	58.1448	212	0
1527992427.451897000	58.146	103	1
1527992427.513173000	58.2073	388	1
1527992427.513263000	58.2074	261	1
1527992427.531335000	58.2254	87	0
1527992427.655353000	58.3495	236	0
1527992427.656504000	58.3506	148	0
1527992427.657951000	58.3521	106	1
1527992427.660653000	58.3548	92	0
1527992427.661874000	58.356	235	0
1527992427.662877000	58.357	103	1
1527992427.947246000	58.6414	390	1
1527992427.947335000	58.6414	262	1
1527992427.965451000	58.6596	87	0
1527992428.091597000	58.7857	235	0
1527992428.092767000	58.7869	148	0
1527992428.094992000	58.7891	106	1
1527992428.095353000	58.7895	92	0
1527992428.096600000	58.7907	316	0
1527992428.097959000	58.7921	103	1
1527992428.227297000	58.9214	389	1
1527992428.227388000	58.9215	260	1
1527992428.254956000	58.9491	87	0
1527992428.370287000	59.0644	348	0
1527992428.371471000	59.0656	148	0
1527992428.372977000	59.0671	106	1
1527992428.375374000	59.0695	92	0
1527992428.376597000	59.0707	169	0
1527992428.377956000	59.0721	103	1
1527992428.688327000	59.3824	995	1
1527992428.688418000	59.3825	266	1
1527992428.706924000	59.401	87	0
1527992428.838440000	59.5325	237	0
1527992428.839644000	59.5337	148	0
1527992428.840988000	59.5351	92	0
1527992428.841084000	59.5352	106	1
1527992428.842230000	59.5363	277	0
1527992428.844027000	59.5381	103	1
1527992429.147647000	59.8418	587	1
1527992429.147724000	59.8418	264	1
1527992429.165933000	59.86	87	0
1527992429.310232000	60.0043	256	0
1527992429.311375000	60.0055	148	0
1527992429.313044000	60.0071	106	1
1527992429.316514000	60.0106	92	0
1527992429.317806000	60.0119	247	0
1527992429.318971000	60.0131	103	1
1527992429.388727000	60.0828	785	1
1527992429.388791000	60.0829	261	1
1527992429.406696000	60.1008	87	0
1527992429.530500000	60.2246	342	0
1527992429.531626000	60.2257	148	0
1527992429.533011000	60.2271	92	0
1527992429.533092000	60.2272	106	1
1527992429.534196000	60.2283	107	0
1527992429.536048000	60.2302	103	1
1527992429.693339000	60.3874	387	1
1527992429.693399000	60.3875	261	1
1527992429.711180000	60.4053	87	0
1527992429.842481000	60.5366	233	0
1527992429.843701000	60.5378	148	0
1527992429.845009000	60.5391	106	1
1527992429.847033000	60.5411	92	0
1527992429.848245000	60.5423	154	0
1527992429.850011000	60.5441	103	1
1527992430.138397000	60.8325	388	1
1527992430.138466000	60.8326	260	1
1527992430.171127000	60.8652	388	1
1527992430.183899000	60.878	87	0
1527992430.189723000	60.8838	87	0
1527992430.339317000	61.0334	255	0
1527992430.340512000	61.0346	148	0
1527992430.342108000	61.0362	109	1
1527992430.346131000	61.0402	92	0
1527992430.348546000	61.0426	277	0
1527992430.349084000	61.0432	103	1
1527992430.588403000	61.2825	387	1
1527992430.588487000	61.2826	266	1
1527992430.606948000	61.3011	87	0
1527992430.742055000	61.4362	255	0
1527992430.743185000	61.4373	148	0
1527992430.745145000	61.4392	106	1
1527992430.746925000	61.441	92	0
1527992430.748093000	61.4422	156	0
1527992430.750109000	61.4442	103	1
1527992430.818224000	61.5123	390	1
1527992430.818287000	61.5124	259	1
1527992430.836773000	61.5309	87	0
1527992430.958422000	61.6525	261	0
1527992430.959578000	61.6537	148	0
1527992430.961151000	61.6553	106	1
1527992430.962870000	61.657	92	0
1527992430.964092000	61.6582	273	0
1527992430.966262000	61.6604	103	1
1527992431.033257000	61.7274	388	1
1527992431.033345000	61.7274	259	1
1527992431.051086000	61.7452	87	0
1527992431.188467000	61.8826	286	0
1527992431.189605000	61.8837	148	0
1527992431.191152000	61.8853	106	1
1527992431.191591000	61.8857	92	0
1527992431.192847000	61.887	222	0
1527992431.194083000	61.8882	103	1
1527992431.299397000	61.9935	386	1
1527992431.299494000	61.9936	259	1
1527992431.329479000	62.0236	87	0
1527992431.473099000	62.1672	233	0
1527992431.474235000	62.1683	148	0
1527992431.476168000	62.1703	106	1
1527992431.484849000	62.179	92	0
1527992431.486101000	62.1802	110	0
1527992431.487095000	62.1812	103	1
1527992431.504136000	62.1982	92	0
1527992431.507148000	62.2013	100	1
1527992431.573530000	62.2676	391	1
1527992431.573590000	62.2677	260	1
1527992431.595647000	62.2898	87	0
1527992431.603304000	62.2974	87	0
1527992431.706515000	62.4006	231	0
1527992431.707679000	62.4018	148	0
1527992431.709190000	62.4033	109	1
1527992431.710492000	62.4046	92	0
1527992431.711736000	62.4058	98	0
1527992431.713110000	62.4072	103	1
1527992431.863506000	62.5576	386	1
1527992431.863595000	62.5577	259	1
1527992431.882131000	62.5762	87	0
1527992432.001396000	62.6955	233	0
1527992432.002562000	62.6967	148	0
1527992432.004195000	62.6983	106	1
1527992432.006131000	62.7002	92	0
1527992432.007361000	62.7015	215	0
1527992432.009196000	62.7033	103	1
1527992432.378840000	63.0729	388	1
1527992432.378929000	63.073	260	1
1527992432.396515000	63.0906	87	0
1527992432.526620000	63.2207	258	0
1527992432.527958000	63.2221	148	0
1527992432.529161000	63.2233	106	1
1527992432.533241000	63.2273	92	0
1527992432.534454000	63.2286	298	0
1527992432.536153000	63.2303	103	1
1527992432.640407000	63.3345	393	1
1527992432.640485000	63.3346	263	1
1527992432.658641000	63.3527	87	0
1527992432.783029000	63.4771	233	0
1527992432.784223000	63.4783	148	0
1527992432.786180000	63.4803	106	1
1527992432.787975000	63.4821	92	0
1527992432.789185000	63.4833	231	0
1527992432.790155000	63.4843	103	1
1527992432.919524000	63.6136	996	1
1527992432.919621000	63.6137	262	1
1527992432.938493000	63.6326	87	0
1527992433.059009000	63.7531	232	0
1527992433.060204000	63.7543	148	0
1527992433.062211000	63.7563	106	1
1527992433.063061000	63.7572	92	0
1527992433.064301000	63.7584	340	0
1527992433.066199000	63.7603	103	1
1527992433.257725000	63.9518	586	1
1527992433.257815000	63.9519	261	1
1527992433.275316000	63.9694	87	0
1527992433.465476000	64.1596	351	0
1527992433.466614000	64.1607	148	0
1527992433.468307000	64.1624	106	1
1527992433.470788000	64.1649	92	0
1527992433.472016000	64.1661	255	0
1527992433.473207000	64.1673	103	1
1527992434.192896000	64.887	786	1
1527992434.192960000	64.8871	261	1
1527992434.212405000	64.9065	87	0
1527992434.339504000	65.0336	260	0
1527992434.340775000	65.0349	148	0
1527992434.342334000	65.0364	106	1
1527992434.343292000	65.0374	92	0
1527992434.344448000	65.0386	249	0
1527992434.346329000	65.0404	103	1
1527992434.457686000	65.1518	388	1
1527992434.457775000	65.1519	260	1
1527992434.475747000	65.1699	87	0
1527992434.781326000	65.4754	236	0
1527992434.782529000	65.4766	148	0
1527992434.784293000	65.4784	106	1
1527992434.790220000	65.4843	92	0
1527992434.791432000	65.4855	210	0
1527992434.793282000	65.4874	103	1
1527992434.798528000	65.4926	371	1
1527992434.798614000	65.4927	1412	1
1527992434.798639000	65.4927	1412	1
1527992434.798662000	65.4928	1412	1
1527992434.798721000	65.4928	545	1
1527992434.818351000	65.5125	87	0
1527992434.916943000	65.611	431	0
1527992434.919375000	65.6135	103	1
1527992434.924148000	65.6183	80	0
1527992434.927367000	65.6215	100	1
1527992435.010766000	65.7049	392	1
1527992435.010837000	65.7049	223	1
1527992435.029033000	65.7231	87	0
1527992435.133090000	65.8272	303	0
1527992435.134214000	65.8283	148	0
1527992435.136379000	65.8305	106	1
1527992435.139270000	65.8334	92	0
1527992435.140511000	65.8346	335	0
1527992435.142340000	65.8364	103	1
1527992435.305890000	66	392	1
1527992435.305956000	66.0001	317	1
1527992435.336361000	66.0305	87	0
1527992435.445107000	66.1392	281	0
1527992435.446237000	66.1403	148	0
1527992435.448398000	66.1425	106	1
1527992435.449363000	66.1435	92	0
1527992435.450651000	66.1448	190	0
1527992435.452419000	66.1465	103	1
1527992435.613748000	66.3079	389	1
1527992435.613806000	66.3079	317	1
1527992435.633494000	66.3276	87	0
1527992435.737486000	66.4316	261	0
1527992435.738666000	66.4328	148	0
1527992435.740380000	66.4345	92	0
1527992435.740431000	66.4345	106	1
1527992435.741600000	66.4357	171	0
1527992435.743353000	66.4375	103	1
1527992435.919541000	66.6136	392	1
1527992435.919636000	66.6137	255	1
1527992435.937173000	66.6313	87	0
1527992436.051790000	66.7459	265	0
1527992436.053006000	66.7471	148	0
1527992436.054420000	66.7485	106	1
1527992436.054894000	66.749	92	0
1527992436.056117000	66.7502	152	0
1527992436.057418000	66.7515	103	1
1527992437.301513000	67.9956	391	1
1527992437.301616000	67.9957	259	1
1527992437.331034000	68.0251	87	0
1527992437.468680000	68.1628	256	0
1527992437.470019000	68.1641	148	0
1527992437.471295000	68.1654	92	0
1527992437.471700000	68.1658	109	1
1527992437.472496000	68.1666	174	0
1527992437.475718000	68.1698	100	1
1527992437.704084000	68.3982	392	1
1527992437.704172000	68.3983	264	1
1527992437.741690000	68.4358	392	1
1527992437.756095000	68.4502	87	0
1527992437.760689000	68.4548	87	0
1527992437.866717000	68.5608	233	0
1527992437.867997000	68.5621	148	0
1527992437.869726000	68.5638	109	1
1527992437.870805000	68.5649	92	0
1527992437.872022000	68.5661	214	0
1527992437.873646000	68.5677	103	1
1527992438.080065000	68.7742	992	1
1527992438.080123000	68.7742	259	1
1527992438.100489000	68.7946	87	0
1527992438.231129000	68.9252	256	0
1527992438.232266000	68.9264	148	0
1527992438.233777000	68.9279	106	1
1527992438.235895000	68.93	92	0
1527992438.237070000	68.9312	199	0
1527992438.238766000	68.9329	103	1
1527992438.290830000	68.9849	564	1
1527992438.290913000	68.985	1412	1
1527992438.290938000	68.985	1412	1
1527992438.290979000	68.9851	1353	1
1527992438.309831000	69.0039	87	0
1527992438.376945000	69.071	718	1
1527992438.377018000	69.0711	259	1
1527992438.395219000	69.0893	87	0
1527992438.406943000	69.101	87	0
1527992438.440700000	69.1348	375	0
1527992438.443758000	69.1379	109	1
1527992438.448111000	69.1422	80	0
1527992438.450778000	69.1449	100	1
1527992438.510004000	69.2041	336	0
1527992438.511275000	69.2054	148	0
1527992438.512758000	69.2069	103	1
1527992438.514493000	69.2086	92	0
1527992438.515735000	69.2098	181	0
1527992438.516684000	69.2108	103	1
1527992438.762190000	69.4563	388	1
1527992438.762287000	69.4564	259	1
1527992438.780016000	69.4741	87	0
1527992438.900512000	69.5946	233	0
1527992438.901642000	69.5957	148	0
1527992438.903794000	69.5979	106	1
1527992438.904395000	69.5985	92	0
1527992438.905585000	69.5997	275	0
1527992438.906701000	69.6008	103	1
1527992439.053903000	69.748	388	1
1527992439.053998000	69.7481	259	1
1527992439.072491000	69.7666	87	0
1527992439.185718000	69.8798	262	0
1527992439.186940000	69.881	148	0
1527992439.188797000	69.8829	106	1
1527992439.189683000	69.8838	92	0
1527992439.191423000	69.8855	189	0
1527992439.192815000	69.8869	103	1
1527992439.797897000	70.492	389	1
1527992439.797997000	70.4921	259	1
1527992439.816057000	70.5102	87	0
1527992439.958515000	70.6526	233	0
1527992439.959667000	70.6538	148	0
1527992439.961856000	70.656	106	1
1527992439.962702000	70.6568	92	0
1527992439.963931000	70.658	276	0
1527992439.965838000	70.6599	103	1
1527992440.124510000	70.8186	391	1
1527992440.124581000	70.8187	260	1
1527992440.142978000	70.8371	87	0
1527992440.272177000	70.9663	256	0
1527992440.273321000	70.9674	148	0
1527992440.274870000	70.969	106	1
1527992440.277172000	70.9713	92	0
1527992440.278325000	70.9724	225	0
1527992440.279857000	70.974	103	1
1527992440.536100000	71.2302	388	1
1527992440.536199000	71.2303	259	1
1527992440.555203000	71.2493	87	0
1527992440.681783000	71.3759	274	0
1527992440.682972000	71.3771	148	0
1527992440.684833000	71.3789	106	1
1527992440.686731000	71.3808	92	0
1527992440.687983000	71.3821	204	0
1527992440.689888000	71.384	103	1
1527992440.858180000	71.5523	387	1
1527992440.858248000	71.5524	259	1
1527992440.876005000	71.5701	87	0
1527992441.009984000	71.7041	303	0
1527992441.011290000	71.7054	148	0
1527992441.012519000	71.7066	92	0
1527992441.012907000	71.707	109	1
1527992441.013800000	71.7079	233	0
1527992441.016905000	71.711	100	1
1527992441.162103000	71.8562	389	1
1527992441.162190000	71.8563	259	1
1527992441.180391000	71.8745	87	0
1527992441.257318000	71.9514	303	1
1527992441.257411000	71.9515	1412	1
1527992441.257435000	71.9515	1412	1
1527992441.257458000	71.9516	1412	1
1527992441.257494000	71.9516	1412	1
1527992441.257521000	71.9516	1412	1
1527992441.257545000	71.9516	1412	1
1527992441.257597000	71.9517	1412	1
1527992441.257636000	71.9517	1412	1
1527992441.257664000	71.9518	1412	1
1527992441.257702000	71.9518	1412	1
1527992441.257731000	71.9518	1412	1
1527992441.257753000	71.9519	1412	1
1527992441.257798000	71.9519	1412	1
1527992441.257836000	71.9519	1265	1
1527992441.276796000	71.9709	87	0
1527992441.281579000	71.9757	87	0
1527992441.321499000	72.0156	281	0
1527992441.322759000	72.0169	148	0
1527992441.323915000	72.018	112	1
1527992441.326034000	72.0201	92	0
1527992441.327264000	72.0214	338	0
1527992441.328917000	72.023	103	1
1527992441.422803000	72.1169	381	0
1527992441.425937000	72.12	100	1
1527992441.429087000	72.1232	80	0
1527992441.431940000	72.126	100	1
1527992441.609783000	72.3039	392	1
1527992441.609873000	72.304	263	1
1527992441.628892000	72.323	87	0
1527992441.748218000	72.4423	296	0
1527992441.749347000	72.4435	148	0
1527992441.750959000	72.4451	106	1
1527992441.752107000	72.4462	92	0
1527992441.753337000	72.4474	326	0
1527992441.754968000	72.4491	103	1
1527992441.973921000	72.668	394	1
1527992441.974017000	72.6681	262	1
1527992441.991500000	72.6856	87	0
1527992442.115845000	72.8099	233	0
1527992442.116978000	72.8111	148	0
1527992442.118972000	72.8131	106	1
1527992442.121156000	72.8153	92	0
1527992442.122371000	72.8165	104	0
1527992442.123985000	72.8181	103	1
1527992442.513568000	73.2077	388	1
1527992442.513656000	73.2078	260	1
1527992442.531590000	73.2257	87	0
1527992442.662912000	73.357	258	0
1527992442.664051000	73.3582	148	0
1527992442.666006000	73.3601	106	1
1527992442.667764000	73.3619	92	0
1527992442.668992000	73.3631	291	0
1527992442.671008000	73.3651	103	1
1527992442.926336000	73.6204	996	1
1527992442.926400000	73.6205	259	1
1527992442.946004000	73.6401	87	0
1527992443.105135000	73.7992	232	0
1527992443.106393000	73.8005	148	0
1527992443.108028000	73.8021	106	1
1527992443.109661000	73.8038	92	0
1527992443.110947000	73.8051	248	0
1527992443.111958000	73.8061	103	1
1527992443.269077000	73.9632	582	1
1527992443.269144000	73.9632	259	1
1527992443.291885000	73.986	87	0
1527992443.420415000	74.1145	258	0
1527992443.421626000	74.1157	148	0
1527992443.423041000	74.1171	106	1
1527992443.425023000	74.1191	92	0
1527992443.426287000	74.1204	164	0
1527992443.428047000	74.1222	103	1
1527992443.795470000	74.4896	786	1
1527992443.795560000	74.4897	260	1
1527992443.813301000	74.5074	87	0
1527992443.932047000	74.6262	324	0
1527992443.933327000	74.6274	148	0
1527992443.935085000	74.6292	106	1
1527992443.936645000	74.6307	92	0
1527992443.937867000	74.632	210	0
1527992443.939003000	74.6331	103	1
1527992444.067225000	74.7613	386	1
1527992444.067280000	74.7614	259	1
1527992444.085753000	74.7799	87	0
1527992444.198055000	74.8922	254	0
1527992444.199294000	74.8934	148	0
1527992444.201092000	74.8952	106	1
1527992444.201526000	74.8956	92	0
1527992444.202802000	74.8969	145	0
1527992444.204016000	74.8981	103	1
1527992444.281302000	74.9754	386	1
1527992444.281376000	74.9755	259	1
1527992444.300120000	74.9942	87	0
1527992444.403476000	75.0976	239	0
1527992444.404623000	75.0987	148	0
1527992444.406133000	75.1002	106	1
1527992444.408756000	75.1029	92	0
1527992444.409973000	75.1041	247	0
1527992444.411088000	75.1052	103	1
1527992444.694598000	75.3887	389	1
1527992444.694678000	75.3888	262	1
1527992444.712482000	75.4066	87	0
1527992444.816510000	75.5106	231	0
1527992444.817653000	75.5118	148	0
1527992444.819136000	75.5132	106	1
1527992444.820097000	75.5142	92	0
1527992444.821441000	75.5155	260	0
1527992444.823138000	75.5172	103	1
1527992445.210140000	75.9042	389	1
1527992445.210228000	75.9043	260	1
1527992445.242118000	75.9362	87	0
1527992445.242208000	75.9363	389	1
1527992445.275689000	75.9698	87	0
1527992445.345960000	76.0401	255	0
1527992445.347127000	76.0412	148	0
1527992445.348489000	76.0426	92	0
1527992445.349155000	76.0433	112	1
1527992445.349772000	76.0439	234	0
1527992445.352142000	76.0462	100	1
1527992445.607462000	76.3016	387	1
1527992445.607552000	76.3017	259	1
1527992445.625644000	76.3197	87	0
1527992445.754870000	76.449	274	0
1527992445.756016000	76.4501	148	0
1527992445.757591000	76.4517	92	0
1527992445.758186000	76.4523	109	1
1527992445.758803000	76.4529	90	0
1527992445.761186000	76.4553	100	1
1527992445.828273000	76.5224	387	1
1527992445.828333000	76.5224	259	1
1527992445.847163000	76.5413	87	0
1527992445.976832000	76.6709	303	0
1527992445.977987000	76.6721	148	0
1527992445.979190000	76.6733	92	0
1527992445.980194000	76.6743	109	1
1527992445.980489000	76.6746	253	0
1527992445.983179000	76.6773	100	1
1527992446.122732000	76.8168	389	1
1527992446.122794000	76.8169	260	1
1527992446.141744000	76.8358	87	0
1527992446.249191000	76.9433	278	0
1527992446.250414000	76.9445	148	0
1527992446.252206000	76.9463	106	1
1527992446.253462000	76.9476	92	0
1527992446.254691000	76.9488	236	0
1527992446.256197000	76.9503	103	1
1527992446.778591000	77.4727	391	1
1527992446.778680000	77.4728	261	1
1527992446.796743000	77.4908	87	0
1527992446.904394000	77.5985	233	0
1527992446.905537000	77.5996	148	0
1527992446.907249000	77.6014	106	1
1527992446.908145000	77.6022	92	0
1527992446.909369000	77.6035	185	0
1527992446.911255000	77.6054	103	1
1527992447.030535000	77.7246	388	1
1527992447.030596000	77.7247	259	1
1527992447.049086000	77.7432	87	0
1527992447.158516000	77.8526	258	0
1527992447.159786000	77.8539	148	0
1527992447.161264000	77.8554	106	1
1527992447.163107000	77.8572	92	0
1527992447.164334000	77.8584	193	0
1527992447.166261000	77.8604	103	1
1527992447.424850000	78.119	389	1
1527992447.424948000	78.1191	259	1
1527992447.443522000	78.1376	87	0
1527992447.562386000	78.2565	295	0
1527992447.563546000	78.2576	148	0
1527992447.565285000	78.2594	106	1
1527992447.567580000	78.2617	92	0
1527992447.568829000	78.2629	328	0
1527992447.570219000	78.2643	103	1
1527992447.957854000	78.652	993	1
1527992447.957920000	78.652	260	1
1527992447.978028000	78.6721	87	0
1527992448.101125000	78.7952	232	0
1527992448.102347000	78.7965	148	0
1527992448.104333000	78.7984	106	1
1527992448.106113000	78.8002	92	0
1527992448.107281000	78.8014	261	0
1527992448.109330000	78.8034	103	1
1527992448.364610000	79.0587	585	1
1527992448.364672000	79.0588	259	1
1527992448.382746000	79.0768	87	0
1527992448.492757000	79.1869	256	0
1527992448.493965000	79.1881	148	0
1527992448.495337000	79.1894	106	1
1527992448.497782000	79.1919	92	0
1527992448.499003000	79.1931	88	0
1527992448.500266000	79.1944	103	1
1527992448.735870000	79.43	785	1
1527992448.735964000	79.4301	260	1
1527992448.755017000	79.4491	87	0
1527992448.879712000	79.5738	232	0
1527992448.880979000	79.5751	148	0
1527992448.882369000	79.5765	106	1
1527992448.883939000	79.578	92	0
1527992448.885163000	79.5793	137	0
1527992448.886287000	79.5804	103	1
1527992449.231604000	79.9257	387	1
1527992449.231693000	79.9258	259	1
1527992449.257012000	79.9511	87	0
1527992449.263378000	79.9575	87	0
1527992449.386587000	80.0807	255	0
1527992449.387777000	80.0819	148	0
1527992449.389051000	80.0832	92	0
1527992449.389316000	80.0834	112	1
1527992449.390294000	80.0844	267	0
1527992449.393383000	80.0875	100	1
1527992449.455484000	80.1496	387	1
1527992449.455549000	80.1497	259	1
1527992449.482022000	80.1761	87	0
1527992449.592312000	80.2864	325	0
1527992449.593470000	80.2876	148	0
1527992449.595403000	80.2895	106	1
1527992449.596965000	80.2911	92	0
1527992449.598182000	80.2923	86	0
1527992449.599329000	80.2934	103	1
1527992450.177909000	80.872	392	1
1527992450.178002000	80.8721	262	1
1527992450.204251000	80.8984	87	0
1527992450.325693000	81.0198	256	0
1527992450.326840000	81.0209	148	0
1527992450.328447000	81.0226	106	1
1527992450.329583000	81.0237	92	0
1527992450.330908000	81.025	296	0
1527992450.332438000	81.0265	103	1
1527992451.034109000	81.7282	388	1
1527992451.034181000	81.7283	259	1
1527992451.051521000	81.7456	87	0
1527992451.160576000	81.8547	258	0
1527992451.161915000	81.856	148	0
1527992451.163493000	81.8576	106	1
1527992451.166521000	81.8606	92	0
1527992451.167827000	81.8619	213	0
1527992451.169510000	81.8636	103	1
1527992451.517907000	82.212	390	1
1527992451.518001000	82.2121	260	1
1527992451.536575000	82.2307	87	0
1527992451.650555000	82.3447	233	0
1527992451.651898000	82.346	148	0
1527992451.653517000	82.3476	106	1
1527992451.654766000	82.3489	92	0
1527992451.655995000	82.3501	235	0
1527992451.657444000	82.3515	103	1
1527992451.912814000	82.6069	388	1
1527992451.912876000	82.607	261	1
1527992451.930588000	82.6247	87	0
1527992452.049511000	82.7436	231	0
1527992452.050734000	82.7448	148	0
1527992452.052526000	82.7466	106	1
1527992452.054185000	82.7483	92	0
1527992452.055406000	82.7495	213	0
1527992452.056463000	82.7506	103	1
1527992452.338089000	83.0322	387	1
1527992452.338211000	83.0323	261	1
1527992452.356465000	83.0506	87	0
1527992452.614386000	83.3085	297	0
1527992452.615516000	83.3096	148	0
1527992452.617534000	83.3116	106	1
1527992452.618111000	83.3122	92	0
1527992452.619269000	83.3134	216	0
1527992452.620493000	83.3146	103	1
1527992452.904736000	83.5988	392	1
1527992452.904798000	83.5989	261	1
1527992452.923018000	83.6171	87	0
1527992453.037493000	83.7316	300	0
1527992453.038705000	83.7328	148	0
1527992453.040394000	83.7345	92	0
1527992453.040623000	83.7347	109	1
1527992453.041733000	83.7358	314	0
1527992453.044530000	83.7386	100	1
1527992453.343569000	84.0377	387	1
1527992453.343667000	84.0378	260	1
1527992453.365360000	84.0595	87	0
1527992453.490071000	84.1842	279	0
1527992453.491360000	84.1855	148	0
1527992453.492570000	84.1867	106	1
1527992453.493252000	84.1874	92	0
1527992453.494476000	84.1886	217	0
1527992453.495550000	84.1897	103	1
1527992453.805819000	84.4999	388	1
1527992453.805878000	84.5	259	1
1527992453.824575000	84.5187	87	0
1527992453.929007000	84.6231	233	0
1527992453.930150000	84.6243	148	0
1527992453.931614000	84.6257	106	1
1527992453.933193000	84.6273	92	0
1527992453.934414000	84.6285	165	0
1527992453.935574000	84.6297	103	1
1527992454.046805000	84.7409	992	1
1527992454.046891000	84.741	259	1
1527992454.065501000	84.7596	87	0
1527992454.086282000	84.7804	87	0
1527992454.191028000	84.8851	256	0
1527992454.192169000	84.8863	148	0
1527992454.193628000	84.8877	109	1
1527992454.195370000	84.8895	92	0
1527992454.196539000	84.8906	250	0
1527992454.197591000	84.8917	103	1
1527992454.279842000	84.9739	586	1
1527992454.279911000	84.974	259	1
1527992454.300108000	84.9942	87	0
1527992454.308637000	85.0027	87	0
1527992454.418316000	85.1124	291	0
1527992454.419449000	85.1136	148	0
1527992454.421637000	85.1157	109	1
1527992454.421916000	85.116	92	0
1527992454.423136000	85.1172	219	0
1527992454.424654000	85.1188	103	1
1527992454.744018000	85.4381	784	1
1527992454.744107000	85.4382	262	1
1527992454.762676000	85.4568	87	0
1527992454.874575000	85.5687	233	0
1527992454.875829000	85.5699	148	0
1527992454.877705000	85.5718	106	1
1527992454.878671000	85.5728	92	0
1527992454.879833000	85.5739	89	0
1527992454.881692000	85.5758	103	1
1527992455.840624000	86.5347	388	1
1527992455.840711000	86.5348	262	1
1527992455.859678000	86.5538	87	0
1527992455.965192000	86.6593	255	0
1527992455.966410000	86.6605	148	0
1527992455.967760000	86.6619	106	1
1527992455.970587000	86.6647	92	0
1527992455.972309000	86.6664	167	0
1527992455.973669000	86.6678	103	1
1527992456.334981000	87.0291	387	1
1527992456.335076000	87.0292	259	1
1527992456.353506000	87.0476	87	0
1527992456.487177000	87.1813	258	0
1527992456.488332000	87.1824	148	0
1527992456.489806000	87.1839	106	1
1527992456.492220000	87.1863	92	0
1527992456.493444000	87.1875	220	0
1527992456.494731000	87.1888	103	1
1527992456.667964000	87.3621	389	1
1527992456.668030000	87.3621	259	1
1527992456.686258000	87.3804	87	0
1527992456.804672000	87.4988	328	0
1527992456.805801000	87.4999	148	0
1527992456.807799000	87.5019	106	1
1527992456.809083000	87.5032	92	0
1527992456.810235000	87.5043	296	0
1527992456.811829000	87.5059	103	1
1527992456.971179000	87.6653	389	1
1527992456.971273000	87.6654	259	1
1527992456.990158000	87.6843	87	0
1527992457.097283000	87.7914	232	0
1527992457.098499000	87.7926	148	0
1527992457.099820000	87.7939	106	1
1527992457.101844000	87.7959	92	0
1527992457.103115000	87.7972	331	0
1527992457.104828000	87.7989	103	1
1527992457.206283000	87.9004	387	1
1527992457.206360000	87.9005	259	1
1527992457.232080000	87.9262	87	0
1527992457.345240000	88.0393	256	0
1527992457.346444000	88.0405	148	0
1527992457.347848000	88.042	106	1
1527992457.348837000	88.0429	92	0
1527992457.350115000	88.0442	232	0
1527992457.351832000	88.0459	103	1
1527992457.499169000	88.1933	388	1
1527992457.499264000	88.1934	259	1
1527992457.517656000	88.2118	87	0
1527992457.622546000	88.3166	239	0
1527992457.623814000	88.3179	148	0
1527992457.625932000	88.32	106	1
1527992457.627483000	88.3216	92	0
1527992457.628699000	88.3228	132	0
1527992457.629787000	88.3239	103	1
1527992457.791124000	88.4852	389	1
1527992457.791186000	88.4853	259	1
1527992457.807819000	88.5019	87	0
1527992457.939530000	88.6336	235	0
1527992457.940747000	88.6349	148	0
1527992457.942820000	88.6369	106	1
1527992457.943795000	88.6379	92	0
1527992457.945039000	88.6391	263	0
1527992457.946805000	88.6409	103	1
1527992458.004064000	88.6982	393	1
1527992458.004129000	88.6982	261	1
1527992458.021526000	88.7156	87	0
1527992458.126193000	88.8203	232	0
1527992458.127330000	88.8214	148	0
1527992458.128886000	88.823	106	1
1527992458.130857000	88.825	92	0
1527992458.132153000	88.8263	213	0
1527992458.133876000	88.828	103	1
1527992458.727183000	89.4213	387	1
1527992458.727273000	89.4214	259	1
1527992458.748700000	89.4428	87	0
1527992458.883919000	89.578	298	0
1527992458.885081000	89.5792	148	0
1527992458.886933000	89.581	106	1
1527992458.888498000	89.5826	92	0
1527992458.889773000	89.5839	201	0
1527992458.890856000	89.585	103	1
1527992458.990079000	89.6842	389	1
1527992458.990173000	89.6843	259	1
1527992459.009034000	89.7031	87	0
1527992459.132052000	89.8262	301	0
1527992459.133701000	89.8278	148	0
1527992459.134943000	89.829	106	1
1527992459.136330000	89.8304	92	0
1527992459.137512000	89.8316	309	0
1527992459.138871000	89.833	103	1
1527992459.253041000	89.9471	992	1
1527992459.253129000	89.9472	259	1
1527992459.272075000	89.9662	87	0
1527992459.387626000	90.0817	279	0
1527992459.388869000	90.083	148	0
1527992459.390370000	90.0845	92	0
1527992459.390960000	90.0851	109	1
1527992459.391672000	90.0858	206	0
1527992459.394948000	90.0891	100	1
1527992459.726190000	90.4203	388	1
1527992459.726285000	90.4204	261	1
1527992459.759073000	90.4532	87	0
1527992459.853856000	90.548	232	0
1527992459.855048000	90.5492	148	0
1527992459.856883000	90.551	92	0
1527992459.856927000	90.551	106	1
1527992459.858138000	90.5522	152	0
1527992459.859928000	90.554	103	1
1527992459.968137000	90.6622	585	1
1527992459.968228000	90.6623	259	1
1527992459.999044000	90.6931	87	0
1527992460.128863000	90.823	233	0
1527992460.130009000	90.8241	148	0
1527992460.131494000	90.8256	92	0
1527992460.132008000	90.8261	109	1
1527992460.132731000	90.8268	97	0
1527992460.135002000	90.8291	100	1
1527992460.212405000	90.9065	785	1
1527992460.212492000	90.9066	259	1
1527992460.230394000	90.9245	87	0
1527992460.341152000	91.0353	315	0
1527992460.342363000	91.0365	148	0
1527992460.344035000	91.0381	106	1
1527992460.345543000	91.0396	92	0
1527992460.346821000	91.0409	210	0
1527992460.347930000	91.042	103	1
1527992460.558312000	91.2524	390	1
1527992460.558374000	91.2525	260	1
1527992460.578421000	91.2725	87	0
1527992460.698636000	91.3927	233	0
1527992460.699886000	91.394	148	0
1527992460.701036000	91.3951	106	1
1527992460.702533000	91.3966	92	0
1527992460.703812000	91.3979	273	0
1527992460.704965000	91.3991	103	1
1527992460.931345000	91.6254	389	1
1527992460.931405000	91.6255	259	1
1527992460.949873000	91.644	87	0
1527992461.094127000	91.7882	233	0
1527992461.095339000	91.7894	148	0
1527992461.096552000	91.7907	92	0
1527992461.097060000	91.7912	109	1
1527992461.097844000	91.7919	109	0
1527992461.101047000	91.7952	100	1
1527992461.265370000	91.9595	388	1
1527992461.265437000	91.9595	259	1
1527992461.294416000	91.9885	87	0
1527992461.409506000	92.1036	256	0
1527992461.410678000	92.1048	148	0
1527992461.412074000	92.1062	106	1
1527992461.414112000	92.1082	92	0
1527992461.415394000	92.1095	279	0
1527992461.417064000	92.1112	103	1
1527992461.767311000	92.4614	392	1
1527992461.767406000	92.4615	262	1
1527992461.785513000	92.4796	87	0
1527992461.789189000	92.4833	302	1
1527992461.789275000	92.4834	1412	1
1527992461.789299000	92.4834	1412	1
1527992461.789321000	92.4834	1412	1
1527992461.789368000	92.4835	1412	1
1527992461.789400000	92.4835	547	1
1527992461.809087000	92.5032	87	0
1527992461.906476000	92.6006	461	0
1527992461.909069000	92.6032	256	0
1527992461.909118000	92.6032	106	1
1527992461.910257000	92.6044	148	0
1527992461.912097000	92.6062	103	1
1527992461.912725000	92.6068	92	0
1527992461.913946000	92.608	80	0
1527992461.915026000	92.6091	103	1
1527992461.915106000	92.6092	182	0
1527992461.918111000	92.6122	100	1
1527992462.255290000	92.9494	388	1
1527992462.255358000	92.9495	259	1
1527992462.273098000	92.9672	87	0
1527992462.383268000	93.0774	259	0
1527992462.384397000	93.0785	148	0
1527992462.386131000	93.0802	106	1
1527992462.387985000	93.0821	92	0
1527992462.389212000	93.0833	298	0
1527992462.391120000	93.0852	103	1
1527992462.508232000	93.2023	387	1
1527992462.508295000	93.2024	259	1
1527992462.526836000	93.2209	87	0
1527992462.638509000	93.3326	233	0
1527992462.639765000	93.3339	148	0
1527992462.641145000	93.3352	106	1
1527992462.641496000	93.3356	92	0
1527992462.642758000	93.3369	261	0
1527992462.644075000	93.3382	103	1
1527992464.352392000	95.0465	388	1
1527992464.352480000	95.0466	259	1
1527992464.370611000	95.0647	87	0
1527992464.518477000	95.2126	255	0
1527992464.519637000	95.2137	148	0
1527992464.521856000	95.216	106	1
1527992464.522251000	95.2164	92	0
1527992464.523476000	95.2176	204	0
1527992464.524773000	95.2189	103	1
1527992464.575168000	95.2693	387	1
1527992464.575260000	95.2694	262	1
1527992464.593997000	95.2881	87	0
1527992464.704540000	95.3986	274	0
1527992464.705801000	95.3999	148	0
1527992464.707828000	95.4019	92	0
1527992464.707914000	95.402	106	1
1527992464.709140000	95.4032	166	0
1527992464.710785000	95.4049	103	1
1527992464.921378000	95.6155	388	1
1527992464.921439000	95.6155	260	1
1527992464.940512000	95.6346	87	0
1527992464.949853000	95.644	87	0
1527992465.054207000	95.7483	301	0
1527992465.055427000	95.7495	148	0
1527992465.056872000	95.751	109	1
1527992465.060819000	95.7549	92	0
1527992465.062109000	95.7562	274	0
1527992465.063975000	95.7581	103	1
1527992465.391240000	96.0853	992	1
1527992465.391325000	96.0854	259	1
1527992465.411512000	96.1056	87	0
1527992465.516666000	96.2108	277	0
1527992465.517849000	96.212	148	0
1527992465.519917000	96.214	106	1
1527992465.520431000	96.2145	92	0
1527992465.521720000	96.2158	318	0
1527992465.522821000	96.2169	103	1
1527992465.710304000	96.4044	386	1
1527992465.710389000	96.4045	259	1
1527992465.728758000	96.4229	87	0
1527992465.836933000	96.531	233	0
1527992465.838199000	96.5323	148	0
1527992465.839913000	96.534	106	1
1527992465.841718000	96.5358	92	0
1527992465.842880000	96.537	88	0
1527992465.844978000	96.5391	103	1
1527992466.073109000	96.7672	587	1
1527992466.073172000	96.7673	259	1
1527992466.088511000	96.7826	100	0
1527992466.090797000	96.7849	87	0
1527992466.090862000	96.785	100	1
1527992466.209044000	96.9031	258	0
1527992466.210176000	96.9043	148	0
1527992466.211937000	96.906	106	1
1527992466.214578000	96.9087	92	0
1527992466.215840000	96.9099	198	0
1527992466.216861000	96.911	103	1
1527992466.508305000	97.2024	786	1
1527992466.508384000	97.2025	259	1
1527992466.528484000	97.2226	87	0
1527992466.636792000	97.3309	296	0
1527992466.637931000	97.332	148	0
1527992466.639196000	97.3333	92	0
1527992466.639964000	97.3341	109	1
1527992466.640446000	97.3345	253	0
1527992466.642928000	97.337	100	1
1527992466.970202000	97.6643	390	1
1527992466.970265000	97.6644	262	1
1527992466.988965000	97.6831	87	0
1527992467.115086000	97.8092	233	0
1527992467.116324000	97.8104	148	0
1527992467.117987000	97.8121	106	1
1527992467.119330000	97.8134	92	0
1527992467.121061000	97.8152	244	0
1527992467.121909000	97.816	103	1
1527992467.368245000	98.0623	388	1
1527992467.368306000	98.0624	259	1
1527992467.397326000	98.0914	87	0
1527992467.399677000	98.0938	87	0
1527992467.501369000	98.1955	255	0
1527992467.502536000	98.1966	148	0
1527992467.504009000	98.1981	109	1
1527992467.512499000	98.2066	92	0
1527992467.513738000	98.2078	184	0
1527992467.514944000	98.209	103	1
1527992467.801600000	98.4957	387	1
1527992467.801694000	98.4958	259	1
1527992467.819996000	98.5141	87	0
1527992467.953523000	98.6476	232	0
1527992467.954807000	98.6489	148	0
1527992467.956037000	98.6501	106	1
1527992467.958040000	98.6521	92	0
1527992467.959366000	98.6535	97	0
1527992467.961002000	98.6551	103	1
1527992468.232206000	98.9263	390	1
1527992468.232257000	98.9264	260	1
1527992468.252023000	98.9461	87	0
1527992468.402207000	99.0963	325	0
1527992468.403361000	99.0975	148	0
1527992468.405065000	99.0992	106	1
1527992468.407830000	99.1019	92	0
1527992468.409034000	99.1031	98	0
1527992468.411056000	99.1052	103	1
1527992468.628391000	99.3225	391	1
1527992468.628457000	99.3226	261	1
1527992468.647449000	99.3416	87	0
1527992468.764055000	99.4582	233	0
1527992468.765242000	99.4593	148	0
1527992468.767117000	99.4612	106	1
1527992468.767456000	99.4616	92	0
1527992468.768670000	99.4628	120	0
1527992468.770077000	99.4642	103	1
1527992469.054677000	99.7488	391	1
1527992469.054742000	99.7488	268	1
1527992469.074262000	99.7684	87	0
1527992469.206509000	99.9006	277	0
1527992469.207792000	99.9019	148	0
1527992469.209121000	99.9032	106	1
1527992469.211784000	99.9059	92	0
1527992469.213019000	99.9071	114	0
1527992469.214036000	99.9081	103	1
1527992469.621341000	100.315	386	1
1527992469.621407000	100.316	259	1
1527992469.638689000	100.333	87	0
1527992469.748828000	100.443	237	0
1527992469.750033000	100.444	148	0
1527992469.752140000	100.446	106	1
1527992469.753372000	100.447	92	0
1527992469.754544000	100.449	159	0
1527992469.756127000	100.45	103	1
1527992469.894525000	100.589	388	1
1527992469.894586000	100.589	259	1
1527992469.911498000	100.606	87	0
1527992470.027396000	100.721	232	0
1527992470.028670000	100.723	148	0
1527992470.030143000	100.724	106	1
1527992470.031873000	100.726	92	0
1527992470.033123000	100.727	108	0
1527992470.035134000	100.729	103	1
1527992470.327574000	101.022	387	1
1527992470.327667000	101.022	259	1
1527992470.344833000	101.039	87	0
1527992470.472163000	101.166	256	0
1527992470.473436000	101.168	148	0
1527992470.475180000	101.169	106	1
1527992470.477003000	101.171	92	0
1527992470.478165000	101.172	129	0
1527992470.480133000	101.174	103	1
1527992470.739478000	101.434	992	1
1527992470.739538000	101.434	259	1
1527992470.772269000	101.466	992	1
1527992470.772831000	101.467	87	0
1527992470.790918000	101.485	87	0
1527992470.901345000	101.595	274	0
1527992470.902657000	101.597	148	0
1527992470.904216000	101.598	109	1
1527992470.904883000	101.599	92	0
1527992470.906114000	101.6	161	0
1527992470.907130000	101.601	103	1
1527992471.156409000	101.851	392	1
1527992471.156470000	101.851	262	1
1527992471.185816000	101.88	87	0
1527992471.188549000	101.883	87	0
1527992471.293184000	101.987	322	0
1527992471.294389000	101.988	148	0
1527992471.296228000	101.99	109	1
1527992471.298095000	101.992	92	0
1527992471.299267000	101.993	305	0
1527992471.301180000	101.995	103	1
1527992471.428575000	102.123	585	1
1527992471.428661000	102.123	259	1
1527992471.446329000	102.14	87	0
1527992471.564518000	102.259	254	0
1527992471.565693000	102.26	148	0
1527992471.567246000	102.261	106	1
1527992471.569240000	102.263	92	0
1527992471.570499000	102.265	183	0
1527992471.572233000	102.266	103	1
1527992471.671584000	102.366	783	1
1527992471.671666000	102.366	259	1
1527992471.690906000	102.385	87	0
1527992471.796910000	102.491	233	0
1527992471.798185000	102.492	148	0
1527992471.800287000	102.494	106	1
1527992471.800648000	102.495	92	0
1527992471.801926000	102.496	289	0
1527992471.803182000	102.497	103	1
1527992471.944653000	102.639	388	1
1527992471.944713000	102.639	261	1
1527992471.965223000	102.659	87	0
1527992472.282620000	102.977	256	0
1527992472.283810000	102.978	148	0
1527992472.285252000	102.979	106	1
1527992472.287075000	102.981	92	0
1527992472.288283000	102.982	289	0
1527992472.290309000	102.984	103	1
1527992472.297392000	102.991	388	1
1527992472.297458000	102.992	260	1
1527992472.329123000	103.023	87	0
1527992472.436762000	103.131	295	0
1527992472.437975000	103.132	148	0
1527992472.439290000	103.133	106	1
1527992472.440589000	103.135	92	0
1527992472.441901000	103.136	96	0
1527992472.443281000	103.137	103	1
1527992472.793535000	103.488	389	1
1527992472.793629000	103.488	259	1
1527992472.811863000	103.506	87	0
1527992472.935973000	103.63	233	0
1527992472.937121000	103.631	148	0
1527992472.938637000	103.633	92	0
1527992472.939323000	103.633	109	1
1527992472.939919000	103.634	249	0
1527992472.942321000	103.636	100	1
1527992473.571274000	104.265	388	1
1527992473.571341000	104.265	262	1
1527992473.589419000	104.284	87	0
1527992473.701957000	104.396	256	0
1527992473.703096000	104.397	148	0
1527992473.705365000	104.399	106	1
1527992473.706392000	104.4	92	0
1527992473.707619000	104.402	188	0
1527992473.709374000	104.403	103	1
1527992473.952570000	104.647	388	1
1527992473.952642000	104.647	259	1
1527992473.970137000	104.664	87	0
1527992474.079850000	104.774	232	0
1527992474.081059000	104.775	148	0
1527992474.082326000	104.776	106	1
1527992474.084507000	104.779	92	0
1527992474.085730000	104.78	166	0
1527992474.087311000	104.781	103	1
1527992474.455530000	105.15	388	1
1527992474.455626000	105.15	259	1
1527992474.473617000	105.168	87	0
1527992474.483710000	105.178	87	0
1527992474.587509000	105.282	326	0
1527992474.588660000	105.283	148	0
1527992474.590415000	105.285	109	1
1527992474.590663000	105.285	92	0
1527992474.591943000	105.286	311	0
1527992474.593338000	105.287	103	1
1527992474.671741000	105.366	391	1
1527992474.671824000	105.366	260	1
1527992474.689786000	105.384	87	0
1527992474.808240000	105.502	233	0
1527992474.809378000	105.503	148	0
1527992474.811238000	105.505	92	0
1527992474.811474000	105.506	109	1
1527992474.812518000	105.507	327	0
1527992474.815431000	105.51	100	1
1527992475.135647000	105.83	389	1
1527992475.135740000	105.83	259	1
1527992475.154110000	105.848	87	0
1527992475.293219000	105.987	279	0
1527992475.294429000	105.989	158	0
1527992475.295662000	105.99	269	0
1527992475.296390000	105.99	109	1
1527992475.314039000	106.008	279	0
1527992475.316468000	106.011	100	1
1527992475.807924000	106.502	392	1
1527992475.807989000	106.502	261	1
1527992475.827185000	106.521	87	0
1527992475.937842000	106.632	237	0
1527992475.938983000	106.633	148	0
1527992475.940496000	106.635	106	1
1527992475.943665000	106.638	92	0
1527992475.944889000	106.639	328	0
1527992475.946466000	106.641	103	1
1527992476.550940000	107.245	992	1
1527992476.551033000	107.245	259	1
1527992476.571134000	107.265	87	0
1527992476.697031000	107.391	256	0
1527992476.698159000	107.392	148	0
1527992476.699551000	107.394	106	1
1527992476.700847000	107.395	92	0
1527992476.702126000	107.396	252	0
1527992476.703466000	107.398	103	1
1527992476.822762000	107.517	388	1
1527992476.822844000	107.517	259	1
1527992476.841089000	107.535	87	0
1527992476.970170000	107.664	231	0
1527992476.971302000	107.665	148	0
1527992476.973518000	107.668	106	1
1527992476.975800000	107.67	92	0
1527992476.977082000	107.671	114	0
1527992476.978504000	107.673	103	1
1527992477.319923000	108.014	585	1
1527992477.319985000	108.014	271	1
1527992477.338758000	108.033	87	0
1527992477.448522000	108.143	297	0
1527992477.449779000	108.144	148	0
1527992477.451540000	108.146	106	1
1527992477.453365000	108.147	92	0
1527992477.454537000	108.149	172	0
1527992477.456523000	108.151	103	1
1527992478.020351000	108.714	787	1
1527992478.020444000	108.715	259	1
1527992478.038768000	108.733	87	0
1527992478.149162000	108.843	322	0
1527992478.150365000	108.844	148	0
1527992478.151573000	108.846	106	1
1527992478.153952000	108.848	92	0
1527992478.155178000	108.849	282	0
1527992478.156585000	108.851	103	1
1527992478.583802000	109.278	387	1
1527992478.583868000	109.278	259	1
1527992478.602083000	109.296	87	0
1527992478.731354000	109.425	258	0
1527992478.732585000	109.427	148	0
1527992478.734631000	109.429	106	1
1527992478.735813000	109.43	92	0
1527992478.737103000	109.431	312	0
1527992478.738617000	109.433	103	1
1527992479.246943000	109.941	389	1
1527992479.247042000	109.941	259	1
1527992479.278281000	109.972	87	0
1527992479.279495000	109.974	87	0
1527992479.392039000	110.086	256	0
1527992479.393198000	110.087	148	0
1527992479.394668000	110.089	109	1
1527992479.397051000	110.091	92	0
1527992479.398275000	110.092	251	0
1527992479.399718000	110.094	103	1
1527992479.481079000	110.175	388	1
1527992479.481157000	110.175	260	1
1527992479.519747000	110.214	388	1
1527992479.521337000	110.215	87	0
1527992479.537576000	110.232	87	0
1527992479.641204000	110.335	292	0
1527992479.642475000	110.337	148	0
1527992479.643715000	110.338	109	1
1527992479.646286000	110.34	92	0
1527992479.647500000	110.342	248	0
1527992479.648636000	110.343	103	1
1527992479.944993000	110.639	387	1
1527992479.945085000	110.639	259	1
1527992479.962530000	110.657	87	0
1527992480.072955000	110.767	230	0
1527992480.074082000	110.768	148	0
1527992480.075763000	110.77	106	1
1527992480.076935000	110.771	92	0
1527992480.078214000	110.772	198	0
1527992480.079734000	110.774	103	1
1527992480.172824000	110.867	386	1
1527992480.172921000	110.867	259	1
1527992480.191347000	110.885	87	0
1527992480.324259000	111.018	256	0
1527992480.325471000	111.02	148	0
1527992480.326751000	111.021	106	1
1527992480.328530000	111.023	92	0
1527992480.329752000	111.024	111	0
1527992480.331753000	111.026	103	1
1527992480.565141000	111.259	392	1
1527992480.565203000	111.259	223	1
1527992480.592858000	111.287	87	0
1527992480.716928000	111.411	233	0
1527992480.718199000	111.412	148	0
1527992480.719780000	111.414	106	1
1527992480.721365000	111.415	92	0
1527992480.722594000	111.417	245	0
1527992480.723695000	111.418	103	1
1527992480.871913000	111.566	392	1
1527992480.871967000	111.566	255	1
1527992480.889367000	111.583	87	0
1527992480.894341000	111.588	87	0
1527992481.015605000	111.71	301	0
1527992481.016865000	111.711	148	0
1527992481.018792000	111.713	109	1
1527992481.020881000	111.715	92	0
1527992481.022368000	111.716	308	0
1527992481.023778000	111.718	103	1
1527992481.055422000	111.75	301	0
1527992481.057771000	111.752	100	1
1527992482.254211000	112.948	390	1
1527992482.254298000	112.948	262	1
1527992482.272560000	112.967	87	0
1527992482.404107000	113.098	258	0
1527992482.405327000	113.099	148	0
1527992482.406620000	113.101	106	1
1527992482.407877000	113.102	92	0
1527992482.409049000	113.103	117	0
1527992482.410600000	113.105	103	1
1527992483.139085000	113.833	993	1
1527992483.139177000	113.833	259	1
1527992483.156537000	113.851	87	0
1527992483.264642000	113.959	278	0
1527992483.265846000	113.96	148	0
1527992483.267733000	113.962	106	1
1527992483.274394000	113.968	92	0
1527992483.275582000	113.97	155	0
1527992483.277639000	113.972	103	1
1527992483.462938000	114.157	387	1
1527992483.462997000	114.157	259	1
1527992483.499747000	114.194	387	1
1527992483.503372000	114.197	87	0
1527992483.517596000	114.212	87	0
1527992483.618567000	114.313	239	0
1527992483.619842000	114.314	148	0
1527992483.621723000	114.316	109	1
1527992483.622576000	114.317	92	0
1527992483.623839000	114.318	139	0
1527992483.625730000	114.32	103	1
1527992484.599117000	115.293	588	1
1527992484.599207000	115.293	261	1
1527992484.629330000	115.323	87	0
1527992484.731347000	115.425	258	0
1527992484.732561000	115.427	148	0
1527992484.734542000	115.429	106	1
1527992484.735367000	115.429	92	0
1527992484.736542000	115.431	309	0
1527992484.738545000	115.433	103	1
1527992484.843195000	115.537	789	1
1527992484.843284000	115.537	260	1
1527992484.862490000	115.557	87	0
1527992484.976525000	115.671	233	0
1527992484.977780000	115.672	148	0
1527992484.979544000	115.674	106	1
1527992484.985001000	115.679	92	0
1527992484.986235000	115.68	117	0
1527992484.987577000	115.682	103	1
1527992485.388838000	116.083	391	1
1527992485.388904000	116.083	259	1
1527992485.407342000	116.101	87	0
1527992485.533569000	116.228	298	0
