1527751945.585579000	0	294	1
1527751945.604663000	0.019084	87	0
1527751945.851367000	0.265788	393	0
1527751945.852657000	0.267078	1412	0
1527751945.854134000	0.268555	1412	0
1527751945.855245000	0.269666	109	1
1527751945.855489000	0.26991	1412	0
1527751945.856737000	0.271158	180	0
1527751945.858148000	0.272569	1412	0
1527751945.859217000	0.273638	106	1
1527751945.859494000	0.273915	1412	0
1527751945.860776000	0.275197	1412	0
1527751945.862144000	0.276565	835	0
1527751945.863200000	0.277621	106	1
1527751945.863583000	0.278004	1412	0
1527751945.864980000	0.279401	1412	0
1527751945.866350000	0.280771	693	0
1527751945.867203000	0.281624	106	1
1527751945.867673000	0.282094	1412	0
1527751945.868995000	0.283416	1412	0
1527751945.870380000	0.284801	1412	0
1527751945.871130000	0.285551	106	1
1527751945.871649000	0.28607	1297	0
1527751945.872995000	0.287416	1412	0
1527751945.874467000	0.288888	1412	0
1527751945.875216000	0.289637	106	1
1527751945.875732000	0.290153	1412	0
1527751945.877043000	0.291464	190	0
1527751945.878411000	0.292832	1412	0
1527751945.879169000	0.29359	106	1
1527751945.879753000	0.294174	1409	0
1527751945.881086000	0.295507	1412	0
1527751945.882400000	0.296821	802	0
1527751945.883804000	0.298225	1412	0
1527751945.885132000	0.299553	1001	0
1527751945.886103000	0.300524	100	1
1527751945.886472000	0.300893	1412	0
1527751945.887812000	0.302233	1412	0
1527751945.889146000	0.303567	1412	0
1527751945.890481000	0.304902	1412	0
1527751945.891139000	0.30556	121	1
1527751945.891787000	0.306208	276	0
1527751945.893148000	0.307569	1412	0
1527751945.894529000	0.30895	1412	0
1527751945.895137000	0.309558	106	1
1527751945.895864000	0.310285	1412	0
1527751945.897170000	0.311591	190	0
1527751945.898532000	0.312953	1412	0
1527751945.899135000	0.313556	106	1
1527751945.899834000	0.314255	150	0
1527751945.901422000	0.315843	1412	0
1527751945.902757000	0.317178	1412	0
1527751945.904139000	0.31856	1412	0
1527751945.905460000	0.319881	900	0
1527751945.906961000	0.321382	1412	0
1527751945.908300000	0.322721	1412	0
1527751945.909653000	0.324074	1412	0
1527751945.911070000	0.325491	943	0
1527751945.912525000	0.326946	393	0
1527751945.944938000	0.359359	103	1
1527751945.949315000	0.363736	121	1
1527751946.348383000	0.762804	514	1
1527751946.348465000	0.762886	1412	1
1527751946.348489000	0.76291	918	1
1527751946.349370000	0.763791	231	1
1527751946.369344000	0.783765	87	0
1527751946.599875000	1.0143	281	0
1527751946.601230000	1.01565	1412	0
1527751946.602581000	1.017	1412	0
1527751946.603184000	1.01761	109	1
1527751946.603983000	1.0184	1412	0
1527751946.605290000	1.01971	180	0
1527751946.606661000	1.02108	1412	0
1527751946.607179000	1.0216	106	1
1527751946.607992000	1.02241	1412	0
1527751946.609323000	1.02374	1071	0
1527751946.610713000	1.02513	92	0
1527751946.611188000	1.02561	106	1
1527751946.612108000	1.02653	187	0
1527751946.617771000	1.03219	100	1
1527751946.631042000	1.04546	218	1
1527751946.637511000	1.05193	385	0
1527751946.641184000	1.05561	100	1
1527751946.642944000	1.05737	80	0
1527751946.646198000	1.06062	100	1
1527751946.649311000	1.06373	87	0
1527751946.831715000	1.24614	388	0
1527751946.833043000	1.24746	1117	0
1527751946.835414000	1.24984	92	0
1527751946.836703000	1.25112	245	0
1527751946.903994000	1.31842	378	0
1527751946.965285000	1.37971	115	1
1527751946.977200000	1.39162	1117	0
1527751946.981303000	1.39572	100	1
1527751947.238009000	1.65243	887	1
1527751947.238351000	1.65277	428	1
1527751947.256364000	1.67079	87	0
1527751947.407747000	1.82217	501	0
1527751947.409035000	1.82346	80	0
1527751947.434424000	1.84885	1412	0
1527751947.435716000	1.85014	158	0
1527751947.505575000	1.92	501	0
1527751947.541934000	1.95636	115	1
1527751947.601786000	2.01621	279	1
1527751947.601860000	2.01628	145	1
1527751947.619615000	2.03404	87	0
1527751947.679753000	2.09417	1412	0
1527751947.681076000	2.0955	1412	0
1527751947.682411000	2.09683	1412	0
1527751947.683786000	2.09821	527	0
1527751947.685113000	2.09953	159	0
1527751947.712375000	2.1268	115	1
1527751947.713999000	2.12842	156	1
1527751947.714068000	2.12849	191	1
1527751947.732282000	2.1467	87	0
1527751947.835370000	2.24979	680	0
1527751947.836675000	2.2511	92	0
1527751947.838018000	2.25244	246	0
1527751947.839532000	2.25395	109	1
1527751948.531713000	2.94613	405	1
1527751948.549906000	2.96433	87	0
1527751948.551970000	2.96639	1264	1
1527751948.589351000	3.00377	87	0
1527751948.790136000	3.20456	1412	1
1527751948.790177000	3.2046	1412	1
1527751948.790200000	3.20462	289	1
1527751948.790258000	3.20468	845	1
1527751948.808890000	3.22331	87	0
1527751948.832394000	3.24681	485	0
1527751948.833823000	3.24824	273	0
1527751948.843192000	3.25761	1412	0
1527751948.844607000	3.25903	864	0
1527751948.855920000	3.27034	103	1
1527751948.859313000	3.27373	106	1
1527751948.890096000	3.30452	331	0
1527751948.891447000	3.30587	1412	0
1527751948.892772000	3.30719	998	0
1527751948.894139000	3.30856	92	0
1527751948.894314000	3.30874	109	1
1527751948.895509000	3.30993	273	0
1527751948.899333000	3.31375	100	1
1527751949.164195000	3.57862	1412	1
1527751949.164235000	3.57866	342	1
1527751949.183500000	3.59792	87	0
1527751949.306516000	3.72094	461	1
1527751949.306606000	3.72103	1412	1
1527751949.306631000	3.72105	1412	1
1527751949.306667000	3.72109	1412	1
1527751949.306701000	3.72112	1412	1
1527751949.306736000	3.72116	1412	1
1527751949.306758000	3.72118	1412	1
1527751949.306805000	3.72123	1412	1
1527751949.306841000	3.72126	1412	1
1527751949.306863000	3.72128	1412	1
1527751949.306925000	3.72135	1412	1
1527751949.306962000	3.72138	1412	1
1527751949.306996000	3.72142	1412	1
1527751949.307034000	3.72146	1293	1
1527751949.325100000	3.73952	87	0
1527751949.330546000	3.74497	87	0
1527751949.333797000	3.74822	87	0
1527751949.456505000	3.87093	373	0
1527751949.459827000	3.87425	112	1
1527751949.460501000	3.87492	80	0
1527751949.471617000	3.88604	403	0
1527751949.473020000	3.88744	949	0
1527751949.475416000	3.88984	106	1
1527751949.933979000	4.3484	1391	1
1527751949.954573000	4.36899	87	0
1527751950.085272000	4.49969	376	0
1527751950.086529000	4.50095	127	0
1527751950.092256000	4.50668	106	1
1527751951.489967000	5.90439	334	1
1527751951.490061000	5.90448	1412	1
1527751951.490098000	5.90452	990	1
1527751951.491789000	5.90621	225	1
1527751951.491866000	5.90629	1412	1
1527751951.491904000	5.90633	1412	1
1527751951.491931000	5.90635	770	1
1527751951.492215000	5.90664	102	1
1527751951.495001000	5.90942	252	1
1527751951.508221000	5.92264	104	0
1527751951.514670000	5.92909	87	0
1527751951.525417000	5.93984	103	1
1527751951.676890000	6.09131	601	0
1527751951.678210000	6.09263	305	0
1527751951.678772000	6.09319	120	1
1527751951.679569000	6.09399	259	0
1527751951.681074000	6.09549	265	1
1527751951.698216000	6.11264	87	0
1527751951.704160000	6.11858	87	0
1527751951.741081000	6.1555	374	0
1527751951.743772000	6.15819	80	0
1527751951.805121000	6.21954	374	0
1527751951.866340000	6.28076	80	0
1527751951.884686000	6.29911	830	0
1527751951.886288000	6.30071	1412	0
1527751951.887572000	6.30199	1412	0
1527751951.888966000	6.30339	1412	0
1527751951.890260000	6.30468	1412	0
1527751951.891597000	6.30602	1412	0
1527751951.892898000	6.30732	122	0
1527751951.894577000	6.309	1412	0
1527751951.895941000	6.31036	1412	0
1527751951.897285000	6.31171	1412	0
1527751951.898677000	6.3131	1336	0
1527751951.900211000	6.31463	1412	0
1527751951.901510000	6.31593	1412	0
1527751951.902891000	6.31731	1412	0
1527751951.904347000	6.31877	188	0
1527751951.905678000	6.3201	1412	0
1527751951.907035000	6.32146	737	0
1527751951.908380000	6.3228	1412	0
1527751951.909720000	6.32414	1412	0
1527751951.911065000	6.32549	1412	0
1527751951.912381000	6.3268	889	0
1527751951.913730000	6.32815	1412	0
1527751951.915132000	6.32955	1412	0
1527751951.916424000	6.33085	1412	0
1527751951.917804000	6.33223	1085	0
1527751951.919143000	6.33356	1412	0
1527751951.920423000	6.33484	1412	0
1527751951.921816000	6.33624	1412	0
1527751951.923121000	6.33754	188	0
1527751951.924535000	6.33896	1412	0
1527751951.925890000	6.34031	209	0
1527751951.927252000	6.34167	1412	0
1527751951.928574000	6.343	1412	0
1527751951.929929000	6.34435	1412	0
1527751951.931264000	6.34569	1293	0
1527751951.932544000	6.34697	1412	0
1527751951.933991000	6.34841	1412	0
1527751951.935340000	6.34976	1412	0
1527751951.936606000	6.35103	1102	0
1527751951.938011000	6.35243	1412	0
1527751951.939340000	6.35376	1250	0
1527751951.940605000	6.35503	743	0
1527751951.942017000	6.35644	1412	0
1527751951.943354000	6.35777	1326	0
1527751951.944843000	6.35926	1412	0
1527751951.946184000	6.36061	1412	0
1527751951.947426000	6.36185	337	0
1527751951.948779000	6.3632	303	0
1527751952.030716000	6.44514	133	1
1527751952.030928000	6.44535	127	1
1527751952.031118000	6.44554	127	1
1527751952.037884000	6.45231	127	1
1527751952.038161000	6.45258	127	1
1527751952.041810000	6.45623	103	1
1527751952.051820000	6.46624	122	0
1527751952.055446000	6.46987	100	1
1527751953.718172000	8.13259	307	1
1527751953.718247000	8.13267	145	1
1527751953.737492000	8.15191	87	0
1527751953.796846000	8.21127	1412	0
1527751953.798171000	8.21259	1412	0
1527751953.799508000	8.21393	1412	0
1527751953.800498000	8.21492	109	1
1527751953.800845000	8.21527	578	0
1527751953.802166000	8.21659	92	0
1527751953.803507000	8.21793	263	0
1527751953.804488000	8.21891	106	1
1527751954.784602000	9.19902	979	1
1527751954.784677000	9.1991	295	1
1527751954.789932000	9.20435	301	1
1527751954.790013000	9.20443	1412	1
1527751954.790039000	9.20446	1412	1
1527751954.790060000	9.20448	982	1
1527751954.806447000	9.22087	87	0
1527751954.811342000	9.22576	87	0
1527751954.856688000	9.27111	399	1
1527751954.876019000	9.29044	87	0
1527751954.897961000	9.31238	442	0
1527751954.901755000	9.31618	103	1
1527751954.906158000	9.32058	80	0
1527751954.909763000	9.32418	100	1
1527751954.927617000	9.34204	277	0
1527751954.928959000	9.34338	1400	0
1527751954.930276000	9.3447	513	0
1527751954.931610000	9.34603	592	0
1527751954.931792000	9.34621	109	1
1527751954.932976000	9.3474	635	0
1527751954.934365000	9.34879	467	0
1527751954.935779000	9.3502	707	0
1527751954.936730000	9.35115	106	1
1527751954.937110000	9.35153	484	0
1527751954.938458000	9.35288	835	0
1527751954.939783000	9.3542	649	0
1527751954.940743000	9.35516	106	1
1527751954.941114000	9.35554	519	0
1527751954.942999000	9.35742	439	0
1527751954.944429000	9.35885	701	0
1527751954.944792000	9.35921	106	1
1527751954.945785000	9.36021	616	0
1527751954.947241000	9.36166	558	0
1527751954.948580000	9.363	654	0
1527751954.949743000	9.36416	106	1
1527751954.949907000	9.36433	583	0
1527751954.951240000	9.36566	689	0
1527751954.953745000	9.36817	103	1
1527751954.970948000	9.38537	102	0
1527751954.972302000	9.38672	199	0
1527751954.973697000	9.38812	275	0
1527751954.974762000	9.38918	106	1
1527751954.975022000	9.38944	103	0
1527751954.976855000	9.39128	135	0
1527751954.978741000	9.39316	103	1
1527751955.061951000	9.47637	1412	1
1527751955.062025000	9.47645	1412	1
1527751955.062058000	9.47648	503	1
1527751955.062117000	9.47654	845	1
1527751955.082663000	9.49708	87	0
1527751955.103360000	9.51778	556	0
1527751955.104824000	9.51925	282	0
1527751955.106757000	9.52118	106	1
1527751955.838838000	10.2533	999	1
1527751955.838929000	10.2534	95	1
1527751955.858058000	10.2725	87	0
1527751955.951573000	10.366	284	0
1527751955.952890000	10.3673	367	0
1527751955.955623000	10.37	107	0
1527751955.955972000	10.3704	109	1
1527751956.614654000	11.0291	474	1
1527751956.614716000	11.0291	110	1
1527751956.618610000	11.033	301	1
1527751956.623218000	11.0376	475	1
1527751956.623266000	11.0377	88	1
1527751956.632669000	11.0471	87	0
1527751956.637227000	11.0516	87	0
1527751956.647369000	11.0618	87	0
1527751956.653505000	11.0679	87	0
1527751956.724927000	11.1393	288	0
1527751956.726251000	11.1407	151	0
1527751956.728870000	11.1433	115	1
1527751956.729300000	11.1437	92	0
1527751956.730634000	11.1451	108	0
1527751956.732847000	11.1473	103	1
1527751956.754154000	11.1686	247	0
1527751956.755496000	11.1699	140	0
1527751956.756828000	11.1712	235	0
1527751956.757847000	11.1723	106	1
1527751956.758150000	11.1726	103	0
1527751956.759484000	11.1739	92	0
1527751956.760823000	11.1752	184	0
1527751956.761854000	11.1763	106	1
1527751956.762145000	11.1766	92	0
1527751956.763490000	11.1779	311	0
1527751956.765869000	11.1803	103	1
1527751957.091234000	11.5057	392	1
1527751957.091313000	11.5057	255	1
1527751957.111443000	11.5259	87	0
1527751957.672689000	12.0871	257	0
1527751957.674081000	12.0885	146	0
1527751957.676436000	12.0909	92	0
1527751957.676919000	12.0913	109	1
1527751957.677822000	12.0922	154	0
1527751957.681906000	12.0963	100	1
1527751957.736513000	12.1509	368	1
1527751957.736677000	12.1511	1412	1
1527751957.736704000	12.1511	1412	1
1527751957.736754000	12.1512	1412	1
1527751957.736791000	12.1512	1412	1
1527751957.736844000	12.1513	1412	1
1527751957.736882000	12.1513	1412	1
1527751957.736916000	12.1513	1412	1
1527751957.736954000	12.1514	1412	1
1527751957.736991000	12.1514	1412	1
1527751957.737031000	12.1515	1412	1
1527751957.737068000	12.1515	1412	1
1527751957.737103000	12.1515	1412	1
1527751957.737155000	12.1516	1412	1
1527751957.737192000	12.1516	1412	1
1527751957.738989000	12.1534	1412	1
1527751957.739030000	12.1535	1412	1
1527751957.739087000	12.1535	1412	1
1527751957.739149000	12.1536	1412	1
1527751957.739171000	12.1536	1412	1
1527751957.739200000	12.1536	1412	1
1527751957.739236000	12.1537	1412	1
1527751957.739266000	12.1537	1412	1
1527751957.740980000	12.1554	1412	1
1527751957.741019000	12.1554	1412	1
1527751957.741081000	12.1555	1412	1
1527751957.741116000	12.1555	1412	1
1527751957.741182000	12.1556	1412	1
1527751957.741205000	12.1556	1412	1
1527751957.741242000	12.1557	1412	1
1527751957.741270000	12.1557	1412	1
1527751957.741317000	12.1557	1412	1
1527751957.742973000	12.1574	1412	1
1527751957.743032000	12.1575	1412	1
1527751957.743076000	12.1575	307	1
1527751957.755229000	12.1697	87	0
1527751957.757440000	12.1719	87	0
1527751957.760785000	12.1752	87	0
1527751957.765440000	12.1799	87	0
1527751957.883295000	12.2977	315	1
1527751957.884307000	12.2987	293	1
1527751957.902072000	12.3165	87	0
1527751957.928261000	12.3427	376	1
1527751957.944217000	12.3586	453	0
1527751957.947964000	12.3624	103	1
1527751957.952098000	12.3665	80	0
1527751957.955947000	12.3704	100	1
1527751957.979615000	12.394	268	0
1527751957.979990000	12.3944	386	1
1527751957.980052000	12.3945	255	1
1527751957.980954000	12.3954	118	0
1527751957.983935000	12.3984	103	1
1527751957.984448000	12.3989	92	0
1527751957.985792000	12.4002	168	0
1527751957.988947000	12.4034	103	1
1527751957.992773000	12.4072	277	0
1527751957.994738000	12.4092	279	0
1527751957.996926000	12.4113	103	1
1527751957.998781000	12.4132	102	0
1527751958.000122000	12.4145	179	0
1527751958.002943000	12.4174	103	1
1527751958.112666000	12.5271	291	0
1527751958.114097000	12.5285	146	0
1527751958.116455000	12.5309	92	0
1527751958.116920000	12.5313	106	1
1527751958.117805000	12.5322	129	0
1527751958.121959000	12.5364	100	1
1527751958.146514000	12.5609	1412	1
1527751958.146589000	12.561	408	1
1527751958.166244000	12.5807	87	0
1527751958.183929000	12.5984	554	0
1527751958.185240000	12.5997	801	0
1527751958.186613000	12.601	92	0
1527751958.187958000	12.6024	109	1
1527751958.188039000	12.6025	202	0
1527751958.191979000	12.6064	100	1
1527751958.468765000	12.8832	396	0
1527751958.470107000	12.8845	628	0
1527751958.472961000	12.8874	103	1
1527751958.544562000	12.959	667	1
1527751958.564852000	12.9793	87	0
1527751958.663765000	13.0782	722	1
1527751958.663829000	13.0783	425	1
1527751958.682249000	13.0967	87	0
1527751958.692112000	13.1065	309	0
1527751958.693377000	13.1078	360	0
1527751958.694829000	13.1093	89	0
1527751958.695963000	13.1104	112	1
1527751958.780551000	13.195	272	0
1527751958.781877000	13.1963	146	0
1527751958.784091000	13.1985	103	1
1527751958.785345000	13.1998	92	0
1527751958.786681000	13.2011	178	0
1527751958.788960000	13.2034	103	1
1527751958.952546000	13.367	391	1
1527751958.952616000	13.367	258	1
1527751958.971265000	13.3857	87	0
1527751959.092741000	13.5072	235	0
1527751959.094136000	13.5086	146	0
1527751959.097060000	13.5115	106	1
1527751959.098383000	13.5128	92	0
1527751959.099728000	13.5141	213	0
1527751959.102074000	13.5165	103	1
1527751959.472682000	13.8871	390	1
1527751959.472747000	13.8872	259	1
1527751959.491623000	13.906	87	0
1527751959.502688000	13.9171	87	0
1527751959.605451000	14.0199	257	0
1527751959.606774000	14.0212	146	0
1527751959.609093000	14.0235	109	1
1527751959.610008000	14.0244	92	0
1527751959.611350000	14.0258	137	0
1527751959.614067000	14.0285	103	1
1527751959.705279000	14.1197	390	1
1527751959.705356000	14.1198	254	1
1527751959.723070000	14.1375	87	0
1527751960.082291000	14.4967	305	0
1527751960.083574000	14.498	146	0
1527751960.086123000	14.5005	106	1
1527751960.086232000	14.5007	92	0
1527751960.087574000	14.502	198	0
1527751960.090073000	14.5045	103	1
1527751960.474657000	14.8891	391	1
1527751960.474724000	14.8891	264	1
1527751960.493182000	14.9076	87	0
1527751960.605343000	15.0198	256	0
1527751960.606599000	15.021	146	0
1527751960.609151000	15.0236	106	1
1527751960.610109000	15.0245	92	0
1527751960.611584000	15.026	229	0
1527751960.614162000	15.0286	103	1
1527751960.793379000	15.2078	386	1
1527751960.793444000	15.2079	254	1
1527751960.813196000	15.2276	87	0
1527751960.934176000	15.3486	256	0
1527751960.935515000	15.3499	146	0
1527751960.938100000	15.3525	106	1
1527751960.939283000	15.3537	92	0
1527751960.940628000	15.355	216	0
1527751960.943095000	15.3575	103	1
1527751961.574592000	15.989	390	1
1527751961.574688000	15.9891	255	1
1527751961.590395000	16.0048	100	0
1527751961.594131000	16.0086	100	1
1527751961.594258000	16.0087	87	0
1527751961.709201000	16.1236	302	0
1527751961.710531000	16.125	148	0
1527751961.713146000	16.1276	106	1
1527751961.713979000	16.1284	92	0
1527751961.715321000	16.1297	138	0
1527751961.718146000	16.1326	103	1
1527751961.863792000	16.2782	392	1
1527751961.863878000	16.2783	261	1
1527751961.881783000	16.2962	87	0
1527751961.981347000	16.3958	281	0
1527751961.982746000	16.3972	148	0
1527751961.985213000	16.3996	106	1
1527751961.986410000	16.4008	92	0
1527751961.987757000	16.4022	152	0
1527751961.990219000	16.4046	103	1
1527751962.311154000	16.7256	387	1
1527751962.311248000	16.7257	261	1
1527751962.328624000	16.743	87	0
1527751962.430951000	16.8454	235	0
1527751962.432281000	16.8467	148	0
1527751962.435215000	16.8496	92	0
1527751962.435279000	16.8497	106	1
1527751962.436579000	16.851	91	0
1527751962.439245000	16.8537	103	1
1527751962.746153000	17.1606	390	1
1527751962.746226000	17.1606	260	1
1527751962.763250000	17.1777	87	0
1527751962.854612000	17.269	257	0
1527751962.855955000	17.2704	148	0
1527751962.858199000	17.2726	106	1
1527751962.858856000	17.2733	92	0
1527751962.860201000	17.2746	222	0
1527751962.862184000	17.2766	103	1
1527751963.155658000	17.5701	992	1
1527751963.155746000	17.5702	263	1
1527751963.175183000	17.5896	87	0
1527751963.274511000	17.6889	233	0
1527751963.275844000	17.6903	148	0
1527751963.278231000	17.6927	106	1
1527751963.278560000	17.693	92	0
1527751963.279942000	17.6944	166	0
1527751963.282300000	17.6967	103	1
1527751963.590859000	18.0053	581	1
1527751963.590946000	18.0054	261	1
1527751963.610602000	18.025	87	0
1527751963.887302000	18.3017	259	0
1527751963.888592000	18.303	148	0
1527751963.891335000	18.3058	106	1
1527751963.892086000	18.3065	92	0
1527751963.893478000	18.3079	97	0
1527751963.895336000	18.3098	103	1
1527751964.024401000	18.4388	789	1
1527751964.024493000	18.4389	256	1
1527751964.043029000	18.4575	87	0
1527751964.138775000	18.5532	285	0
1527751964.140093000	18.5545	148	0
1527751964.142370000	18.5568	106	1
1527751964.143314000	18.5577	92	0
1527751964.144697000	18.5591	233	0
1527751964.147360000	18.5618	103	1
1527751964.490694000	18.9051	387	1
1527751964.490757000	18.9052	261	1
1527751964.511458000	18.9259	87	0
1527751964.513006000	18.9274	87	0
1527751964.598304000	19.0127	256	0
1527751964.599664000	19.0141	148	0
1527751964.602046000	19.0165	92	0
1527751964.602309000	19.0167	112	1
1527751964.603404000	19.0178	249	0
1527751964.607296000	19.0217	100	1
1527751964.841805000	19.2562	391	1
1527751964.841866000	19.2563	257	1
1527751964.861664000	19.2761	87	0
1527751964.990309000	19.4047	256	0
1527751964.991586000	19.406	148	0
1527751964.994397000	19.4088	106	1
1527751964.995370000	19.4098	92	0
1527751964.999105000	19.4135	132	0
1527751964.999345000	19.4138	103	1
1527751965.090409000	19.5048	386	1
1527751965.090474000	19.5049	257	1
1527751965.108739000	19.5232	87	0
1527751965.217915000	19.6323	269	0
1527751965.219243000	19.6337	148	0
1527751965.221324000	19.6357	92	0
1527751965.221387000	19.6358	106	1
1527751965.222654000	19.6371	294	0
1527751965.225403000	19.6398	103	1
1527751965.323122000	19.7375	387	1
1527751965.323210000	19.7376	256	1
1527751965.343130000	19.7576	87	0
1527751965.455132000	19.8696	235	0
1527751965.456448000	19.8709	148	0
1527751965.459358000	19.8738	106	1
1527751965.460772000	19.8752	92	0
1527751965.462087000	19.8765	93	0
1527751965.464384000	19.8788	103	1
1527751966.052684000	20.4671	387	1
1527751966.052770000	20.4672	256	1
1527751966.071662000	20.4861	87	0
1527751966.171648000	20.5861	258	0
1527751966.172953000	20.5874	148	0
1527751966.175391000	20.5898	106	1
1527751966.177036000	20.5915	92	0
1527751966.178379000	20.5928	143	0
1527751966.180380000	20.5948	103	1
1527751966.267987000	20.6824	388	1
1527751966.268080000	20.6825	257	1
1527751966.287165000	20.7016	87	0
1527751966.381262000	20.7957	303	0
1527751966.382533000	20.797	148	0
1527751966.385195000	20.7996	92	0
1527751966.385398000	20.7998	109	1
1527751966.386562000	20.801	215	0
1527751966.390404000	20.8048	100	1
1527751966.597021000	21.0114	389	1
1527751966.597097000	21.0115	259	1
1527751966.618167000	21.0326	87	0
1527751966.721850000	21.1363	256	0
1527751966.723180000	21.1376	148	0
1527751966.724907000	21.1393	92	0
1527751966.725440000	21.1399	109	1
1527751966.726312000	21.1407	205	0
1527751966.730473000	21.1449	100	1
1527751966.870623000	21.285	390	1
1527751966.870699000	21.2851	258	1
1527751966.889584000	21.304	87	0
1527751966.984213000	21.3986	256	0
1527751966.985482000	21.3999	148	0
1527751966.988518000	21.4029	106	1
1527751966.989145000	21.4036	92	0
1527751966.990473000	21.4049	204	0
1527751966.992512000	21.4069	103	1
1527751967.249280000	21.6637	387	1
1527751967.249353000	21.6638	256	1
1527751967.269363000	21.6838	87	0
1527751967.376168000	21.7906	277	0
1527751967.377545000	21.792	148	0
1527751967.380499000	21.7949	106	1
1527751967.381362000	21.7958	92	0
1527751967.382770000	21.7972	324	0
1527751967.385461000	21.7999	103	1
1527751967.594616000	22.009	388	1
1527751967.594704000	22.0091	257	1
1527751967.612379000	22.0268	87	0
1527751967.724137000	22.1386	305	0
1527751967.725463000	22.1399	148	0
1527751967.728559000	22.143	106	1
1527751967.729510000	22.1439	92	0
1527751967.730801000	22.1452	266	0
1527751967.733552000	22.148	103	1
1527751968.048365000	22.4628	992	1
1527751968.048452000	22.4629	260	1
1527751968.067082000	22.4815	87	0
1527751968.164485000	22.5789	235	0
1527751968.165825000	22.5802	148	0
1527751968.168604000	22.583	106	1
1527751968.170066000	22.5845	92	0
1527751968.171416000	22.5858	332	0
1527751968.173571000	22.588	103	1
1527751968.305195000	22.7196	583	1
1527751968.305287000	22.7197	257	1
1527751968.326456000	22.7409	87	0
1527751968.415943000	22.8304	233	0
1527751968.417279000	22.8317	148	0
1527751968.419587000	22.834	106	1
1527751968.420125000	22.8345	92	0
1527751968.421398000	22.8358	115	0
1527751968.423512000	22.8379	103	1
1527751968.634048000	23.0485	784	1
1527751968.634130000	23.0486	257	1
1527751968.654159000	23.0686	87	0
1527751968.759854000	23.1743	257	0
1527751968.761181000	23.1756	148	0
1527751968.763625000	23.178	106	1
1527751968.764444000	23.1789	92	0
1527751968.765789000	23.1802	199	0
1527751968.768607000	23.183	103	1
1527751969.071786000	23.4862	387	1
1527751969.071859000	23.4863	258	1
1527751969.095416000	23.5098	87	0
1527751969.218396000	23.6328	233	0
1527751969.219688000	23.6341	148	0
1527751969.221963000	23.6364	92	0
1527751969.222614000	23.637	109	1
1527751969.223331000	23.6378	162	0
1527751969.226599000	23.641	100	1
1527751969.301939000	23.7164	391	1
1527751969.302006000	23.7164	257	1
1527751969.326351000	23.7408	87	0
1527751969.413232000	23.8277	283	0
1527751969.414573000	23.829	148	0
1527751969.416603000	23.831	106	1
1527751969.418479000	23.8329	92	0
1527751969.419814000	23.8342	102	0
1527751969.422596000	23.837	103	1
1527751969.802964000	24.2174	387	1
1527751969.803056000	24.2175	260	1
1527751969.832941000	24.2474	87	0
1527751969.961519000	24.3759	259	0
1527751969.962843000	24.3773	148	0
1527751969.965620000	24.38	106	1
1527751969.966861000	24.3813	92	0
1527751969.968201000	24.3826	110	0
1527751969.970696000	24.3851	103	1
1527751970.156032000	24.5705	391	1
1527751970.156092000	24.5705	261	1
1527751970.174233000	24.5887	87	0
1527751970.276678000	24.6911	256	0
1527751970.277995000	24.6924	148	0
1527751970.281644000	24.6961	106	1
1527751970.283277000	24.6977	92	0
1527751970.284697000	24.6991	248	0
1527751970.286625000	24.701	103	1
1527751970.591426000	25.0058	391	1
1527751970.591505000	25.0059	264	1
1527751970.610272000	25.0247	87	0
1527751970.692440000	25.1069	292	0
1527751970.693813000	25.1082	148	0
1527751970.696310000	25.1107	92	0
1527751970.696663000	25.1111	109	1
1527751970.697628000	25.112	281	0
1527751970.701687000	25.1161	100	1
1527751971.048875000	25.4633	390	1
1527751971.048952000	25.4634	265	1
1527751971.066671000	25.4811	87	0
1527751971.154475000	25.5689	235	0
1527751971.155818000	25.5702	148	0
1527751971.158688000	25.5731	92	0
1527751971.158765000	25.5732	106	1
1527751971.160124000	25.5745	102	0
1527751971.162704000	25.5771	103	1
1527751971.424091000	25.8385	392	1
1527751971.424171000	25.8386	256	1
1527751971.440971000	25.8554	87	0
1527751971.531808000	25.9462	235	0
1527751971.533194000	25.9476	148	0
1527751971.535570000	25.95	92	0
1527751971.535820000	25.9502	109	1
1527751971.536951000	25.9514	261	0
1527751971.540765000	25.9552	100	1
1527751971.844171000	26.2586	387	1
1527751971.844233000	26.2587	257	1
1527751971.863103000	26.2775	87	0
1527751971.960681000	26.3751	327	0
1527751971.962054000	26.3765	148	0
1527751971.964806000	26.3792	106	1
1527751971.965568000	26.38	92	0
1527751971.966939000	26.3814	86	0
1527751971.969796000	26.3842	103	1
1527751972.135067000	26.5495	386	1
1527751972.135153000	26.5496	260	1
1527751972.154195000	26.5686	87	0
1527751972.285572000	26.7	235	0
1527751972.286888000	26.7013	148	0
1527751972.289777000	26.7042	106	1
1527751972.290411000	26.7048	92	0
1527751972.291737000	26.7062	177	0
1527751972.293834000	26.7083	103	1
1527751972.485961000	26.9004	989	1
1527751972.486055000	26.9005	257	1
1527751972.505112000	26.9195	87	0
1527751972.795204000	27.2096	280	0
1527751972.796528000	27.2109	148	0
1527751972.798861000	27.2133	106	1
1527751972.800560000	27.215	92	0
1527751972.801928000	27.2163	236	0
1527751972.803850000	27.2183	103	1
1527751972.935357000	27.3498	586	1
1527751972.935416000	27.3498	263	1
1527751972.953334000	27.3678	87	0
1527751973.050192000	27.4646	275	0
1527751973.051524000	27.4659	148	0
1527751973.053863000	27.4683	106	1
1527751973.054294000	27.4687	92	0
1527751973.055581000	27.47	118	0
1527751973.057851000	27.4723	103	1
1527751973.327191000	27.7416	785	1
1527751973.327246000	27.7417	257	1
1527751973.347749000	27.7622	87	0
1527751973.453740000	27.8682	279	0
1527751973.455126000	27.8695	148	0
1527751973.457886000	27.8723	106	1
1527751973.459606000	27.874	92	0
1527751973.461006000	27.8754	307	0
1527751973.463868000	27.8783	103	1
1527751974.246483000	28.6609	386	1
1527751974.246578000	28.661	257	1
1527751974.264398000	28.6788	87	0
1527751974.386043000	28.8005	260	0
1527751974.387367000	28.8018	148	0
1527751974.389950000	28.8044	106	1
1527751974.390735000	28.8052	92	0
1527751974.392067000	28.8065	95	0
1527751974.394933000	28.8094	103	1
1527751974.476341000	28.8908	389	1
1527751974.476403000	28.8908	261	1
1527751974.494778000	28.9092	87	0
1527751974.583592000	28.998	235	0
1527751974.585030000	28.9995	148	0
1527751974.587961000	29.0024	106	1
1527751974.589573000	29.004	92	0
1527751974.590914000	29.0053	266	0
1527751974.592974000	29.0074	103	1
1527751974.736162000	29.1506	392	1
1527751974.736254000	29.1507	257	1
1527751974.754066000	29.1685	87	0
1527751974.873213000	29.2876	256	0
1527751974.874584000	29.289	148	0
1527751974.876903000	29.2913	106	1
1527751974.877397000	29.2918	92	0
1527751974.878761000	29.2932	276	0
1527751974.880899000	29.2953	103	1
1527751975.013138000	29.4276	389	1
1527751975.013226000	29.4276	258	1
1527751975.032905000	29.4473	87	0
1527751975.141677000	29.5561	231	0
1527751975.143047000	29.5575	148	0
1527751975.144444000	29.5589	92	0
1527751975.145782000	29.5602	297	0
1527751975.146034000	29.5605	112	1
1527751975.408316000	29.8227	385	1
1527751975.408413000	29.8228	263	1
1527751975.426969000	29.8414	87	0
1527751975.531769000	29.9462	285	0
1527751975.533090000	29.9475	148	0
1527751975.535951000	29.9504	106	1
1527751975.536591000	29.951	92	0
1527751975.537932000	29.9524	331	0
1527751975.539947000	29.9544	103	1
1527751975.739298000	30.1537	391	1
1527751975.739381000	30.1538	261	1
1527751975.758611000	30.173	87	0
1527751975.852954000	30.2674	258	0
1527751975.854367000	30.2688	148	0
1527751975.856966000	30.2714	106	1
1527751975.859130000	30.2736	92	0
1527751975.860473000	30.2749	253	0
1527751975.862951000	30.2774	103	1
1527751976.348564000	30.763	387	1
1527751976.348638000	30.7631	258	1
1527751976.367008000	30.7814	87	0
1527751976.478577000	30.893	255	0
1527751976.479965000	30.8944	148	0
1527751976.482066000	30.8965	106	1
1527751976.482475000	30.8969	92	0
1527751976.483881000	30.8983	110	0
1527751976.486051000	30.9005	103	1
1527751976.709491000	31.1239	389	1
1527751976.709586000	31.124	260	1
1527751976.728985000	31.1434	87	0
1527751976.830389000	31.2448	294	0
1527751976.831768000	31.2462	148	0
1527751976.834091000	31.2485	106	1
1527751976.835852000	31.2503	92	0
1527751976.837197000	31.2516	250	0
1527751976.840073000	31.2545	103	1
1527751977.000349000	31.4148	388	1
1527751977.000407000	31.4148	258	1
1527751977.018651000	31.4331	87	0
1527751977.128670000	31.5431	233	0
1527751977.130056000	31.5445	148	0
1527751977.132089000	31.5465	106	1
1527751977.134051000	31.5485	92	0
1527751977.135436000	31.5499	291	0
1527751977.138105000	31.5525	103	1
1527751977.508648000	31.9231	992	1
1527751977.508740000	31.9232	262	1
1527751977.533092000	31.9475	87	0
1527751977.634787000	32.0492	257	0
1527751977.636095000	32.0505	148	0
1527751977.639129000	32.0536	106	1
1527751977.639774000	32.0542	92	0
1527751977.641083000	32.0555	112	0
1527751977.643115000	32.0575	103	1
1527751977.943833000	32.3583	585	1
1527751977.943931000	32.3584	259	1
1527751977.961988000	32.3764	87	0
1527751978.085751000	32.5002	302	0
1527751978.087072000	32.5015	148	0
1527751978.089069000	32.5035	106	1
1527751978.091317000	32.5057	92	0
1527751978.092662000	32.5071	268	0
1527751978.095098000	32.5095	103	1
1527751978.254453000	32.6689	783	1
1527751978.254514000	32.6689	260	1
1527751978.274436000	32.6889	87	0
1527751978.278558000	32.693	87	0
1527751978.362850000	32.7773	233	0
1527751978.364384000	32.7788	148	0
1527751978.367106000	32.7815	109	1
1527751978.367608000	32.782	92	0
1527751978.371128000	32.7855	100	1
1527751978.406706000	32.8211	187	0
1527751978.410187000	32.8246	100	1
1527751978.692664000	33.1071	391	1
1527751978.692727000	33.1071	263	1
1527751978.710593000	33.125	87	0
1527751978.821463000	33.2359	282	0
1527751978.822786000	33.2372	148	0
1527751978.825213000	33.2396	106	1
1527751978.826146000	33.2406	92	0
1527751978.827478000	33.2419	102	0
1527751978.830199000	33.2446	103	1
1527751979.152557000	33.567	387	1
1527751979.152616000	33.567	260	1
1527751979.171534000	33.586	87	0
1527751979.293241000	33.7077	274	0
1527751979.294623000	33.709	148	0
1527751979.297138000	33.7116	92	0
1527751979.297214000	33.7116	106	1
1527751979.298506000	33.7129	186	0
1527751979.301171000	33.7156	103	1
1527751979.493582000	33.908	385	1
1527751979.493670000	33.9081	259	1
1527751979.512002000	33.9264	87	0
1527751979.631186000	34.0456	303	0
1527751979.632521000	34.0469	148	0
1527751979.635239000	34.0497	106	1
1527751979.638493000	34.0529	92	0
1527751979.639842000	34.0543	314	0
1527751979.642146000	34.0566	103	1
1527751979.964856000	34.3793	387	1
1527751979.964920000	34.3793	262	1
1527751979.984213000	34.3986	87	0
1527751980.079214000	34.4936	236	0
1527751980.080496000	34.4949	148	0
1527751980.083253000	34.4977	106	1
1527751980.083568000	34.498	92	0
1527751980.084981000	34.4994	213	0
1527751980.087200000	34.5016	103	1
1527751980.862611000	35.277	392	1
1527751980.862703000	35.2771	257	1
1527751980.880223000	35.2946	87	0
1527751980.997822000	35.4122	259	0
1527751980.999169000	35.4136	148	0
1527751981.000505000	35.4149	92	0
1527751981.001307000	35.4157	109	1
1527751981.001865000	35.4163	212	0
1527751981.005233000	35.4197	100	1
1527751981.648722000	36.0631	388	1
1527751981.648818000	36.0632	260	1
1527751981.667088000	36.0815	87	0
1527751981.761848000	36.1763	257	0
1527751981.763183000	36.1776	148	0
1527751981.765359000	36.1798	106	1
1527751981.766394000	36.1808	92	0
1527751981.767797000	36.1822	226	0
1527751981.770349000	36.1848	103	1
1527751982.126802000	36.5412	387	1
1527751982.126895000	36.5413	257	1
1527751982.144545000	36.559	87	0
1527751982.263946000	36.6784	285	0
1527751982.265288000	36.6797	148	0
1527751982.267384000	36.6818	106	1
1527751982.268099000	36.6825	92	0
1527751982.269389000	36.6838	135	0
1527751982.271397000	36.6858	103	1
1527751982.586891000	37.0013	390	1
1527751982.586951000	37.0014	258	1
1527751982.606288000	37.0207	87	0
1527751982.717244000	37.1317	259	0
1527751982.718560000	37.133	148	0
1527751982.721350000	37.1358	106	1
1527751982.722289000	37.1367	92	0
1527751982.723636000	37.1381	328	0
1527751982.726366000	37.1408	103	1
1527751982.856568000	37.271	391	1
1527751982.856622000	37.271	260	1
1527751982.876162000	37.2906	87	0
1527751982.970542000	37.385	258	0
1527751982.971902000	37.3863	148	0
1527751982.974436000	37.3889	106	1
1527751982.975558000	37.39	92	0
1527751982.976833000	37.3913	241	0
1527751982.979347000	37.3938	103	1
1527751983.147024000	37.5614	992	1
1527751983.147100000	37.5615	264	1
1527751983.165846000	37.5803	87	0
1527751983.171064000	37.5855	87	0
1527751983.269116000	37.6835	264	0
1527751983.270410000	37.6848	148	0
1527751983.273466000	37.6879	109	1
1527751983.273544000	37.688	92	0
1527751983.275000000	37.6894	104	0
1527751983.277371000	37.6918	103	1
1527751983.636849000	38.0513	581	1
1527751983.636937000	38.0514	263	1
1527751983.654851000	38.0693	87	0
1527751983.914225000	38.3286	260	0
1527751983.915518000	38.3299	148	0
1527751983.918409000	38.3328	106	1
1527751983.919742000	38.3342	92	0
1527751983.921090000	38.3355	307	0
1527751983.923461000	38.3379	103	1
1527751983.929379000	38.3438	784	1
1527751983.929464000	38.3439	260	1
1527751983.963487000	38.3779	784	1
1527751983.972461000	38.3869	87	0
1527751983.981406000	38.3958	87	0
1527751984.066446000	38.4809	233	0
1527751984.067691000	38.4821	148	0
1527751984.070497000	38.4849	109	1
1527751984.071571000	38.486	92	0
1527751984.072965000	38.4874	308	0
1527751984.075502000	38.4899	103	1
1527751984.159610000	38.574	389	1
1527751984.159693000	38.5741	259	1
1527751984.177689000	38.5921	87	0
1527751984.278202000	38.6926	235	0
1527751984.279468000	38.6939	148	0
1527751984.282511000	38.6969	106	1
1527751984.284563000	38.699	92	0
1527751984.285964000	38.7004	216	0
1527751984.288496000	38.7029	103	1
1527751984.371585000	38.786	388	1
1527751984.371651000	38.7861	259	1
1527751984.389438000	38.8039	87	0
1527751984.484205000	38.8986	306	0
1527751984.485480000	38.8999	148	0
1527751984.487163000	38.9016	92	0
1527751984.488475000	38.9029	334	0
1527751984.488530000	38.903	109	1
1527751984.492504000	38.9069	100	1
1527751989.356466000	43.7709	392	1
1527751989.356555000	43.771	261	1
1527751989.375167000	43.7896	87	0
1527751989.381171000	43.7956	87	0
1527751989.512260000	43.9267	257	0
1527751989.513522000	43.9279	148	0
1527751989.515810000	43.9302	109	1
1527751989.517166000	43.9316	92	0
1527751989.518505000	43.9329	173	0
1527751989.520754000	43.9352	103	1
1527751989.694758000	44.1092	387	1
1527751989.694846000	44.1093	259	1
1527751989.714431000	44.1289	87	0
1527751989.723571000	44.138	87	0
1527751989.851220000	44.2656	325	0
1527751989.852552000	44.267	148	0
1527751989.854818000	44.2692	109	1
1527751989.858011000	44.2724	92	0
1527751989.859286000	44.2737	232	0
1527751989.861723000	44.2761	103	1
1527751990.068976000	44.4834	388	1
1527751990.069074000	44.4835	258	1
1527751990.102569000	44.517	87	0
1527751990.193622000	44.608	233	0
1527751990.195064000	44.6095	148	0
1527751990.197844000	44.6123	106	1
1527751990.198572000	44.613	92	0
1527751990.199949000	44.6144	249	0
1527751990.201827000	44.6162	103	1
1527751990.473421000	44.8878	391	1
1527751990.473477000	44.8879	265	1
1527751990.493266000	44.9077	87	0
1527751990.507078000	44.9215	87	0
1527751990.616898000	45.0313	305	0
1527751990.618267000	45.0327	148	0
1527751990.620868000	45.0353	109	1
1527751990.621264000	45.0357	92	0
1527751990.622573000	45.037	207	0
1527751990.624852000	45.0393	103	1
1527751990.844117000	45.2585	387	1
1527751990.844185000	45.2586	258	1
1527751990.863998000	45.2784	87	0
1527751990.957401000	45.3718	235	0
1527751990.958741000	45.3732	148	0
1527751990.960872000	45.3753	106	1
1527751990.961949000	45.3764	92	0
1527751990.963220000	45.3776	123	0
1527751990.965878000	45.3803	103	1
1527751991.843420000	46.2578	388	1
1527751991.843516000	46.2579	260	1
1527751991.861185000	46.2756	87	0
1527751991.976363000	46.3908	257	0
1527751991.977656000	46.3921	148	0
1527751991.979807000	46.3942	92	0
1527751991.979906000	46.3943	106	1
1527751991.981146000	46.3956	212	0
1527751991.983931000	46.3984	103	1
1527751992.694497000	47.1089	391	1
1527751992.694560000	47.109	257	1
1527751992.733991000	47.1484	391	1
1527751992.763380000	47.1778	87	0
1527751992.771476000	47.1859	87	0
1527751992.782651000	47.1971	87	0
1527751992.858313000	47.2727	309	0
1527751992.859590000	47.274	148	0
1527751992.861985000	47.2764	112	1
1527751992.864489000	47.2789	92	0
1527751992.865897000	47.2803	117	0
1527751992.868020000	47.2824	103	1
1527751993.365431000	47.7799	992	1
1527751993.365505000	47.7799	258	1
1527751993.384517000	47.7989	87	0
1527751993.480998000	47.8954	235	0
1527751993.482352000	47.8968	148	0
1527751993.484883000	47.8993	92	0
1527751993.484971000	47.8994	106	1
1527751993.486255000	47.9007	311	0
1527751993.489015000	47.9034	103	1
1527751994.188360000	48.6028	586	1
1527751994.188422000	48.6028	262	1
1527751994.206015000	48.6204	87	0
1527751994.469825000	48.8842	260	0
1527751994.471147000	48.8856	148	0
1527751994.474024000	48.8884	106	1
1527751994.474895000	48.8893	92	0
1527751994.476424000	48.8908	211	0
1527751994.479094000	48.8935	103	1
1527751994.516621000	48.931	790	1
1527751994.516715000	48.9311	260	1
1527751994.535363000	48.9498	87	0
1527751994.636009000	49.0504	279	0
1527751994.637275000	49.0517	148	0
1527751994.639672000	49.0541	92	0
1527751994.640091000	49.0545	109	1
1527751994.641051000	49.0555	101	0
1527751994.645080000	49.0595	100	1
1527751995.174512000	49.5889	390	1
1527751995.174604000	49.589	259	1
1527751995.195539000	49.61	87	0
1527751995.281176000	49.6956	269	0
1527751995.282491000	49.6969	148	0
1527751995.285133000	49.6996	106	1
1527751995.285570000	49.7	92	0
1527751995.286915000	49.7013	152	0
1527751995.289119000	49.7035	103	1
1527751995.415491000	49.8299	387	1
1527751995.415553000	49.83	258	1
1527751995.433976000	49.8484	87	0
1527751995.438327000	49.8527	87	0
1527751995.565670000	49.9801	235	0
1527751995.567032000	49.9815	148	0
1527751995.569147000	49.9836	109	1
1527751995.569775000	49.9842	92	0
1527751995.572094000	49.9865	131	0
1527751995.573062000	49.9875	103	1
1527751995.705468000	50.1199	391	1
1527751995.705531000	50.12	261	1
1527751995.724314000	50.1387	87	0
1527751995.839785000	50.2542	258	0
1527751995.841119000	50.2555	148	0
1527751995.844123000	50.2585	92	0
1527751995.844178000	50.2586	106	1
1527751995.845539000	50.26	107	0
1527751995.848158000	50.2626	103	1
1527751996.232582000	50.647	387	1
1527751996.232668000	50.6471	261	1
1527751996.250870000	50.6653	87	0
1527751996.356479000	50.7709	303	0
1527751996.357806000	50.7722	148	0
1527751996.360192000	50.7746	106	1
1527751996.361280000	50.7757	92	0
1527751996.362618000	50.777	276	0
1527751996.365118000	50.7795	103	1
1527751996.441430000	50.8559	387	1
1527751996.441527000	50.8559	258	1
1527751996.459863000	50.8743	87	0
1527751996.568924000	50.9833	235	0
1527751996.570247000	50.9847	148	0
1527751996.573177000	50.9876	92	0
1527751996.573268000	50.9877	106	1
1527751996.574604000	50.989	284	0
1527751996.577194000	50.9916	103	1
1527751996.690374000	51.1048	388	1
1527751996.690433000	51.1049	258	1
1527751996.710021000	51.1244	87	0
1527751996.809015000	51.2234	321	0
1527751996.810336000	51.2248	148	0
1527751996.812988000	51.2274	92	0
1527751996.813182000	51.2276	109	1
1527751996.814401000	51.2288	265	0
1527751996.818155000	51.2326	100	1
1527751996.982494000	51.3969	387	1
1527751996.982561000	51.397	258	1
1527751997.000493000	51.4149	87	0
1527751997.095726000	51.5101	232	0
1527751997.097065000	51.5115	148	0
1527751997.099226000	51.5136	106	1
1527751997.100212000	51.5146	92	0
1527751997.101575000	51.516	176	0
1527751997.104218000	51.5186	103	1
1527751997.600907000	52.0153	386	1
1527751997.600972000	52.0154	261	1
1527751997.620103000	52.0345	87	0
1527751997.733224000	52.1476	305	0
1527751997.734577000	52.149	148	0
1527751997.737113000	52.1515	92	0
1527751997.737215000	52.1516	106	1
1527751997.738474000	52.1529	130	0
1527751997.741265000	52.1557	103	1
1527751997.820732000	52.2352	387	1
1527751997.820793000	52.2352	260	1
1527751997.839625000	52.254	87	0
1527751997.926256000	52.3407	233	0
1527751997.927583000	52.342	148	0
1527751997.930145000	52.3446	92	0
1527751997.930250000	52.3447	106	1
1527751997.931510000	52.3459	240	0
1527751997.934270000	52.3487	103	1
1527751998.042382000	52.4568	992	1
1527751998.042442000	52.4569	257	1
1527751998.060232000	52.4747	87	0
1527751998.147956000	52.5624	232	0
1527751998.149256000	52.5637	148	0
1527751998.150575000	52.565	92	0
1527751998.151872000	52.5663	174	0
1527751998.152445000	52.5669	112	1
1527751998.361450000	52.7759	583	1
1527751998.361519000	52.7759	258	1
1527751998.391573000	52.806	87	0
1527751998.505481000	52.9199	233	0
1527751998.506805000	52.9212	148	0
1527751998.509042000	52.9235	92	0
1527751998.509307000	52.9237	109	1
1527751998.510412000	52.9248	287	0
1527751998.514309000	52.9287	100	1
1527751998.650681000	53.0651	398	1
1527751998.650749000	53.0652	257	1
1527751998.668265000	53.0827	87	0
1527751998.764674000	53.1791	307	0
1527751998.765993000	53.1804	148	0
1527751998.768258000	53.1827	106	1
1527751998.768680000	53.1831	92	0
1527751998.770025000	53.1844	161	0
1527751998.772267000	53.1867	103	1
1527751998.972670000	53.3871	773	1
1527751998.972733000	53.3872	257	1
1527751998.990771000	53.4052	87	0
1527751999.104827000	53.5192	235	0
1527751999.106164000	53.5206	148	0
1527751999.108205000	53.5226	92	0
1527751999.108422000	53.5228	109	1
1527751999.109542000	53.524	99	0
1527751999.113272000	53.5277	100	1
1527751999.320498000	53.7349	387	1
1527751999.320594000	53.735	258	1
1527751999.339574000	53.754	87	0
1527751999.450509000	53.8649	233	0
1527751999.451829000	53.8663	148	0
1527751999.454306000	53.8687	106	1
1527751999.454871000	53.8693	92	0
1527751999.456220000	53.8706	316	0
1527751999.458305000	53.8727	103	1
1527751999.802549000	54.217	389	1
1527751999.802644000	54.2171	260	1
1527751999.820359000	54.2348	87	0
1527751999.938090000	54.3525	282	0
1527751999.939415000	54.3538	148	0
1527751999.942415000	54.3568	106	1
1527751999.942833000	54.3573	92	0
1527751999.944251000	54.3587	96	0
1527751999.946410000	54.3608	103	1
1527752000.135894000	54.5503	391	1
1527752000.135956000	54.5504	259	1
1527752000.153574000	54.568	87	0
1527752000.237461000	54.6519	269	0
1527752000.238881000	54.6533	148	0
1527752000.241421000	54.6558	106	1
1527752000.241988000	54.6564	92	0
1527752000.243373000	54.6578	123	0
1527752000.245406000	54.6598	103	1
1527752000.578701000	54.9931	391	1
1527752000.578794000	54.9932	261	1
1527752000.597305000	55.0117	87	0
1527752000.692570000	55.107	259	0
1527752000.693961000	55.1084	148	0
1527752000.695377000	55.1098	92	0
1527752000.696392000	55.1108	109	1
1527752000.696754000	55.1112	317	0
1527752000.700432000	55.1149	100	1
1527752000.835730000	55.2502	388	1
1527752000.835825000	55.2502	258	1
1527752000.853409000	55.2678	87	0
1527752000.968431000	55.3829	233	0
1527752000.969818000	55.3842	148	0
1527752000.972420000	55.3868	106	1
1527752000.972729000	55.3872	92	0
1527752000.974134000	55.3886	244	0
1527752000.976454000	55.3909	103	1
1527752001.064588000	55.479	387	1
1527752001.064652000	55.4791	257	1
1527752001.083623000	55.498	87	0
1527752001.190956000	55.6054	303	0
1527752001.192333000	55.6068	148	0
1527752001.194475000	55.6089	106	1
1527752001.195213000	55.6096	92	0
1527752001.196488000	55.6109	316	0
1527752001.198474000	55.6129	103	1
1527752001.375920000	55.7903	386	1
1527752001.376004000	55.7904	260	1
1527752001.394619000	55.809	87	0
1527752001.472095000	55.8865	236	0
1527752001.473434000	55.8879	148	0
1527752001.475436000	55.8899	106	1
1527752001.475864000	55.8903	92	0
1527752001.477273000	55.8917	126	0
1527752001.479499000	55.8939	103	1
1527752001.784803000	56.1992	392	1
1527752001.784861000	56.1993	262	1
1527752001.804754000	56.2192	87	0
1527752001.911994000	56.3264	325	0
1527752001.913264000	56.3277	148	0
1527752001.915521000	56.3299	106	1
1527752001.916466000	56.3309	92	0
1527752001.917765000	56.3322	255	0
1527752001.920516000	56.3349	103	1
1527752002.111668000	56.5261	989	1
1527752002.111751000	56.5262	260	1
1527752002.130164000	56.5446	87	0
1527752002.230757000	56.6452	235	0
1527752002.232090000	56.6465	148	0
1527752002.234536000	56.649	106	1
1527752002.234742000	56.6492	92	0
1527752002.236088000	56.6505	278	0
1527752002.238519000	56.6529	103	1
1527752002.545397000	56.9598	586	1
1527752002.545486000	56.9599	263	1
1527752002.564151000	56.9786	87	0
1527752002.680835000	57.0953	303	0
1527752002.683332000	57.0978	158	0
1527752002.684489000	57.0989	106	1
1527752002.684716000	57.0991	337	0
1527752002.688456000	57.1029	100	1
1527752003.314029000	57.7285	399	1
1527752003.314096000	57.7285	261	1
1527752003.332466000	57.7469	87	0
1527752003.458458000	57.8729	233	0
1527752003.459721000	57.8741	148	0
1527752003.462632000	57.8771	106	1
1527752003.466149000	57.8806	92	0
1527752003.467496000	57.8819	158	0
1527752003.469551000	57.884	103	1
1527752003.650257000	58.0647	773	1
1527752003.650321000	58.0647	262	1
1527752003.678332000	58.0928	87	0
1527752003.792704000	58.2071	257	0
1527752003.794133000	58.2086	148	0
1527752003.796647000	58.2111	106	1
1527752003.797381000	58.2118	92	0
1527752003.798684000	58.2131	234	0
1527752003.801628000	58.216	103	1
1527752004.130977000	58.5454	391	1
1527752004.131059000	58.5455	264	1
1527752004.150017000	58.5644	87	0
1527752004.238748000	58.6532	233	0
1527752004.240098000	58.6545	148	0
1527752004.242437000	58.6569	92	0
1527752004.242587000	58.657	109	1
1527752004.243800000	58.6582	324	0
1527752004.247639000	58.6621	100	1
1527752004.556993000	58.9714	387	1
1527752004.557077000	58.9715	262	1
1527752004.575255000	58.9897	87	0
1527752004.693348000	59.1078	307	0
1527752004.694730000	59.1092	148	0
1527752004.697043000	59.1115	92	0
1527752004.697626000	59.112	109	1
1527752004.698477000	59.1129	328	0
1527752004.702611000	59.117	100	1
1527752004.973822000	59.3882	387	1
1527752004.973883000	59.3883	263	1
1527752004.993529000	59.408	87	0
1527752004.999014000	59.4134	87	0
1527752005.078637000	59.4931	236	0
1527752005.079958000	59.4944	148	0
1527752005.082648000	59.4971	109	1
1527752005.083832000	59.4983	92	0
1527752005.085241000	59.4997	316	0
1527752005.087630000	59.5021	103	1
1527752005.372851000	59.7873	391	1
1527752005.372946000	59.7874	259	1
1527752005.391275000	59.8057	87	0
1527752005.483258000	59.8977	233	0
1527752005.484585000	59.899	148	0
1527752005.486670000	59.9011	106	1
1527752005.488034000	59.9025	92	0
1527752005.489374000	59.9038	209	0
1527752005.491655000	59.9061	103	1
1527752005.613195000	60.0276	387	1
1527752005.613274000	60.0277	263	1
1527752005.631770000	60.0462	87	0
1527752005.737222000	60.1516	282	0
1527752005.738540000	60.153	148	0
1527752005.740703000	60.1551	106	1
1527752005.742118000	60.1565	92	0
1527752005.743465000	60.1579	249	0
1527752005.745704000	60.1601	103	1
1527752005.824391000	60.2388	391	1
1527752005.824454000	60.2389	261	1
1527752005.842968000	60.2574	87	0
1527752005.847086000	60.2615	87	0
1527752005.941669000	60.3561	269	0
1527752005.942995000	60.3574	148	0
1527752005.945686000	60.3601	109	1
1527752005.947321000	60.3617	92	0
1527752005.948674000	60.3631	148	0
1527752005.950702000	60.3651	103	1
1527752006.143947000	60.5584	386	1
1527752006.144010000	60.5584	263	1
1527752006.163116000	60.5775	87	0
1527752006.254807000	60.6692	233	0
1527752006.256141000	60.6706	148	0
1527752006.258728000	60.6731	106	1
1527752006.259572000	60.674	92	0
1527752006.261013000	60.6754	246	0
1527752006.263726000	60.6781	103	1
1527752009.240345000	63.6548	390	1
1527752009.240440000	63.6549	260	1
1527752009.260132000	63.6746	87	0
1527752009.367090000	63.7815	257	0
1527752009.368423000	63.7828	148	0
1527752009.370936000	63.7854	106	1
1527752009.371792000	63.7862	92	0
1527752009.373138000	63.7876	306	0
1527752009.375930000	63.7904	103	1
1527752009.483576000	63.898	992	1
1527752009.483654000	63.8981	277	1
1527752009.501763000	63.9162	87	0
1527752009.596594000	64.011	327	0
1527752009.597870000	64.0123	148	0
1527752009.600967000	64.0154	106	1
1527752009.601342000	64.0158	92	0
1527752009.602652000	64.0171	283	0
1527752009.604939000	64.0194	103	1
1527752009.721806000	64.1362	585	1
1527752009.721943000	64.1364	265	1
1527752009.740186000	64.1546	87	0
1527752009.860777000	64.2752	256	0
1527752009.862032000	64.2765	148	0
1527752009.864968000	64.2794	106	1
1527752009.866189000	64.2806	92	0
1527752009.867531000	64.282	135	0
1527752009.869953000	64.2844	103	1
1527752009.958025000	64.3724	789	1
1527752009.958148000	64.3726	262	1
1527752009.975827000	64.3902	87	0
1527752010.078519000	64.4929	277	0
1527752010.079794000	64.4942	148	0
1527752010.081914000	64.4963	106	1
1527752010.083078000	64.4975	92	0
1527752010.084481000	64.4989	203	0
1527752010.086915000	64.5013	103	1
1527752010.231205000	64.6456	387	1
1527752010.231264000	64.6457	260	1
1527752010.249664000	64.6641	87	0
1527752010.345307000	64.7597	235	0
1527752010.346660000	64.7611	148	0
1527752010.348996000	64.7634	106	1
1527752010.350098000	64.7645	92	0
1527752010.351441000	64.7659	305	0
1527752010.353982000	64.7684	103	1
1527752010.463879000	64.8783	387	1
1527752010.463974000	64.8784	261	1
1527752010.483703000	64.8981	87	0
1527752010.575480000	64.9899	279	0
1527752010.576786000	64.9912	148	0
1527752010.579028000	64.9934	106	1
1527752010.579556000	64.994	92	0
1527752010.580958000	64.9954	281	0
1527752010.583002000	64.9974	103	1
1527752010.683719000	65.0981	386	1
1527752010.683806000	65.0982	260	1
1527752010.702115000	65.1165	87	0
1527752010.827926000	65.2423	259	0
1527752010.829195000	65.2436	148	0
1527752010.831576000	65.246	92	0
1527752010.832018000	65.2464	109	1
1527752010.832961000	65.2474	88	0
1527752010.836983000	65.2514	100	1
1527752011.154954000	65.5694	391	1
1527752011.155047000	65.5695	263	1
1527752011.187060000	65.6015	391	1
1527752011.205004000	65.6194	87	0
1527752011.214493000	65.6289	87	0
1527752011.300577000	65.715	235	0
1527752011.301898000	65.7163	148	0
1527752011.303987000	65.7184	109	1
1527752011.304426000	65.7188	92	0
1527752011.305772000	65.7202	332	0
1527752011.307974000	65.7224	103	1
1527752011.865960000	66.2804	387	1
1527752011.866042000	66.2805	260	1
1527752011.883822000	66.2982	87	0
1527752011.979093000	66.3935	257	0
1527752011.980414000	66.3948	148	0
1527752011.983010000	66.3974	106	1
1527752011.984815000	66.3992	92	0
1527752011.986160000	66.4006	268	0
1527752011.987995000	66.4024	103	1
1527752012.085283000	66.4997	391	1
1527752012.085375000	66.4998	264	1
1527752012.105116000	66.5195	87	0
1527752012.222381000	66.6368	285	0
1527752012.223681000	66.6381	148	0
1527752012.226102000	66.6405	106	1
1527752012.226610000	66.641	92	0
1527752012.228007000	66.6424	332	0
1527752012.230095000	66.6445	103	1
1527752012.518041000	66.9325	369	1
1527752012.518136000	66.9326	1412	1
1527752012.518175000	66.9326	1412	1
1527752012.518209000	66.9326	1412	1
1527752012.518243000	66.9327	840	1
1527752012.535424000	66.9498	100	0
1527752012.539103000	66.9535	100	1
1527752012.618898000	67.0333	414	0
1527752012.623115000	67.0375	100	1
1527752012.624575000	67.039	80	0
1527752012.628114000	67.0425	100	1
1527752013.001864000	67.4163	389	1
1527752013.001961000	67.4164	260	1
1527752013.021079000	67.4355	87	0
1527752013.027802000	67.4422	87	0
1527752013.115528000	67.5299	258	0
1527752013.116799000	67.5312	148	0
1527752013.119155000	67.5336	109	1
1527752013.119401000	67.5338	92	0
1527752013.120698000	67.5351	107	0
1527752013.123090000	67.5375	103	1
1527752013.290471000	67.7049	388	1
1527752013.290636000	67.7051	262	1
1527752013.309327000	67.7237	87	0
1527752013.421525000	67.8359	269	0
1527752013.422860000	67.8373	148	0
1527752013.425159000	67.8396	106	1
1527752013.429598000	67.844	92	0
1527752013.430997000	67.8454	106	0
1527752013.433158000	67.8476	103	1
1527752013.851482000	68.2659	991	1
1527752013.851544000	68.266	269	1
1527752013.869856000	68.2843	87	0
1527752013.955829000	68.3702	260	0
1527752013.957159000	68.3716	148	0
1527752013.959190000	68.3736	106	1
1527752013.959845000	68.3743	92	0
1527752013.961156000	68.3756	257	0
1527752013.963120000	68.3775	103	1
1527752014.349622000	68.764	586	1
1527752014.349683000	68.7641	259	1
1527752014.367302000	68.7817	87	0
1527752014.484052000	68.8985	235	0
1527752014.485379000	68.8998	148	0
1527752014.488248000	68.9027	106	1
1527752014.490190000	68.9046	92	0
1527752014.491563000	68.906	319	0
1527752014.494150000	68.9086	103	1
1527752014.561249000	68.9757	785	1
1527752014.561315000	68.9757	259	1
1527752014.579369000	68.9938	87	0
1527752014.681332000	69.0958	329	0
1527752014.682612000	69.097	148	0
1527752014.685239000	69.0997	106	1
1527752014.685873000	69.1003	92	0
1527752014.687201000	69.1016	122	0
1527752014.689228000	69.1036	103	1
1527752014.956762000	69.3712	387	1
1527752014.956838000	69.3713	269	1
1527752014.976496000	69.3909	87	0
1527752015.080495000	69.4949	258	0
1527752015.081828000	69.4962	148	0
1527752015.084267000	69.4987	106	1
1527752015.085376000	69.4998	92	0
1527752015.086686000	69.5011	278	0
1527752015.089251000	69.5037	103	1
1527752015.299609000	69.714	387	1
1527752015.299669000	69.7141	264	1
1527752015.318939000	69.7334	87	0
1527752015.425248000	69.8397	275	0
1527752015.426577000	69.841	148	0
1527752015.429061000	69.8435	92	0
1527752015.429304000	69.8437	109	1
1527752015.430426000	69.8448	311	0
1527752015.434273000	69.8487	100	1
1527752015.517770000	69.9322	369	1
1527752015.517868000	69.9323	1412	1
1527752015.517892000	69.9323	1412	1
1527752015.517922000	69.9323	1412	1
1527752015.517961000	69.9324	1412	1
1527752015.517990000	69.9324	1412	1
1527752015.518013000	69.9324	1412	1
1527752015.518076000	69.9325	1412	1
1527752015.518098000	69.9325	1412	1
1527752015.518139000	69.9326	1412	1
1527752015.518173000	69.9326	1412	1
1527752015.518210000	69.9326	1412	1
1527752015.518244000	69.9327	1412	1
1527752015.518293000	69.9327	1412	1
1527752015.518316000	69.9327	1180	1
1527752015.535892000	69.9503	87	0
1527752015.540070000	69.9545	87	0
1527752015.674167000	70.0886	400	0
1527752015.678325000	70.0927	106	1
1527752015.682404000	70.0968	80	0
1527752015.686231000	70.1007	100	1
1527752015.723727000	70.1381	388	1
1527752015.723815000	70.1382	264	1
1527752015.742221000	70.1566	87	0
1527752015.851651000	70.2661	279	0
1527752015.853028000	70.2674	148	0
1527752015.855311000	70.2697	106	1
1527752015.856633000	70.2711	92	0
1527752015.858026000	70.2724	100	0
1527752015.860299000	70.2747	103	1
1527752016.013673000	70.4281	387	1
1527752016.013765000	70.4282	260	1
1527752016.030803000	70.4452	87	0
1527752016.129383000	70.5438	232	0
1527752016.130807000	70.5452	148	0
1527752016.132112000	70.5465	92	0
1527752016.133326000	70.5477	109	1
1527752016.133379000	70.5478	293	0
1527752016.137249000	70.5517	100	1
1527752016.270535000	70.685	385	1
1527752016.270627000	70.685	260	1
1527752016.288407000	70.7028	87	0
1527752016.396196000	70.8106	232	0
1527752016.397519000	70.8119	148	0
1527752016.400286000	70.8147	106	1
1527752016.402210000	70.8166	92	0
1527752016.403607000	70.818	91	0
1527752016.406363000	70.8208	103	1
1527752016.740920000	71.1553	390	1
1527752016.740984000	71.1554	265	1
1527752016.759295000	71.1737	87	0
1527752016.852873000	71.2673	310	0
1527752016.854292000	71.2687	148	0
1527752016.856306000	71.2707	106	1
1527752016.856986000	71.2714	92	0
1527752016.858335000	71.2728	304	0
1527752016.860287000	71.2747	103	1
1527752017.064740000	71.4792	392	1
1527752017.064831000	71.4793	262	1
1527752017.087247000	71.5017	87	0
1527752017.091488000	71.5059	87	0
1527752017.197016000	71.6114	236	0
1527752017.198345000	71.6128	148	0
1527752017.200664000	71.6151	92	0
1527752017.201386000	71.6158	112	1
1527752017.202084000	71.6165	187	0
1527752017.205372000	71.6198	100	1
1527752020.102300000	74.5167	391	1
1527752020.102386000	74.5168	260	1
1527752020.120313000	74.5347	87	0
1527752020.254875000	74.6693	257	0
1527752020.256213000	74.6706	148	0
1527752020.258715000	74.6731	106	1
1527752020.259623000	74.674	92	0
1527752020.261027000	74.6754	213	0
1527752020.263712000	74.6781	103	1
1527752021.012207000	75.4266	991	1
1527752021.012272000	75.4267	263	1
1527752021.031849000	75.4463	87	0
1527752021.134990000	75.5494	280	0
1527752021.136310000	75.5507	148	0
1527752021.138805000	75.5532	106	1
1527752021.139915000	75.5543	92	0
1527752021.141261000	75.5557	196	0
1527752021.143794000	75.5582	103	1
1527752021.232209000	75.6466	582	1
1527752021.232303000	75.6467	260	1
1527752021.250578000	75.665	87	0
1527752021.339742000	75.7542	271	0
1527752021.341068000	75.7555	148	0
1527752021.343741000	75.7582	106	1
1527752021.502944000	75.9174	92	0
1527752021.504329000	75.9188	278	0
1527752021.506832000	75.9213	103	1
1527752021.552254000	75.9667	785	1
1527752021.552318000	75.9667	263	1
1527752021.571083000	75.9855	87	0
1527752021.676920000	76.0913	259	0
1527752021.678310000	76.0927	148	0
1527752021.680842000	76.0953	106	1
1527752021.681362000	76.0958	92	0
1527752021.682631000	76.0971	145	0
1527752021.684752000	76.0992	103	1
1527752021.894016000	76.3084	387	1
1527752021.894076000	76.3085	262	1
1527752021.913280000	76.3277	87	0
1527752021.994938000	76.4094	305	0
1527752021.998781000	76.4132	103	1
1527752021.998873000	76.4133	148	0
1527752022.000373000	76.4148	92	0
1527752022.001713000	76.4161	269	0
1527752022.002765000	76.4172	106	1
1527752022.031089000	76.4455	148	0
1527752022.034869000	76.4493	100	1
1527752022.219499000	76.6339	388	1
1527752022.219574000	76.634	262	1
1527752022.239666000	76.6541	87	0
1527752022.355817000	76.7702	235	0
1527752022.357158000	76.7716	148	0
1527752022.359872000	76.7743	106	1
1527752022.360836000	76.7753	92	0
1527752022.362210000	76.7766	308	0
1527752022.364869000	76.7793	103	1
1527752023.010425000	77.4248	391	1
1527752023.010487000	77.4249	261	1
1527752023.032953000	77.4474	87	0
1527752023.141381000	77.5558	325	0
1527752023.142667000	77.5571	148	0
1527752023.144928000	77.5593	106	1
1527752023.145767000	77.5602	92	0
1527752023.147111000	77.5615	239	0
1527752023.149911000	77.5643	103	1
1527752023.232549000	77.647	388	1
1527752023.232614000	77.647	263	1
1527752023.250273000	77.6647	87	0
1527752023.343244000	77.7577	233	0
1527752023.344632000	77.7591	148	0
1527752023.346873000	77.7613	92	0
1527752023.346967000	77.7614	106	1
1527752023.348205000	77.7626	91	0
1527752023.350936000	77.7654	103	1
1527752023.480111000	77.8945	390	1
1527752023.480172000	77.8946	259	1
1527752023.497657000	77.9121	87	0
1527752023.625079000	78.0395	257	0
1527752023.626417000	78.0408	148	0
1527752023.628945000	78.0434	106	1
1527752023.629490000	78.0439	92	0
1527752023.630836000	78.0453	105	0
1527752023.632872000	78.0473	103	1
1527752023.892226000	78.3066	387	1
1527752023.892289000	78.3067	259	1
1527752023.910409000	78.3248	87	0
1527752024.014671000	78.4291	235	0
1527752024.016045000	78.4305	148	0
1527752024.018967000	78.4334	106	1
1527752024.019985000	78.4344	92	0
1527752024.021366000	78.4358	240	0
1527752024.023960000	78.4384	103	1
1527752024.586510000	79.0009	387	1
1527752024.586625000	79.001	263	1
1527752024.606276000	79.0207	87	0
1527752024.611533000	79.026	87	0
1527752024.727141000	79.1416	305	0
1527752024.728411000	79.1428	148	0
1527752024.731012000	79.1454	109	1
1527752024.731864000	79.1463	92	0
1527752024.733208000	79.1476	219	0
1527752024.735999000	79.1504	103	1
1527752025.021285000	79.4357	387	1
1527752025.021346000	79.4358	259	1
1527752025.040423000	79.4548	87	0
1527752025.139358000	79.5538	233	0
1527752025.140615000	79.555	148	0
1527752025.143038000	79.5575	106	1
1527752025.143937000	79.5584	92	0
1527752025.145271000	79.5597	297	0
1527752025.148035000	79.5625	103	1
1527752025.291208000	79.7056	387	1
1527752025.291272000	79.7057	259	1
1527752025.309380000	79.7238	87	0
1527752025.414354000	79.8288	236	0
1527752025.415638000	79.8301	148	0
1527752025.418038000	79.8325	106	1
1527752025.419302000	79.8337	92	0
1527752025.420596000	79.835	282	0
1527752025.423054000	79.8375	103	1
1527752025.762462000	80.1769	389	1
1527752025.762529000	80.1769	263	1
1527752025.781033000	80.1955	87	0
1527752025.881906000	80.2963	306	0
1527752025.883217000	80.2976	148	0
1527752025.884738000	80.2992	92	0
1527752025.885997000	80.3004	109	1
1527752025.886078000	80.3005	118	0
1527752025.890074000	80.3045	100	1
1527752026.020240000	80.4347	990	1
1527752026.020333000	80.4348	264	1
1527752026.037549000	80.452	87	0
1527752026.154285000	80.5687	236	0
1527752026.155582000	80.57	148	0
1527752026.158096000	80.5725	106	1
1527752026.158782000	80.5732	92	0
1527752026.160064000	80.5745	162	0
1527752026.162044000	80.5765	103	1
1527752026.274152000	80.6886	583	1
1527752026.274248000	80.6887	259	1
1527752026.292371000	80.7068	87	0
1527752026.395696000	80.8101	235	0
1527752026.397014000	80.8114	148	0
1527752026.399040000	80.8135	106	1
1527752026.400142000	80.8146	92	0
1527752026.401487000	80.8159	280	0
1527752026.404030000	80.8185	103	1
1527752026.601439000	81.0159	785	1
1527752026.601499000	81.0159	259	1
1527752026.621414000	81.0358	87	0
1527752026.741519000	81.1559	280	0
1527752026.742839000	81.1573	148	0
1527752026.745090000	81.1595	106	1
1527752026.745949000	81.1604	92	0
1527752026.747296000	81.1617	241	0
1527752026.750042000	81.1645	103	1
1527752027.042598000	81.457	390	1
1527752027.042664000	81.4571	268	1
1527752027.060108000	81.4745	87	0
1527752027.189261000	81.6037	273	0
1527752027.190583000	81.605	148	0
1527752027.193157000	81.6076	106	1
1527752027.193193000	81.6076	92	0
1527752027.194631000	81.6091	187	0
1527752027.197153000	81.6116	103	1
1527752027.325991000	81.7404	393	1
1527752027.326056000	81.7405	262	1
1527752027.343983000	81.7584	87	0
1527752027.348024000	81.7624	87	0
1527752027.429401000	81.8438	233	0
1527752027.430734000	81.8452	148	0
1527752027.433168000	81.8476	109	1
1527752027.436359000	81.8508	92	0
1527752027.437666000	81.8521	160	0
1527752027.440104000	81.8545	103	1
1527752027.536543000	81.951	389	1
1527752027.536602000	81.951	260	1
1527752027.555351000	81.9698	87	0
1527752027.662711000	82.0771	330	0
1527752027.664083000	82.0785	148	0
1527752027.666108000	82.0805	106	1
1527752027.666723000	82.0811	92	0
1527752027.669793000	82.0842	131	0
1527752027.670521000	82.0849	103	1
1527752027.966416000	82.3808	392	1
1527752027.966507000	82.3809	265	1
1527752027.984529000	82.399	87	0
1527752027.992805000	82.4072	87	0
1527752028.095924000	82.5103	233	0
1527752028.097379000	82.5118	148	0
1527752028.100222000	82.5146	109	1
1527752028.102120000	82.5165	92	0
1527752028.105076000	82.5195	242	0
1527752028.106105000	82.5205	103	1
1527752028.569397000	82.9838	387	1
1527752028.569455000	82.9839	260	1
1527752028.588841000	83.0033	87	0
1527752028.689716000	83.1041	324	0
1527752028.691027000	83.1054	148	0
1527752028.693177000	83.1076	106	1
1527752028.693370000	83.1078	92	0
1527752028.694780000	83.1092	334	0
1527752028.697287000	83.1117	103	1
1527752028.836297000	83.2507	387	1
1527752028.836359000	83.2508	260	1
1527752028.853795000	83.2682	87	0
1527752028.945114000	83.3595	233	0
1527752028.946430000	83.3609	148	0
1527752028.949204000	83.3636	106	1
1527752028.950101000	83.3645	92	0
1527752028.951449000	83.3659	266	0
1527752028.954194000	83.3686	103	1
1527752029.056465000	83.4709	390	1
1527752029.056555000	83.471	263	1
1527752029.074974000	83.4894	87	0
1527752029.172942000	83.5874	233	0
1527752029.174333000	83.5888	148	0
1527752029.177265000	83.5917	106	1
1527752029.178668000	83.5931	92	0
1527752029.180075000	83.5945	208	0
1527752029.182256000	83.5967	103	1
1527752029.516639000	83.9311	387	1
1527752029.516731000	83.9312	262	1
1527752029.536474000	83.9509	87	0
1527752029.641120000	84.0555	259	0
1527752029.642441000	84.0569	148	0
1527752029.644930000	84.0594	92	0
1527752029.645315000	84.0597	109	1
1527752029.646253000	84.0607	211	0
1527752029.650286000	84.0647	100	1
1527752029.928836000	84.3433	387	1
1527752029.928925000	84.3433	263	1
1527752029.947177000	84.3616	87	0
1527752029.959034000	84.3735	87	0
1527752030.059876000	84.4743	278	0
1527752030.061199000	84.4756	148	0
1527752030.062999000	84.4774	92	0
1527752030.063241000	84.4777	112	1
1527752030.064419000	84.4788	333	0
1527752030.068326000	84.4827	100	1
1527752030.196638000	84.6111	990	1
1527752030.196715000	84.6111	261	1
1527752030.226783000	84.6412	87	0
1527752030.315035000	84.7295	233	0
1527752030.316313000	84.7307	148	0
1527752030.319330000	84.7338	106	1
1527752030.319661000	84.7341	92	0
1527752030.321037000	84.7355	285	0
1527752030.323318000	84.7377	103	1
1527752030.696685000	85.1111	585	1
1527752030.696746000	85.1112	259	1
1527752030.714292000	85.1287	87	0
1527752030.801583000	85.216	256	0
1527752030.802960000	85.2174	148	0
1527752030.805319000	85.2197	92	0
1527752030.805387000	85.2198	106	1
1527752030.806672000	85.2211	127	0
1527752030.809346000	85.2238	103	1
1527752031.256898000	85.6713	783	1
1527752031.256997000	85.6714	265	1
1527752031.276582000	85.691	87	0
1527752031.387355000	85.8018	285	0
1527752031.388746000	85.8032	148	0
1527752031.391038000	85.8055	92	0
1527752031.391332000	85.8058	109	1
1527752031.392346000	85.8068	335	0
1527752031.396391000	85.8108	100	1
1527752032.208756000	86.6232	387	1
1527752032.208818000	86.6232	259	1
1527752032.227335000	86.6418	87	0
1527752032.363597000	86.778	259	0
1527752032.365037000	86.7795	148	0
1527752032.367452000	86.7819	106	1
1527752032.367805000	86.7822	92	0
1527752032.369149000	86.7836	308	0
1527752032.371441000	86.7859	103	1
1527752033.139029000	87.5535	387	1
1527752033.139090000	87.5535	263	1
1527752033.157421000	87.5718	87	0
1527752033.251482000	87.6659	259	0
1527752033.252873000	87.6673	148	0
1527752033.255470000	87.6699	92	0
1527752033.255563000	87.67	106	1
1527752033.256900000	87.6713	199	0
1527752033.259492000	87.6739	103	1
1527752033.709072000	88.1235	390	1
1527752033.709170000	88.1236	260	1
1527752033.729432000	88.1439	87	0
1527752033.817428000	88.2318	282	0
1527752033.818753000	88.2332	148	0
1527752033.821293000	88.2357	92	0
1527752033.821568000	88.236	109	1
1527752033.822608000	88.237	210	0
1527752033.826527000	88.2409	100	1
1527752033.937940000	88.3524	387	1
1527752033.938002000	88.3524	260	1
1527752033.955233000	88.3697	87	0
1527752034.046561000	88.461	272	0
1527752034.047947000	88.4624	148	0
1527752034.050555000	88.465	106	1
1527752034.051032000	88.4655	92	0
1527752034.052372000	88.4668	176	0
1527752034.054539000	88.469	103	1
1527752034.327975000	88.7424	388	1
1527752034.328037000	88.7425	263	1
1527752034.345775000	88.7602	87	0
1527752034.455151000	88.8696	303	0
1527752034.456469000	88.8709	148	0
1527752034.458510000	88.8729	106	1
1527752034.459528000	88.8739	92	0
1527752034.460880000	88.8753	217	0
1527752034.463506000	88.8779	103	1
1527752034.539727000	88.9541	387	1
1527752034.539795000	88.9542	261	1
1527752034.557145000	88.9716	87	0
1527752034.670424000	89.0848	260	0
1527752034.671760000	89.0862	148	0
1527752034.674577000	89.089	106	1
1527752034.676120000	89.0905	92	0
1527752034.677532000	89.092	96	0
1527752034.679597000	89.094	103	1
1527752035.050149000	89.4646	389	1
1527752035.050245000	89.4647	263	1
1527752035.068658000	89.4831	87	0
1527752035.166145000	89.5806	256	0
1527752035.167476000	89.5819	148	0
1527752035.169606000	89.584	106	1
1527752035.171565000	89.586	92	0
1527752035.172916000	89.5873	172	0
1527752035.175560000	89.59	103	1
1527752035.401109000	89.8155	387	1
1527752035.401193000	89.8156	260	1
1527752035.419525000	89.8339	87	0
1527752035.528648000	89.9431	274	0
1527752035.530034000	89.9445	148	0
1527752035.532378000	89.9468	92	0
1527752035.532600000	89.947	109	1
1527752035.533751000	89.9482	337	0
1527752035.537616000	89.952	100	1
1527752035.659816000	90.0742	389	1
1527752035.659900000	90.0743	262	1
1527752035.679791000	90.0942	87	0
1527752035.770495000	90.1849	259	0
1527752035.771831000	90.1863	148	0
1527752035.774633000	90.1891	106	1
1527752035.774751000	90.1892	92	0
1527752035.776147000	90.1906	87	0
1527752035.778621000	90.193	103	1
1527752035.888730000	90.3032	388	1
1527752035.888831000	90.3033	260	1
1527752035.906546000	90.321	87	0
1527752035.991879000	90.4063	233	0
1527752035.993211000	90.4076	148	0
1527752035.995588000	90.41	106	1
1527752035.999062000	90.4135	92	0
1527752036.000419000	90.4148	245	0
1527752036.002581000	90.417	103	1
1527752036.271053000	90.6855	992	1
1527752036.271109000	90.6855	263	1
1527752036.291583000	90.706	87	0
1527752036.374524000	90.7889	233	0
1527752036.375793000	90.7902	148	0
1527752036.378632000	90.7931	106	1
1527752036.378856000	90.7933	92	0
1527752036.380266000	90.7947	103	0
1527752036.382617000	90.797	103	1
1527752036.559774000	90.9742	585	1
1527752036.559842000	90.9743	259	1
1527752036.579581000	90.994	87	0
1527752036.710425000	91.1248	304	0
1527752036.711682000	91.1261	148	0
1527752036.714449000	91.1289	92	0
1527752036.714705000	91.1291	109	1
1527752036.715806000	91.1302	87	0
1527752036.719619000	91.134	100	1
1527752037.291344000	91.7058	786	1
1527752037.291406000	91.7058	260	1
1527752037.305988000	91.7204	100	0
1527752037.309612000	91.724	87	0
1527752037.309658000	91.7241	100	1
1527752037.399542000	91.814	235	0
1527752037.400880000	91.8153	148	0
1527752037.402204000	91.8166	92	0
1527752037.403547000	91.818	285	0
1527752037.403803000	91.8182	112	1
1527752037.731078000	92.1455	387	1
1527752037.731132000	92.1456	262	1
1527752037.750265000	92.1647	87	0
1527752037.852305000	92.2667	307	0
1527752037.853621000	92.268	148	0
1527752037.855345000	92.2698	92	0
1527752037.855713000	92.2701	109	1
1527752037.856668000	92.2711	324	0
1527752037.860698000	92.2751	100	1
1527752037.973461000	92.3879	391	1
1527752037.973549000	92.388	264	1
1527752037.990680000	92.4051	87	0
1527752038.083592000	92.498	232	0
1527752038.085018000	92.4994	148	0
1527752038.087596000	92.502	92	0
1527752038.087831000	92.5023	109	1
1527752038.089018000	92.5034	231	0
1527752038.092765000	92.5072	100	1
1527752038.383153000	92.7976	386	1
1527752038.383217000	92.7976	259	1
1527752038.401814000	92.8162	87	0
1527752038.412775000	92.8272	87	0
1527752038.502017000	92.9164	235	0
1527752038.503352000	92.9178	148	0
1527752038.505391000	92.9198	92	0
1527752038.505790000	92.9202	112	1
1527752038.506754000	92.9212	290	0
1527752038.510785000	92.9252	100	1
1527752039.254230000	93.6687	388	1
1527752039.254293000	93.6687	263	1
1527752039.272153000	93.6866	87	0
1527752039.406170000	93.8206	257	0
1527752039.407529000	93.822	148	0
1527752039.409846000	93.8243	106	1
1527752039.410756000	93.8252	92	0
1527752039.412097000	93.8265	280	0
1527752039.414844000	93.8293	103	1
1527752039.722019000	94.1364	387	1
1527752039.722111000	94.1365	262	1
1527752039.740909000	94.1553	87	0
1527752039.829592000	94.244	279	0
1527752039.830945000	94.2454	148	0
1527752039.833778000	94.2482	92	0
1527752039.833860000	94.2483	106	1
1527752039.835198000	94.2496	308	0
1527752039.837813000	94.2522	103	1
1527752039.935311000	94.3497	390	1
1527752039.935385000	94.3498	261	1
1527752039.953325000	94.3677	87	0
1527752040.041615000	94.456	271	0
1527752040.043001000	94.4574	148	0
1527752040.045893000	94.4603	106	1
1527752040.047315000	94.4617	92	0
1527752040.048600000	94.463	102	0
1527752040.050885000	94.4653	103	1
1527752040.297275000	94.7117	388	1
1527752040.297345000	94.7118	261	1
1527752040.319414000	94.7338	87	0
1527752040.403262000	94.8177	305	0
1527752040.404602000	94.819	148	0
1527752040.406900000	94.8213	106	1
1527752040.407616000	94.822	92	0
1527752040.409009000	94.8234	119	0
1527752040.410909000	94.8253	103	1
1527752040.755613000	95.17	390	1
1527752040.755670000	95.1701	260	1
1527752040.773199000	95.1876	87	0
1527752041.046005000	95.4604	257	0
1527752041.047356000	95.4618	148	0
1527752041.049946000	95.4644	106	1
1527752041.050356000	95.4648	92	0
1527752041.051663000	95.4661	128	0
1527752041.053936000	95.4684	103	1
1527752041.203111000	95.6175	386	1
1527752041.203200000	95.6176	263	1
1527752041.222745000	95.6372	87	0
1527752041.329292000	95.7437	256	0
1527752041.330627000	95.745	148	0
1527752041.332951000	95.7474	106	1
1527752041.333473000	95.7479	92	0
1527752041.334872000	95.7493	95	0
1527752041.336951000	95.7514	103	1
1527752041.625282000	96.0397	387	1
1527752041.625362000	96.0398	261	1
1527752041.646555000	96.061	87	0
1527752041.758154000	96.1726	301	0
1527752041.759475000	96.1739	148	0
1527752041.761907000	96.1763	106	1
1527752041.762919000	96.1773	92	0
1527752041.764313000	96.1787	106	0
1527752041.766909000	96.1813	103	1
1527752042.118698000	96.5331	988	1
1527752042.118787000	96.5332	259	1
1527752042.137599000	96.552	87	0
1527752042.250005000	96.6644	233	0
1527752042.251326000	96.6657	148	0
1527752042.254046000	96.6685	106	1
1527752042.255143000	96.6696	92	0
1527752042.256549000	96.671	107	0
1527752042.259018000	96.6734	103	1
1527752042.445007000	96.8594	581	1
1527752042.445096000	96.8595	260	1
1527752042.467659000	96.8821	87	0
1527752042.554028000	96.9684	235	0
1527752042.555482000	96.9699	148	0
1527752042.558035000	96.9725	106	1
1527752042.558453000	96.9729	92	0
1527752042.559803000	96.9742	173	0
1527752042.562026000	96.9764	103	1
1527752045.610643000	100.025	784	1
1527752045.610704000	100.025	261	1
1527752045.629007000	100.043	87	0
1527752045.724077000	100.138	258	0
1527752045.725507000	100.14	148	0
1527752045.727623000	100.142	92	0
1527752045.728213000	100.143	109	1
1527752045.729039000	100.143	169	0
1527752045.733204000	100.148	100	1
1527752045.825812000	100.24	391	1
1527752045.825904000	100.24	276	1
1527752045.843835000	100.258	87	0
1527752045.965131000	100.38	279	0
1527752045.966410000	100.381	148	0
1527752045.969225000	100.384	106	1
1527752045.974181000	100.389	92	0
1527752045.975527000	100.39	226	0
1527752045.978223000	100.393	103	1
1527752046.054512000	100.469	390	1
1527752046.054603000	100.469	262	1
1527752046.072802000	100.487	87	0
1527752046.170885000	100.585	235	0
1527752046.172199000	100.587	148	0
1527752046.174894000	100.589	92	0
1527752046.175170000	100.59	109	1
1527752046.176606000	100.591	222	0
1527752046.180233000	100.595	100	1
1527752046.405468000	100.82	388	1
1527752046.405533000	100.82	261	1
1527752046.425823000	100.84	87	0
1527752046.510215000	100.925	285	0
1527752046.511532000	100.926	148	0
1527752046.513580000	100.928	92	0
1527752046.514264000	100.929	109	1
1527752046.514994000	100.929	312	0
1527752046.519262000	100.934	100	1
1527752046.745751000	101.16	391	1
1527752046.745846000	101.16	259	1
1527752046.763587000	101.178	87	0
1527752046.878847000	101.293	259	0
1527752046.880181000	101.295	148	0
1527752046.882278000	101.297	106	1
1527752046.883512000	101.298	92	0
1527752046.884919000	101.299	144	0
1527752046.887270000	101.302	103	1
1527752047.136383000	101.551	392	1
1527752047.136472000	101.551	264	1
1527752047.155877000	101.57	87	0
1527752047.259328000	101.674	233	0
1527752047.260651000	101.675	148	0
1527752047.263231000	101.678	106	1
1527752047.264200000	101.679	92	0
1527752047.265546000	101.68	185	0
1527752047.268242000	101.683	103	1
1527752047.558532000	101.973	391	1
1527752047.558596000	101.973	265	1
1527752047.577182000	101.992	87	0
1527752047.681951000	102.096	257	0
1527752047.683260000	102.098	148	0
1527752047.685129000	102.1	92	0
1527752047.686268000	102.101	109	1
1527752047.686497000	102.101	261	0
1527752047.690257000	102.105	100	1
1527752048.006732000	102.421	387	1
1527752048.006818000	102.421	262	1
1527752048.028436000	102.443	87	0
1527752048.132688000	102.547	256	0
1527752048.134062000	102.548	148	0
1527752048.136138000	102.551	92	0
1527752048.136353000	102.551	109	1
1527752048.137487000	102.552	314	0
1527752048.141340000	102.556	100	1
1527752048.535456000	102.95	390	1
1527752048.535522000	102.95	261	1
1527752048.555177000	102.97	87	0
1527752048.679806000	103.094	295	0
1527752048.681132000	103.096	148	0
1527752048.683380000	103.098	106	1
1527752048.684878000	103.099	92	0
1527752048.686222000	103.101	239	0
1527752048.688368000	103.103	103	1
1527752049.005776000	103.42	991	1
1527752049.005841000	103.42	268	1
1527752049.024446000	103.439	87	0
1527752049.117895000	103.532	302	0
1527752049.119219000	103.534	148	0
1527752049.121407000	103.536	106	1
1527752049.122324000	103.537	92	0
1527752049.123612000	103.538	247	0
1527752049.126405000	103.541	103	1
1527752049.226516000	103.641	583	1
1527752049.226612000	103.641	260	1
1527752049.245401000	103.66	87	0
1527752049.360518000	103.775	233	0
1527752049.361923000	103.776	148	0
1527752049.364416000	103.779	106	1
1527752049.366088000	103.781	92	0
1527752049.367442000	103.782	287	0
1527752049.369411000	103.784	103	1
1527752051.053920000	105.468	785	1
1527752051.053998000	105.468	260	1
1527752051.072273000	105.487	87	0
1527752051.339020000	105.753	280	0
1527752051.340346000	105.755	148	0
1527752051.342952000	105.757	106	1
1527752051.363804000	105.778	92	0
1527752051.366023000	105.78	211	0
1527752051.367923000	105.782	103	1
1527752051.511990000	105.926	391	1
1527752051.512055000	105.926	271	1
1527752051.531379000	105.946	87	0
1527752051.537208000	105.952	87	0
1527752051.625371000	106.04	299	0
1527752051.626736000	106.041	148	0
1527752051.628869000	106.043	109	1
1527752051.630537000	106.045	92	0
1527752051.631880000	106.046	170	0
1527752051.633867000	106.048	103	1
1527752051.837711000	106.252	386	1
1527752051.837800000	106.252	260	1
1527752051.856593000	106.271	87	0
1527752051.942692000	106.357	233	0
1527752051.943978000	106.358	148	0
1527752051.946969000	106.361	106	1
1527752051.947425000	106.362	92	0
1527752051.948822000	106.363	152	0
1527752051.950954000	106.365	103	1
1527752052.112889000	106.527	386	1
1527752052.112999000	106.527	271	1
1527752052.131129000	106.546	87	0
1527752052.219910000	106.634	233	0
1527752052.221261000	106.636	148	0
1527752052.223913000	106.638	106	1
1527752052.224954000	106.639	92	0
1527752052.226320000	106.641	310	0
1527752052.228928000	106.643	103	1
1527752052.616305000	107.031	391	1
1527752052.616365000	107.031	263	1
1527752052.634115000	107.049	87	0
1527752052.742137000	107.157	256	0
1527752052.743398000	107.158	148	0
1527752052.744857000	107.159	92	0
1527752052.746015000	107.16	109	1
1527752052.746199000	107.161	268	0
1527752052.750002000	107.164	100	1
1527752052.781179000	107.196	256	0
1527752052.784995000	107.199	100	1
1527752053.198580000	107.613	386	1
1527752053.198675000	107.613	260	1
1527752053.217172000	107.632	87	0
1527752053.313435000	107.728	281	0
1527752053.314833000	107.729	148	0
1527752053.316952000	107.731	92	0
1527752053.317040000	107.731	106	1
1527752053.318311000	107.733	88	0
1527752053.321021000	107.735	103	1
1527752053.568339000	107.983	387	1
1527752053.568430000	107.983	271	1
1527752053.587266000	108.002	87	0
1527752053.668066000	108.082	307	0
1527752053.669458000	108.084	148	0
1527752053.671552000	108.086	92	0
1527752053.672067000	108.086	109	1
1527752053.672918000	108.087	190	0
1527752053.677069000	108.091	100	1
1527752053.858459000	108.273	390	1
1527752053.858552000	108.273	273	1
1527752053.882008000	108.296	87	0
1527752053.967430000	108.382	235	0
1527752053.968732000	108.383	148	0
1527752053.971077000	108.385	106	1
1527752053.971556000	108.386	92	0
1527752053.972896000	108.387	198	0
1527752053.975070000	108.389	103	1
1527752054.730198000	109.145	388	1
1527752054.730268000	109.145	260	1
1527752054.748965000	109.163	87	0
1527752054.835200000	109.25	256	0
1527752054.836585000	109.251	148	0
1527752054.839140000	109.254	106	1
1527752054.840150000	109.255	92	0
1527752054.841531000	109.256	310	0
1527752054.844136000	109.259	103	1
1527752055.229364000	109.644	390	1
1527752055.229450000	109.644	259	1
1527752055.248322000	109.663	87	0
1527752055.335669000	109.75	233	0
1527752055.336937000	109.751	148	0
1527752055.340181000	109.755	106	1
1527752055.341226000	109.756	92	0
1527752055.342585000	109.757	121	0
1527752055.345170000	109.76	103	1
1527752055.519494000	109.934	988	1
1527752055.519585000	109.934	271	1
1527752055.537170000	109.952	87	0
1527752055.626937000	110.041	258	0
1527752055.628277000	110.043	148	0
1527752055.631169000	110.046	106	1
1527752055.631615000	110.046	92	0
1527752055.633009000	110.047	149	0
1527752055.635164000	110.05	103	1
1527752055.989565000	110.404	586	1
1527752055.989651000	110.404	260	1
1527752056.009039000	110.423	87	0
1527752056.098579000	110.513	255	0
1527752056.099890000	110.514	148	0
1527752056.102139000	110.517	106	1
1527752056.102865000	110.517	92	0
1527752056.104307000	110.519	304	0
1527752056.106124000	110.521	103	1
1527752056.250284000	110.665	784	1
1527752056.250371000	110.665	260	1
1527752056.269385000	110.684	87	0
1527752056.356193000	110.771	267	0
1527752056.357515000	110.772	148	0
1527752056.359010000	110.773	92	0
1527752056.360210000	110.775	109	1
1527752056.360396000	110.775	239	0
1527752056.364214000	110.779	100	1
1527752056.499369000	110.914	388	1
1527752056.499432000	110.914	262	1
1527752056.517462000	110.932	87	0
1527752056.606940000	111.021	326	0
1527752056.608218000	111.023	148	0
1527752056.609884000	111.024	92	0
1527752056.611200000	111.026	293	0
1527752056.611262000	111.026	109	1
1527752056.615222000	111.03	100	1
1527752057.160710000	111.575	387	1
1527752057.160798000	111.575	259	1
1527752057.179089000	111.594	87	0
1527752057.271551000	111.686	258	0
1527752057.272879000	111.687	148	0
1527752057.275274000	111.69	106	1
1527752057.275628000	111.69	92	0
1527752057.276958000	111.691	305	0
1527752057.279181000	111.694	103	1
1527752057.390552000	111.805	392	1
1527752057.390644000	111.805	264	1
1527752057.408168000	111.823	87	0
1527752057.518125000	111.933	233	0
1527752057.519462000	111.934	148	0
1527752057.522245000	111.937	92	0
1527752057.522310000	111.937	106	1
1527752057.523598000	111.938	171	0
1527752057.526272000	111.941	103	1
1527752058.374794000	112.789	387	1
1527752058.374860000	112.789	259	1
1527752058.394300000	112.809	87	0
1527752058.503762000	112.918	299	0
1527752058.505158000	112.92	148	0
1527752058.507334000	112.922	106	1
1527752058.508267000	112.923	92	0
1527752058.509819000	112.924	298	0
1527752058.512336000	112.927	103	1
1527752058.723806000	113.138	390	1
1527752058.723889000	113.138	261	1
1527752058.742381000	113.157	87	0
1527752058.842616000	113.257	259	0
1527752058.844172000	113.259	148	0
1527752058.845629000	113.26	92	0
1527752058.846362000	113.261	109	1
1527752058.847024000	113.261	285	0
1527752058.850371000	113.265	100	1
1527752058.996957000	113.411	388	1
1527752058.997044000	113.411	260	1
1527752059.015873000	113.43	87	0
1527752059.124457000	113.539	233	0
1527752059.125795000	113.54	148	0
1527752059.128383000	113.543	106	1
1527752059.137042000	113.551	92	0
1527752059.138335000	113.553	302	0
1527752059.140368000	113.555	103	1
1527752059.523691000	113.938	387	1
1527752059.523755000	113.938	259	1
1527752059.542427000	113.957	87	0
1527752059.636744000	114.051	307	0
1527752059.638061000	114.052	148	0
1527752059.640202000	114.055	92	0
1527752059.640409000	114.055	109	1
1527752059.641566000	114.056	86	0
1527752059.645422000	114.06	100	1
1527752059.803757000	114.218	393	1
1527752059.803817000	114.218	263	1
1527752059.821389000	114.236	87	0
1527752059.916312000	114.331	235	0
1527752059.917594000	114.332	148	0
1527752059.919940000	114.334	92	0
1527752059.920431000	114.335	109	1
1527752059.921309000	114.336	257	0
1527752059.925427000	114.34	100	1
1527752060.362843000	114.777	387	1
1527752060.362933000	114.777	261	1
1527752060.381228000	114.796	87	0
1527752060.387020000	114.801	87	0
1527752060.481128000	114.896	283	0
1527752060.482415000	114.897	148	0
1527752060.485327000	114.9	92	0
1527752060.485429000	114.9	109	1
1527752060.486635000	114.901	234	0
1527752060.489460000	114.904	103	1
1527752060.593951000	115.008	987	1
1527752060.594025000	115.008	262	1
1527752060.612421000	115.027	87	0
1527752060.696502000	115.111	257	0
1527752060.697865000	115.112	148	0
1527752060.700466000	115.115	106	1
1527752060.701808000	115.116	92	0
1527752060.703145000	115.118	193	0
1527752060.705455000	115.12	103	1
1527752060.924763000	115.339	387	1
1527752060.924824000	115.339	261	1
1527752060.942736000	115.357	87	0
1527752061.053192000	115.468	232	0
1527752061.054577000	115.469	148	0
1527752061.057157000	115.472	92	0
1527752061.057418000	115.472	109	1
1527752061.058458000	115.473	141	0
1527752061.062480000	115.477	100	1
1527752061.183436000	115.598	583	1
1527752061.183503000	115.598	259	1
1527752061.201595000	115.616	87	0
1527752061.290806000	115.705	235	0
1527752061.292171000	115.707	148	0
1527752061.294510000	115.709	106	1
1527752061.295113000	115.71	92	0
1527752061.296449000	115.711	143	0
1527752061.298490000	115.713	103	1
1527752061.394818000	115.809	785	1
1527752061.394882000	115.809	262	1
1527752061.413067000	115.827	87	0
1527752061.521667000	115.936	233	0
1527752061.523036000	115.937	148	0
1527752061.525508000	115.94	106	1
1527752061.526689000	115.941	92	0
1527752061.528046000	115.942	171	0
1527752061.530506000	115.945	103	1
1527752062.052014000	116.466	389	1
1527752062.052079000	116.467	260	1
1527752062.069864000	116.484	87	0
1527752062.178115000	116.593	282	0
1527752062.179451000	116.594	148	0
1527752062.181484000	116.596	106	1
1527752062.182403000	116.597	92	0
1527752062.183746000	116.598	211	0
1527752062.186480000	116.601	103	1
