1528090199.263506000	0	296	1
1528090199.298186000	0.0346801	87	0
1528090199.505166000	0.24166	301	0
1528090199.506629000	0.243123	1412	0
1528090199.508097000	0.244591	1412	0
1528090199.509338000	0.245832	107	1
1528090199.509558000	0.246052	1412	0
1528090199.510981000	0.247475	180	0
1528090199.512523000	0.249017	1412	0
1528090199.514037000	0.250531	1412	0
1528090199.515491000	0.251985	1412	0
1528090199.516916000	0.25341	188	0
1528090199.517622000	0.254116	101	1
1528090199.518369000	0.254863	685	0
1528090199.519839000	0.256333	1412	0
1528090199.521347000	0.257841	1412	0
1528090199.522782000	0.259276	694	0
1528090199.524251000	0.260745	1412	0
1528090199.525703000	0.262197	1412	0
1528090199.525832000	0.262326	125	1
1528090199.527154000	0.263648	1412	0
1528090199.528567000	0.265061	188	0
1528090199.530951000	0.267445	101	1
1528090199.549239000	0.285733	1210	0
1528090199.550685000	0.287179	1412	0
1528090199.552196000	0.28869	1412	0
1528090199.552941000	0.289435	104	1
1528090199.553674000	0.290168	1412	0
1528090199.555103000	0.291597	188	0
1528090199.556597000	0.293091	1412	0
1528090199.556947000	0.293441	104	1
1528090199.558040000	0.294534	1412	0
1528090199.559490000	0.295984	1412	0
1528090199.560946000	0.29744	1412	0
1528090199.561944000	0.298438	104	1
1528090199.562433000	0.298927	1412	0
1528090199.563925000	0.300419	390	0
1528090199.565406000	0.3019	1412	0
1528090199.565982000	0.302476	104	1
1528090199.566855000	0.303349	1412	0
1528090199.568305000	0.304799	1412	0
1528090199.569727000	0.306221	188	0
1528090199.570946000	0.30744	104	1
1528090199.571201000	0.307695	1412	0
1528090199.572680000	0.309174	170	0
1528090199.574164000	0.310658	1412	0
1528090199.574941000	0.311435	104	1
1528090199.575611000	0.312105	1412	0
1528090199.578023000	0.314517	1412	0
1528090199.578978000	0.315472	101	1
1528090199.580608000	0.317102	188	0
1528090199.582139000	0.318633	1412	0
1528090199.583562000	0.320056	152	0
1528090199.583954000	0.320448	104	1
1528090199.585043000	0.321537	1412	0
1528090199.586497000	0.322991	1412	0
1528090199.587946000	0.32444	1412	0
1528090199.589361000	0.325855	188	0
1528090199.589954000	0.326448	107	1
1528090199.590820000	0.327314	794	0
1528090199.592345000	0.328839	1412	0
1528090199.593801000	0.330295	1412	0
1528090199.595028000	0.331522	98	1
1528090199.595243000	0.331737	1412	0
1528090199.596672000	0.333166	188	0
1528090199.598133000	0.334627	696	0
1528090199.603970000	0.340464	110	1
1528090199.986469000	0.722963	318	1
1528090199.986550000	0.723044	1412	1
1528090199.986574000	0.723068	906	1
1528090199.990726000	0.72722	218	1
1528090200.007520000	0.744014	87	0
1528090200.011051000	0.747545	87	0
1528090200.166446000	0.90294	399	0
1528090200.169984000	0.906478	104	1
1528090200.170101000	0.906595	80	0
1528090200.174098000	0.910592	98	1
1528090200.291701000	1.0282	217	1
1528090200.312620000	1.04911	87	0
1528090200.327050000	1.06354	374	0
1528090200.328533000	1.06503	1412	0
1528090200.330061000	1.06656	1412	0
1528090200.331622000	1.06812	1412	0
1528090200.333076000	1.06957	1412	0
1528090200.333310000	1.0698	104	1
1528090200.334514000	1.07101	1412	0
1528090200.335956000	1.07245	1169	0
1528090200.336977000	1.07347	110	1
1528090200.337372000	1.07387	92	0
1528090200.338830000	1.07532	200	0
1528090200.346377000	1.08287	98	1
1528090200.350079000	1.08657	98	1
1528090200.408946000	1.14544	389	0
1528090200.410407000	1.1469	1115	0
1528090200.411889000	1.14838	92	0
1528090200.413079000	1.14957	104	1
1528090200.413369000	1.14986	182	0
1528090200.417114000	1.15361	98	1
1528090200.768634000	1.50513	396	1
1528090200.796135000	1.53263	87	0
1528090200.808186000	1.54468	278	0
1528090200.809629000	1.54612	360	0
1528090200.811074000	1.54757	207	0
1528090200.826030000	1.56252	107	1
1528090202.031078000	2.76757	846	1
1528090202.052108000	2.7886	87	0
1528090202.390870000	3.12736	326	0
1528090202.392417000	3.12891	1412	0
1528090202.393851000	3.13035	996	0
1528090202.395111000	3.13161	107	1
1528090202.395292000	3.13179	92	0
1528090202.396749000	3.13324	202	0
1528090202.399117000	3.13561	101	1
1528090202.997054000	3.73355	569	1
1528090202.997171000	3.73366	1412	1
1528090202.997209000	3.7337	1412	1
1528090202.997243000	3.73374	1412	1
1528090202.997280000	3.73377	1412	1
1528090202.997303000	3.7338	1412	1
1528090202.997344000	3.73384	1412	1
1528090202.997382000	3.73388	1412	1
1528090202.997411000	3.73391	1412	1
1528090202.997448000	3.73394	1412	1
1528090202.997482000	3.73398	1412	1
1528090202.997520000	3.73401	1412	1
1528090202.997556000	3.73405	1412	1
1528090202.997584000	3.73408	1272	1
1528090203.015857000	3.75235	87	0
1528090203.024020000	3.76051	87	0
1528090203.035744000	3.77224	87	0
1528090203.176818000	3.91331	446	0
1528090203.179677000	3.91617	80	0
1528090203.189612000	3.92611	110	1
1528090205.185178000	5.92167	496	1
1528090205.185260000	5.92175	1412	1
1528090205.185283000	5.92178	981	1
1528090205.186470000	5.92296	224	1
1528090205.186535000	5.92303	1412	1
1528090205.186559000	5.92305	1412	1
1528090205.186579000	5.92307	758	1
1528090205.189790000	5.92628	165	1
1528090205.192509000	5.929	101	1
1528090205.207463000	5.94396	87	0
1528090205.242031000	5.97853	165	1
1528090205.258815000	5.99531	104	0
1528090205.263522000	6.00002	101	1
1528090205.302808000	6.0393	397	0
1528090205.305049000	6.04154	80	0
1528090205.306967000	6.04346	101	1
1528090205.610979000	6.34747	516	0
1528090205.612470000	6.34896	303	0
1528090205.613346000	6.34984	115	1
1528090205.613935000	6.35043	206	0
1528090205.617056000	6.35355	101	1
1528090205.617256000	6.35375	251	1
1528090205.632222000	6.36872	87	0
1528090205.638263000	6.37476	87	0
1528090206.017877000	6.75437	891	0
1528090206.019328000	6.75582	1412	0
1528090206.020778000	6.75727	1412	0
1528090206.022309000	6.7588	1412	0
1528090206.022543000	6.75904	110	1
1528090206.023746000	6.76024	180	0
1528090206.025235000	6.76173	1412	0
1528090206.026014000	6.76251	104	1
1528090206.026699000	6.76319	1351	0
1528090206.028134000	6.76463	1412	0
1528090206.029601000	6.7661	1412	0
1528090206.030013000	6.76651	104	1
1528090206.031096000	6.76759	1412	0
1528090206.032582000	6.76908	188	0
1528090206.034067000	6.77056	1223	0
1528090206.035527000	6.77202	1412	0
1528090206.036564000	6.77306	104	1
1528090206.036959000	6.77345	1412	0
1528090206.038414000	6.77491	1412	0
1528090206.039835000	6.77633	188	0
1528090206.040044000	6.77654	101	1
1528090206.041359000	6.77785	1412	0
1528090206.042794000	6.77929	739	0
1528090206.044776000	6.78127	104	1
1528090206.051625000	6.78812	98	1
1528090206.060588000	6.79708	1412	0
1528090206.062154000	6.79865	1412	0
1528090206.063606000	6.8001	1412	0
1528090206.065033000	6.80153	198	0
1528090206.066517000	6.80301	1412	0
1528090206.067966000	6.80446	1412	0
1528090206.069419000	6.80591	1412	0
1528090206.070858000	6.80735	902	0
1528090206.072374000	6.80887	971	0
1528090206.073213000	6.80971	122	1
1528090206.073864000	6.81036	1412	0
1528090206.075324000	6.81182	1412	0
1528090206.076777000	6.81327	1412	0
1528090206.078009000	6.8145	104	1
1528090206.078193000	6.81469	188	0
1528090206.079679000	6.81617	1412	0
1528090206.081098000	6.81759	186	0
1528090206.082008000	6.8185	104	1
1528090206.082631000	6.81913	1412	0
1528090206.084085000	6.82058	1412	0
1528090206.085530000	6.82202	1412	0
1528090206.086001000	6.82249	104	1
1528090206.086953000	6.82345	188	0
1528090206.088431000	6.82492	1200	0
1528090206.089888000	6.82638	1412	0
1528090206.091393000	6.82789	1412	0
1528090206.092236000	6.82873	98	1
1528090206.092848000	6.82934	1412	0
1528090206.094288000	6.83078	188	0
1528090206.095744000	6.83224	965	0
1528090206.096157000	6.83265	113	1
1528090206.097202000	6.8337	1412	0
1528090206.098654000	6.83515	1301	0
1528090206.100089000	6.83658	749	0
1528090206.101030000	6.83752	104	1
1528090206.101601000	6.83809	1412	0
1528090206.103068000	6.83956	1328	0
1528090206.104523000	6.84102	1412	0
1528090206.105039000	6.84153	104	1
1528090206.105968000	6.84246	1412	0
1528090206.107394000	6.84389	344	0
1528090206.108836000	6.84533	220	0
1528090206.111017000	6.84751	104	1
1528090208.573973000	9.31047	509	1
1528090208.574053000	9.31055	294	1
1528090208.577328000	9.31382	302	1
1528090208.577416000	9.31391	1412	1
1528090208.577454000	9.31395	1412	1
1528090208.577493000	9.31399	969	1
1528090208.592804000	9.3293	87	0
1528090208.597405000	9.3339	87	0
1528090208.602669000	9.33916	87	0
1528090208.624382000	9.36088	402	1
1528090208.654721000	9.39122	87	0
1528090208.767891000	9.50438	352	0
1528090208.769360000	9.50585	1400	0
1528090208.770795000	9.50729	513	0
1528090208.772309000	9.5088	592	0
1528090208.772630000	9.50912	107	1
1528090208.773872000	9.51037	635	0
1528090208.775319000	9.51181	467	0
1528090208.776168000	9.51266	104	1
1528090208.776865000	9.51336	697	0
1528090208.778313000	9.51481	484	0
1528090208.779772000	9.51627	835	0
1528090208.780163000	9.51666	104	1
1528090208.781448000	9.51794	649	0
1528090208.782899000	9.51939	519	0
1528090208.784441000	9.52094	439	0
1528090208.785155000	9.52165	104	1
1528090208.787465000	9.52396	701	0
1528090208.788982000	9.52548	616	0
1528090208.790547000	9.52704	558	0
1528090208.791162000	9.52766	104	1
1528090208.792055000	9.52855	654	0
1528090208.793611000	9.53011	583	0
1528090208.795059000	9.53155	689	0
1528090208.796154000	9.53265	104	1
1528090208.798405000	9.5349	92	0
1528090208.799841000	9.53633	248	0
1528090208.802163000	9.53866	101	1
1528090208.880214000	9.61671	453	0
1528090208.884209000	9.6207	98	1
1528090208.890277000	9.62677	80	0
1528090208.894162000	9.63066	98	1
1528090208.947972000	9.68447	333	0
1528090208.949416000	9.68591	103	0
1528090208.952711000	9.68921	120	0
1528090208.955092000	9.69159	101	1
1528090208.962176000	9.69867	98	1
1528090210.173672000	10.9102	397	1
1528090210.173745000	10.9102	109	1
1528090210.191520000	10.928	302	1
1528090210.193363000	10.9299	87	0
1528090210.202820000	10.9393	478	1
1528090210.202902000	10.9394	87	1
1528090210.220814000	10.9573	87	0
1528090210.228387000	10.9649	87	0
1528090210.244439000	10.9809	87	0
1528090210.343719000	11.0802	306	0
1528090210.345153000	11.0816	151	0
1528090210.347223000	11.0837	92	0
1528090210.347274000	11.0838	113	1
1528090210.348702000	11.0852	275	0
1528090210.351272000	11.0878	101	1
1528090210.557163000	11.2937	243	0
1528090210.558594000	11.2951	103	0
1528090210.561295000	11.2978	101	1
1528090210.562685000	11.2992	92	0
1528090210.564144000	11.3006	250	0
1528090210.566270000	11.3028	101	1
1528090210.647558000	11.3841	243	0
1528090210.648997000	11.3855	141	0
1528090210.652360000	11.3889	92	0
1528090210.653810000	11.3903	262	0
1528090210.668305000	11.4048	107	1
1528090210.722363000	11.4589	486	1
1528090210.722436000	11.4589	94	1
1528090210.740355000	11.4768	87	0
1528090210.806044000	11.5425	326	1
1528090210.806137000	11.5426	256	1
1528090210.825257000	11.5618	87	0
1528090211.036698000	11.7732	236	0
1528090211.038129000	11.7746	367	0
1528090211.040315000	11.7768	107	1
1528090211.042757000	11.7793	114	0
1528090211.046339000	11.7828	98	1
1528090211.443823000	12.1803	370	1
1528090211.443955000	12.1804	1412	1
1528090211.443980000	12.1805	1412	1
1528090211.444003000	12.1805	1412	1
1528090211.444066000	12.1806	1412	1
1528090211.444089000	12.1806	1412	1
1528090211.444112000	12.1806	1412	1
1528090211.444155000	12.1806	1412	1
1528090211.444192000	12.1807	1412	1
1528090211.444226000	12.1807	1412	1
1528090211.444262000	12.1808	1412	1
1528090211.444323000	12.1808	1412	1
1528090211.444346000	12.1808	1412	1
1528090211.444370000	12.1809	1412	1
1528090211.444432000	12.1809	1412	1
1528090211.444455000	12.1809	1412	1
1528090211.444490000	12.181	1412	1
1528090211.446346000	12.1828	1412	1
1528090211.446378000	12.1829	1412	1
1528090211.446419000	12.1829	1412	1
1528090211.446474000	12.183	1412	1
1528090211.446497000	12.183	1412	1
1528090211.446541000	12.183	1412	1
1528090211.446575000	12.1831	1412	1
1528090211.446611000	12.1831	1412	1
1528090211.446634000	12.1831	1412	1
1528090211.446675000	12.1832	1412	1
1528090211.446713000	12.1832	1412	1
1528090211.446745000	12.1832	1412	1
1528090211.448323000	12.1848	1412	1
1528090211.448361000	12.1849	1412	1
1528090211.448396000	12.1849	1412	1
1528090211.448433000	12.1849	1412	1
1528090211.448469000	12.185	1412	1
1528090211.448504000	12.185	253	1
1528090211.465231000	12.2017	87	0
1528090211.472583000	12.2091	87	0
1528090211.474055000	12.2105	87	0
1528090211.475445000	12.2119	100	0
1528090211.476890000	12.2134	87	0
1528090211.479399000	12.2159	110	1
1528090211.482799000	12.2193	87	0
1528090211.549210000	12.2857	256	0
1528090211.550642000	12.2871	146	0
1528090211.553342000	12.2898	92	0
1528090211.553435000	12.2899	106	1
1528090211.554806000	12.2913	234	0
1528090211.557331000	12.2938	103	1
1528090211.781599000	12.5181	973	1
1528090211.783724000	12.5202	308	1
1528090211.807983000	12.5445	87	0
1528090211.822916000	12.5594	375	0
1528090211.826354000	12.5628	103	1
1528090211.831418000	12.5679	80	0
1528090211.835402000	12.5719	100	1
1528090211.844827000	12.5813	444	1
1528090211.880018000	12.6165	87	0
1528090211.915265000	12.6518	312	0
1528090211.916702000	12.6532	118	0
1528090211.919371000	12.6559	106	1
1528090211.920156000	12.6567	92	0
1528090211.921578000	12.6581	849	1
1528090211.921650000	12.6581	267	1
1528090211.921714000	12.6582	226	0
1528090211.925372000	12.6619	100	1
1528090211.956561000	12.6931	232	0
1528090211.957998000	12.6945	279	0
1528090211.960195000	12.6967	92	0
1528090211.960431000	12.6969	106	1
1528090211.961716000	12.6982	87	0
1528090211.965404000	12.7019	100	1
1528090211.971417000	12.7079	834	1
1528090211.995748000	12.7322	100	0
1528090211.997182000	12.7337	87	0
1528090211.999412000	12.7359	103	1
1528090212.003020000	12.7395	87	0
1528090212.041991000	12.7785	578	0
1528090212.043439000	12.7799	802	0
1528090212.044867000	12.7814	92	0
1528090212.045352000	12.7818	109	1
1528090212.046344000	12.7828	223	0
1528090212.050552000	12.787	100	1
1528090212.334428000	13.0709	411	0
1528090212.335896000	13.0724	146	0
1528090212.338114000	13.0746	92	0
1528090212.338661000	13.0752	103	1
1528090212.339622000	13.0761	195	0
1528090212.342375000	13.0789	103	1
1528090212.555565000	13.2921	393	1
1528090212.555654000	13.2921	263	1
1528090212.587679000	13.3242	87	0
1528090212.742741000	13.4792	279	0
1528090212.744175000	13.4807	146	0
1528090212.746404000	13.4829	106	1
1528090212.747194000	13.4837	92	0
1528090212.748665000	13.4852	112	0
1528090212.750509000	13.487	103	1
1528090212.859279000	13.5958	534	1
1528090212.859377000	13.5959	258	1
1528090212.880014000	13.6165	87	0
1528090213.036514000	13.773	232	0
1528090213.037935000	13.7744	146	0
1528090213.040489000	13.777	106	1
1528090213.041061000	13.7776	92	0
1528090213.042574000	13.7791	205	0
1528090213.044416000	13.7809	103	1
1528090213.371523000	14.108	389	1
1528090213.371612000	14.1081	257	1
1528090213.389519000	14.126	87	0
1528090213.510699000	14.2472	258	0
1528090213.512204000	14.2487	146	0
1528090213.514439000	14.2509	106	1
1528090213.525155000	14.2616	92	0
1528090213.526615000	14.2631	221	0
1528090213.528467000	14.265	103	1
1528090213.568549000	14.305	92	0
1528090213.572451000	14.3089	100	1
1528090213.848045000	14.5845	390	1
1528090213.848114000	14.5846	263	1
1528090213.868184000	14.6047	87	0
1528090214.180580000	14.9171	256	0
1528090214.182089000	14.9186	146	0
1528090214.184490000	14.921	106	1
1528090214.188068000	14.9246	92	0
1528090214.189575000	14.9261	324	0
1528090214.191553000	14.928	103	1
1528090214.250048000	14.9865	92	0
1528090214.253508000	14.99	100	1
1528090214.351155000	15.0876	392	1
1528090214.351232000	15.0877	260	1
1528090214.395546000	15.132	87	0
1528090214.734617000	15.4711	235	0
1528090214.736060000	15.4726	146	0
1528090214.738566000	15.4751	106	1
1528090214.741217000	15.4777	92	0
1528090214.742731000	15.4792	158	0
1528090214.744517000	15.481	103	1
1528090214.771827000	15.5083	391	1
1528090214.771900000	15.5084	263	1
1528090214.793830000	15.5303	87	0
1528090214.810137000	15.5466	87	0
1528090214.953776000	15.6903	235	0
1528090214.955272000	15.6918	146	0
1528090214.957522000	15.694	109	1
1528090214.958119000	15.6946	92	0
1528090214.959569000	15.6961	188	0
1528090214.961607000	15.6981	103	1
1528090215.020186000	15.7567	390	1
1528090215.020274000	15.7568	260	1
1528090215.042304000	15.7788	87	0
1528090215.178131000	15.9146	258	0
1528090215.179578000	15.9161	148	0
1528090215.181614000	15.9181	106	1
1528090215.182856000	15.9194	92	0
1528090215.184322000	15.9208	221	0
1528090215.186523000	15.923	103	1
1528090215.314151000	16.0506	391	1
1528090215.314247000	16.0507	258	1
1528090215.333761000	16.0703	87	0
1528090215.815678000	16.5522	233	0
1528090215.817121000	16.5536	148	0
1528090215.819002000	16.5555	92	0
1528090215.819566000	16.5561	109	1
1528090215.820478000	16.557	288	0
1528090215.824582000	16.5611	100	1
1528090216.196258000	16.9328	1005	1
1528090216.196345000	16.9328	259	1
1528090216.216982000	16.9535	87	0
1528090216.531868000	17.2684	259	0
1528090216.533313000	17.2698	148	0
1528090216.535681000	17.2722	106	1
1528090216.536827000	17.2733	92	0
1528090216.538293000	17.2748	191	0
1528090216.540699000	17.2772	103	1
1528090217.311159000	18.0477	408	1
1528090217.311243000	18.0477	262	1
1528090217.351328000	18.0878	87	0
1528090217.682387000	18.4189	335	0
1528090217.683830000	18.4203	148	0
1528090217.685875000	18.4224	106	1
1528090217.686521000	18.423	92	0
1528090217.688005000	18.4245	195	0
1528090217.689871000	18.4264	103	1
1528090217.823623000	18.5601	389	1
1528090217.823710000	18.5602	262	1
1528090217.843063000	18.5796	87	0
1528090218.145073000	18.8816	258	0
1528090218.146507000	18.883	148	0
1528090218.147930000	18.8844	92	0
1528090218.149014000	18.8855	109	1
1528090218.149428000	18.8859	273	0
1528090218.152977000	18.8895	100	1
1528090218.237419000	18.9739	835	1
1528090218.237510000	18.974	261	1
1528090218.258572000	18.9951	87	0
1528090218.393667000	19.1302	236	0
1528090218.395105000	19.1316	148	0
1528090218.397923000	19.1344	106	1
1528090218.399064000	19.1356	92	0
1528090218.400521000	19.137	166	0
1528090218.402905000	19.1394	103	1
1528090218.467247000	19.2037	395	1
1528090218.467307000	19.2038	257	1
1528090218.486158000	19.2227	87	0
1528090218.624637000	19.3611	257	0
1528090218.626126000	19.3626	148	0
1528090218.628982000	19.3655	106	1
1528090218.630065000	19.3666	92	0
1528090218.631582000	19.3681	196	0
1528090218.633977000	19.3705	103	1
1528090219.900635000	20.6371	531	1
1528090219.900705000	20.6372	257	1
1528090219.924586000	20.6611	87	0
1528090219.927557000	20.6641	87	0
1528090220.233703000	20.9702	399	0
1528090220.235137000	20.9716	148	0
1528090220.238014000	20.9745	109	1
1528090220.240276000	20.9768	92	0
1528090220.241789000	20.9783	182	0
1528090220.244013000	20.9805	103	1
1528090220.526923000	21.2634	370	1
1528090220.527037000	21.2635	1412	1
1528090220.527075000	21.2636	1412	1
1528090220.527133000	21.2636	1412	1
1528090220.527156000	21.2637	1412	1
1528090220.527175000	21.2637	327	1
1528090220.548588000	21.2851	87	0
1528090220.837225000	21.5737	434	0
1528090220.841147000	21.5776	103	1
1528090220.844666000	21.5812	80	0
1528090220.848108000	21.5846	100	1
1528090220.930069000	21.6666	389	1
1528090220.930142000	21.6666	260	1
1528090220.947955000	21.6844	87	0
1528090221.262485000	21.999	256	0
1528090221.263924000	22.0004	148	0
1528090221.266080000	22.0026	106	1
1528090221.270010000	22.0065	92	0
1528090221.271539000	22.008	122	0
1528090221.274085000	22.0106	103	1
1528090221.380531000	22.117	390	1
1528090221.380614000	22.1171	262	1
1528090221.400107000	22.1366	87	0
1528090221.513375000	22.2499	232	0
1528090221.514812000	22.2513	148	0
1528090221.517091000	22.2536	106	1
1528090221.518393000	22.2549	92	0
1528090221.519852000	22.2563	315	0
1528090221.522143000	22.2586	103	1
1528090221.708693000	22.4452	389	1
1528090221.708773000	22.4453	262	1
1528090221.727238000	22.4637	87	0
1528090222.041929000	22.7784	233	0
1528090222.043379000	22.7799	148	0
1528090222.046152000	22.7826	106	1
1528090222.046730000	22.7832	92	0
1528090222.048130000	22.7846	318	0
1528090222.050143000	22.7866	103	1
1528090222.215893000	22.9524	394	1
1528090222.215979000	22.9525	264	1
1528090222.238479000	22.975	87	0
1528090222.537886000	23.2744	258	0
1528090222.539324000	23.2758	148	0
1528090222.542241000	23.2787	106	1
1528090222.543334000	23.2798	92	0
1528090222.544792000	23.2813	238	0
1528090222.547168000	23.2837	103	1
1528090222.738106000	23.4746	394	1
1528090222.738200000	23.4747	263	1
1528090222.758809000	23.4953	87	0
1528090223.078313000	23.8148	236	0
1528090223.079818000	23.8163	148	0
1528090223.081564000	23.8181	92	0
1528090223.082189000	23.8187	109	1
1528090223.083027000	23.8195	134	0
1528090223.087192000	23.8237	100	1
1528090223.119357000	23.8559	236	0
1528090223.123187000	23.8597	100	1
1528090223.181480000	23.918	1005	1
1528090223.181538000	23.918	264	1
1528090223.203408000	23.9399	87	0
1528090223.228278000	23.9648	87	0
1528090223.507448000	24.2439	256	0
1528090223.508889000	24.2454	148	0
1528090223.511216000	24.2477	109	1
1528090223.513986000	24.2505	92	0
1528090223.515439000	24.2519	156	0
1528090223.517201000	24.2537	103	1
1528090224.553849000	25.2903	404	1
1528090224.553923000	25.2904	260	1
1528090224.573005000	25.3095	87	0
1528090224.916383000	25.6529	256	0
1528090224.917824000	25.6543	148	0
1528090224.919367000	25.6559	92	0
1528090224.920667000	25.6572	109	1
1528090224.920747000	25.6572	95	0
1528090224.924665000	25.6612	100	1
1528090224.961051000	25.6975	393	1
1528090224.961112000	25.6976	266	1
1528090224.980998000	25.7175	87	0
1528090225.108542000	25.845	312	0
1528090225.109983000	25.8465	148	0
1528090225.112747000	25.8492	106	1
1528090225.115717000	25.8522	92	0
1528090225.117183000	25.8537	219	0
1528090225.119735000	25.8562	103	1
1528090225.240181000	25.9767	833	1
1528090225.240245000	25.9767	258	1
1528090225.258687000	25.9952	87	0
1528090225.268611000	26.0051	87	0
1528090225.556283000	26.2928	255	0
1528090225.557725000	26.2942	148	0
1528090225.559706000	26.2962	109	1
1528090225.561485000	26.298	92	0
1528090225.562945000	26.2994	284	0
1528090225.564703000	26.3012	103	1
1528090225.681025000	26.4175	534	1
1528090225.681104000	26.4176	265	1
1528090225.699238000	26.4357	87	0
1528090226.018619000	26.7551	232	0
1528090226.020062000	26.7566	148	0
1528090226.022747000	26.7592	106	1
1528090226.024057000	26.7606	92	0
1528090226.025578000	26.7621	204	0
1528090226.027732000	26.7642	103	1
1528090226.102789000	26.8393	389	1
1528090226.102858000	26.8394	263	1
1528090226.122769000	26.8593	87	0
1528090226.482473000	27.219	280	0
1528090226.483960000	27.2205	148	0
1528090226.486822000	27.2233	106	1
1528090226.487483000	27.224	92	0
1528090226.489014000	27.2255	332	0
1528090226.490767000	27.2273	103	1
1528090226.613427000	27.3499	391	1
1528090226.613511000	27.35	264	1
1528090226.635109000	27.3716	87	0
1528090226.960283000	27.6968	378	0
1528090226.961786000	27.6983	148	0
1528090226.963851000	27.7003	106	1
1528090226.964933000	27.7014	92	0
1528090226.966393000	27.7029	129	0
1528090226.968843000	27.7053	103	1
1528090227.085013000	27.8215	394	1
1528090227.085106000	27.8216	261	1
1528090227.105120000	27.8416	87	0
1528090227.278723000	28.0152	258	0
1528090227.280128000	28.0166	148	0
1528090227.282872000	28.0194	106	1
1528090227.284444000	28.0209	92	0
1528090227.285839000	28.0223	331	0
1528090227.287860000	28.0244	103	1
1528090228.416569000	29.1531	391	1
1528090228.416665000	29.1532	258	1
1528090228.434896000	29.1714	87	0
1528090228.735592000	29.4721	304	0
1528090228.737030000	29.4735	148	0
1528090228.739071000	29.4756	106	1
1528090228.740556000	29.4771	92	0
1528090228.742184000	29.4787	314	0
1528090228.744067000	29.4806	103	1
1528090228.899522000	29.636	395	1
1528090228.899583000	29.6361	267	1
1528090228.919941000	29.6564	87	0
1528090229.035016000	29.7715	232	0
1528090229.036473000	29.773	148	0
1528090229.039168000	29.7757	106	1
1528090229.042850000	29.7793	92	0
1528090229.044363000	29.7809	265	0
1528090229.046140000	29.7826	103	1
1528090229.338451000	30.0749	389	1
1528090229.338524000	30.075	258	1
1528090229.357497000	30.094	87	0
1528090229.660492000	30.397	256	0
1528090229.661997000	30.3985	148	0
1528090229.664152000	30.4006	106	1
1528090229.666144000	30.4026	92	0
1528090229.667737000	30.4042	248	0
1528090229.670142000	30.4066	103	1
1528090230.343418000	31.0799	389	1
1528090230.343504000	31.08	260	1
1528090230.367222000	31.1037	87	0
1528090230.497286000	31.2338	256	0
1528090230.498730000	31.2352	148	0
1528090230.500983000	31.2375	106	1
1528090230.502896000	31.2394	92	0
1528090230.504416000	31.2409	88	0
1528090230.507028000	31.2435	103	1
1528090230.650532000	31.387	1006	1
1528090230.650624000	31.3871	315	1
1528090230.675548000	31.412	87	0
1528090230.679225000	31.4157	87	0
1528090230.822386000	31.5589	235	0
1528090230.823904000	31.5604	148	0
1528090230.826053000	31.5625	109	1
1528090230.828033000	31.5645	92	0
1528090230.829555000	31.566	210	0
1528090230.832065000	31.5686	103	1
1528090231.121357000	31.8579	406	1
1528090231.121449000	31.8579	439	1
1528090231.141743000	31.8782	87	0
1528090231.288955000	32.0254	256	0
1528090231.291973000	32.0285	148	0
1528090231.293079000	32.0296	106	1
1528090231.295049000	32.0315	92	0
1528090231.296517000	32.033	323	0
1528090231.299069000	32.0356	103	1
1528090231.452170000	32.1887	393	1
1528090231.452234000	32.1887	253	1
1528090231.473153000	32.2096	87	0
1528090231.776645000	32.5131	235	0
1528090231.778081000	32.5146	148	0
1528090231.780053000	32.5165	106	1
1528090231.780702000	32.5172	92	0
1528090231.782228000	32.5187	294	0
1528090231.784026000	32.5205	103	1
1528090232.296541000	33.033	834	1
1528090232.296604000	33.0331	221	1
1528090232.315345000	33.0518	87	0
1528090232.476698000	33.2132	256	0
1528090232.478118000	33.2146	148	0
1528090232.480148000	33.2166	106	1
1528090232.483855000	33.2203	92	0
1528090232.485311000	33.2218	204	0
1528090232.487081000	33.2236	103	1
1528090232.564425000	33.3009	531	1
1528090232.564487000	33.301	315	1
1528090232.584926000	33.3214	87	0
1528090232.711797000	33.4483	314	0
1528090232.713215000	33.4497	148	0
1528090232.716148000	33.4526	106	1
1528090232.717135000	33.4536	92	0
1528090232.718652000	33.4551	133	0
1528090232.721145000	33.4576	103	1
1528090233.651630000	34.3881	394	1
1528090233.651697000	34.3882	259	1
1528090233.671274000	34.4078	87	0
1528090233.996149000	34.7326	259	0
1528090233.997627000	34.7341	148	0
1528090234.000182000	34.7367	106	1
1528090234.002100000	34.7386	92	0
1528090234.004962000	34.7415	294	0
1528090234.006171000	34.7427	103	1
1528090234.097361000	34.8339	392	1
1528090234.097425000	34.8339	253	1
1528090234.127966000	34.8645	87	0
1528090234.443860000	35.1804	256	0
1528090234.445299000	35.1818	148	0
1528090234.448207000	35.1847	106	1
1528090234.448865000	35.1854	92	0
1528090234.450326000	35.1868	139	0
1528090234.452191000	35.1887	103	1
1528090236.387163000	37.1237	389	1
1528090236.387248000	37.1237	259	1
1528090236.409797000	37.1463	87	0
1528090236.735889000	37.4724	280	0
1528090236.737331000	37.4738	148	0
1528090236.739784000	37.4763	106	1
1528090236.742853000	37.4793	92	0
1528090236.745747000	37.4822	287	0
1528090236.746688000	37.4832	103	1
1528090236.918869000	37.6554	394	1
1528090236.918937000	37.6554	262	1
1528090236.938156000	37.6746	87	0
1528090237.081762000	37.8183	376	0
1528090237.083163000	37.8197	148	0
1528090237.085797000	37.8223	106	1
1528090237.087229000	37.8237	92	0
1528090237.088745000	37.8252	160	0
1528090237.090784000	37.8273	103	1
1528090237.215943000	37.9524	393	1
1528090237.216006000	37.9525	260	1
1528090237.236688000	37.9732	87	0
1528090237.371521000	38.108	258	0
1528090237.372966000	38.1095	148	0
1528090237.375811000	38.1123	106	1
1528090237.378919000	38.1154	92	0
1528090237.380378000	38.1169	244	0
1528090237.382801000	38.1193	103	1
1528090237.441457000	38.178	391	1
1528090237.441520000	38.178	253	1
1528090237.461687000	38.1982	87	0
1528090237.466620000	38.2031	87	0
1528090237.642942000	38.3794	279	0
1528090237.644358000	38.3809	148	0
1528090237.646778000	38.3833	109	1
1528090237.648816000	38.3853	92	0
1528090237.650353000	38.3868	263	0
1528090237.652826000	38.3893	103	1
1528090237.676410000	38.4129	1006	1
1528090237.676473000	38.413	377	1
1528090237.694859000	38.4314	87	0
1528090238.216113000	38.9526	255	0
1528090238.217563000	38.9541	148	0
1528090238.219866000	38.9564	106	1
1528090238.231833000	38.9683	92	0
1528090238.233334000	38.9698	276	0
1528090238.235884000	38.9724	103	1
1528090238.311276000	39.0478	403	1
1528090238.311336000	39.0478	320	1
1528090238.331300000	39.0678	87	0
1528090238.456523000	39.193	232	0
1528090238.457975000	39.1945	148	0
1528090238.460869000	39.1974	106	1
1528090238.463288000	39.1998	92	0
1528090238.464794000	39.2013	106	0
1528090238.466863000	39.2034	103	1
1528090238.623224000	39.3597	389	1
1528090238.623284000	39.3598	260	1
1528090238.658884000	39.3954	389	1
1528090238.674866000	39.4114	87	0
1528090238.679895000	39.4164	87	0
1528090238.815620000	39.5521	235	0
1528090238.817055000	39.5535	148	0
1528090238.819900000	39.5564	109	1
1528090238.822900000	39.5594	92	0
1528090238.824403000	39.5609	117	0
1528090238.826894000	39.5634	103	1
1528090239.059223000	39.7957	390	1
1528090239.059281000	39.7958	260	1
1528090239.094449000	39.8309	87	0
1528090239.427693000	40.1642	258	0
1528090239.429127000	40.1656	148	0
1528090239.431931000	40.1684	106	1
1528090239.432434000	40.1689	92	0
1528090239.433895000	40.1704	175	0
1528090239.435917000	40.1724	103	1
1528090239.541553000	40.278	831	1
1528090239.541652000	40.2781	260	1
1528090239.560936000	40.2974	87	0
1528090239.764839000	40.5013	444	1
1528090239.764926000	40.5014	1412	1
1528090239.764951000	40.5014	1412	1
1528090239.764973000	40.5015	1412	1
1528090239.765033000	40.5015	548	1
1528090239.785751000	40.5222	87	0
1528090239.898641000	40.6351	236	0
1528090239.900083000	40.6366	148	0
1528090239.902961000	40.6395	109	1
1528090239.903758000	40.6403	92	0
1528090239.905284000	40.6418	86	0
1528090239.907959000	40.6445	103	1
1528090239.975968000	40.7125	396	1
1528090239.976061000	40.7126	261	1
1528090239.996707000	40.7332	87	0
1528090240.077691000	40.8142	392	0
1528090240.081977000	40.8185	103	1
1528090240.085485000	40.822	80	0
1528090240.088974000	40.8255	100	1
1528090240.302366000	41.0389	345	0
1528090240.303798000	41.0403	148	0
1528090240.305915000	41.0424	103	1
1528090240.308825000	41.0453	92	0
1528090240.310282000	41.0468	203	0
1528090240.312970000	41.0495	103	1
1528090240.605563000	41.3421	394	1
1528090240.605649000	41.3421	263	1
1528090240.625581000	41.3621	87	0
1528090240.747182000	41.4837	236	0
1528090240.750311000	41.4868	148	0
1528090240.751008000	41.4875	106	1
1528090240.754057000	41.4906	92	0
1528090240.755583000	41.4921	322	0
1528090240.757996000	41.4945	103	1
1528090241.028725000	41.7652	391	1
1528090241.028815000	41.7653	262	1
1528090241.049158000	41.7857	87	0
1528090241.056835000	41.7933	87	0
1528090241.203182000	41.9397	259	0
1528090241.204669000	41.9412	148	0
1528090241.207033000	41.9435	109	1
1528090241.210103000	41.9466	92	0
1528090241.211631000	41.9481	319	0
1528090241.214022000	41.9505	103	1
1528090241.349318000	42.0858	394	1
1528090241.349380000	42.0859	258	1
1528090241.379925000	42.1164	87	0
1528090241.508732000	42.2452	235	0
1528090241.510174000	42.2467	148	0
1528090241.513012000	42.2495	106	1
1528090241.514762000	42.2513	92	0
1528090241.516296000	42.2528	174	0
1528090241.518075000	42.2546	103	1
1528090241.795388000	42.5319	395	1
1528090241.795453000	42.5319	253	1
1528090241.814619000	42.5511	87	0
1528090241.972436000	42.7089	255	0
1528090241.973876000	42.7104	148	0
1528090241.975281000	42.7118	92	0
1528090241.976078000	42.7126	109	1
1528090241.976794000	42.7133	265	0
1528090241.981093000	42.7176	100	1
1528090242.953053000	43.6895	390	1
1528090242.953271000	43.6898	253	1
1528090242.974139000	43.7106	87	0
1528090243.155238000	43.8917	401	0
1528090243.156711000	43.8932	148	0
1528090243.158277000	43.8948	92	0
1528090243.159530000	43.896	109	1
1528090243.159732000	43.8962	295	0
1528090243.163548000	43.9	100	1
1528090243.303902000	44.0404	1006	1
1528090243.303980000	44.0405	315	1
1528090243.327126000	44.0636	87	0
1528090243.627596000	44.3641	233	0
1528090243.629087000	44.3656	148	0
1528090243.631379000	44.3679	92	0
1528090243.631606000	44.3681	109	1
1528090243.632859000	44.3694	310	0
1528090243.636572000	44.3731	100	1
1528090243.808851000	44.5453	406	1
1528090243.808910000	44.5454	377	1
1528090243.828390000	44.5649	87	0
1528090243.953107000	44.6896	281	0
1528090243.954551000	44.691	148	0
1528090243.956577000	44.6931	106	1
1528090243.958544000	44.695	92	0
1528090243.960063000	44.6966	107	0
1528090243.962604000	44.6991	103	1
1528090244.276827000	45.0133	391	1
1528090244.276892000	45.0134	315	1
1528090244.296299000	45.0328	87	0
1528090244.303654000	45.0401	87	0
1528090244.417323000	45.1538	256	0
1528090244.418775000	45.1553	148	0
1528090244.420434000	45.1569	92	0
1528090244.421614000	45.1581	112	1
1528090244.422020000	45.1585	267	0
1528090244.425617000	45.1621	100	1
1528090247.823592000	48.5601	393	1
1528090247.823675000	48.5602	257	1
1528090247.843143000	48.5796	87	0
1528090247.987935000	48.7244	256	0
1528090247.989443000	48.7259	148	0
1528090247.991802000	48.7283	106	1
1528090247.992764000	48.7293	92	0
1528090247.994290000	48.7308	148	0
1528090247.996789000	48.7333	103	1
1528090248.085933000	48.8224	829	1
1528090248.086021000	48.8225	257	1
1528090248.114572000	48.8511	87	0
1528090248.242785000	48.9793	256	0
1528090248.244233000	48.9807	148	0
1528090248.246813000	48.9833	106	1
1528090248.247583000	48.9841	92	0
1528090248.249034000	48.9855	110	0
1528090248.251833000	48.9883	103	1
1528090248.349936000	49.0864	531	1
1528090248.349992000	49.0865	257	1
1528090248.368117000	49.1046	87	0
1528090248.373127000	49.1096	87	0
1528090248.487966000	49.2245	235	0
1528090248.489419000	49.2259	148	0
1528090248.491826000	49.2283	109	1
1528090248.494124000	49.2306	92	0
1528090248.495610000	49.2321	103	0
1528090248.497822000	49.2343	103	1
1528090248.627142000	49.3636	393	1
1528090248.627232000	49.3637	260	1
1528090248.645888000	49.3824	87	0
1528090248.784146000	49.5206	235	0
1528090248.785560000	49.5221	148	0
1528090248.787854000	49.5243	106	1
1528090248.790749000	49.5272	92	0
1528090248.792233000	49.5287	114	0
1528090248.794832000	49.5313	103	1
1528090248.973329000	49.7098	390	1
1528090248.973424000	49.7099	258	1
1528090248.991564000	49.7281	87	0
1528090249.092605000	49.8291	303	1
1528090249.092704000	49.8292	1412	1
1528090249.092744000	49.8292	1412	1
1528090249.092799000	49.8293	1412	1
1528090249.092817000	49.8293	245	1
1528090249.111657000	49.8482	87	0
1528090249.222639000	49.9591	412	0
1528090249.226889000	49.9634	106	1
1528090249.231696000	49.9682	80	0
1528090249.235861000	49.9724	100	1
1528090249.314583000	50.0511	322	0
1528090249.316033000	50.0525	148	0
1528090249.318862000	50.0554	103	1
1528090249.319193000	50.0557	92	0
1528090249.320704000	50.0572	187	0
1528090249.322809000	50.0593	103	1
1528090249.493875000	50.2304	390	1
1528090249.493940000	50.2304	315	1
1528090249.515777000	50.2523	87	0
1528090249.823257000	50.5598	235	0
1528090249.824746000	50.5612	148	0
1528090249.826901000	50.5634	106	1
1528090249.830826000	50.5673	92	0
1528090249.832344000	50.5688	270	0
1528090249.834890000	50.5714	103	1
1528090251.202638000	51.9391	394	1
1528090251.202727000	51.9392	264	1
1528090251.223117000	51.9596	87	0
1528090251.521741000	52.2582	255	0
1528090251.523184000	52.2597	148	0
1528090251.524643000	52.2611	92	0
1528090251.525924000	52.2624	109	1
1528090251.526100000	52.2626	179	0
1528090251.529904000	52.2664	100	1
1528090251.649337000	52.3858	393	1
1528090251.649428000	52.3859	272	1
1528090251.669526000	52.406	87	0
1528090251.822823000	52.5593	254	0
1528090251.824331000	52.5608	148	0
1528090251.826929000	52.5634	106	1
1528090251.828950000	52.5654	92	0
1528090251.830407000	52.5669	134	0
1528090251.832896000	52.5694	103	1
1528090252.067586000	52.8041	1005	1
1528090252.067676000	52.8042	270	1
1528090252.098382000	52.8349	87	0
1528090252.415424000	53.1519	401	0
1528090252.416919000	53.1534	148	0
1528090252.418946000	53.1554	106	1
1528090252.420150000	53.1566	92	0
1528090252.421771000	53.1583	117	0
1528090252.423978000	53.1605	103	1
1528090252.509556000	53.2461	403	1
1528090252.509641000	53.2461	270	1
1528090252.528031000	53.2645	87	0
1528090252.653614000	53.3901	233	0
1528090252.654983000	53.3915	148	0
1528090252.657992000	53.3945	106	1
1528090252.667571000	53.4041	92	0
1528090252.669008000	53.4055	231	0
1528090252.671058000	53.4076	103	1
1528090252.725427000	53.4619	393	1
1528090252.725523000	53.462	263	1
1528090252.747932000	53.4844	87	0
1528090253.073967000	53.8105	282	0
1528090253.075398000	53.8119	148	0
1528090253.078004000	53.8145	106	1
1528090253.078674000	53.8152	92	0
1528090253.080135000	53.8166	161	0
1528090253.081991000	53.8185	103	1
1528090253.146926000	53.8834	371	1
1528090253.147042000	53.8835	1412	1
1528090253.147079000	53.8836	1412	1
1528090253.147108000	53.8836	1412	1
1528090253.147144000	53.8836	545	1
1528090253.167693000	53.9042	87	0
1528090253.337239000	54.0737	767	1
1528090253.337295000	54.0738	266	1
1528090253.355291000	54.0918	87	0
1528090253.461159000	54.1977	399	0
1528090253.465136000	54.2016	106	1
1528090253.470109000	54.2066	80	0
1528090253.474040000	54.2105	100	1
1528090253.488834000	54.2253	232	0
1528090253.490253000	54.2267	148	0
1528090253.493089000	54.2296	103	1
1528090253.493311000	54.2298	92	0
1528090253.494779000	54.2313	145	0
1528090253.497137000	54.2336	103	1
1528090253.809303000	54.5458	389	1
1528090253.809364000	54.5459	260	1
1528090253.828806000	54.5653	87	0
1528090254.162772000	54.8993	255	0
1528090254.164150000	54.9006	148	0
1528090254.166301000	54.9028	92	0
1528090254.167151000	54.9036	109	1
1528090254.167851000	54.9043	236	0
1528090254.171115000	54.9076	100	1
1528090254.250161000	54.9867	534	1
1528090254.250234000	54.9867	377	1
1528090254.269103000	55.0056	87	0
1528090254.395345000	55.1318	233	0
1528090254.396853000	55.1333	148	0
1528090254.399105000	55.1356	92	0
1528090254.399152000	55.1356	106	1
1528090254.400624000	55.1371	157	0
1528090254.403127000	55.1396	103	1
1528090254.497634000	55.2341	393	1
1528090254.497699000	55.2342	315	1
1528090254.526475000	55.263	87	0
1528090254.645612000	55.3821	233	0
1528090254.647054000	55.3835	148	0
1528090254.649153000	55.3856	106	1
1528090254.649897000	55.3864	92	0
1528090254.651404000	55.3879	113	0
1528090254.653146000	55.3896	103	1
1528090254.990527000	55.727	390	1
1528090254.990586000	55.7271	377	1
1528090255.011841000	55.7483	87	0
1528090255.146733000	55.8832	255	0
1528090255.148129000	55.8846	148	0
1528090255.150158000	55.8867	106	1
1528090255.151383000	55.8879	92	0
1528090255.152855000	55.8893	306	0
1528090255.155117000	55.8916	103	1
1528090255.194129000	55.9306	92	0
1528090255.198141000	55.9346	100	1
1528090260.017171000	60.7537	392	1
1528090260.017237000	60.7537	259	1
1528090260.036398000	60.7729	87	0
1528090260.040882000	60.7774	87	0
1528090260.181602000	60.9181	255	0
1528090260.183043000	60.9195	148	0
1528090260.185472000	60.922	109	1
1528090260.193504000	60.93	92	0
1528090260.194978000	60.9315	237	0
1528090260.197415000	60.9339	103	1
1528090260.271634000	61.0081	392	1
1528090260.271718000	61.0082	258	1
1528090260.290350000	61.0268	87	0
1528090260.407452000	61.1439	314	0
1528090260.408900000	61.1454	148	0
1528090260.411406000	61.1479	92	0
1528090260.411495000	61.148	106	1
1528090260.412885000	61.1494	188	0
1528090260.415434000	61.1519	103	1
1528090261.178881000	61.9154	389	1
1528090261.178946000	61.9154	377	1
1528090261.198311000	61.9348	87	0
1528090261.522764000	62.2593	259	0
1528090261.524140000	62.2606	148	0
1528090261.526501000	62.263	106	1
1528090261.531572000	62.2681	92	0
1528090261.533032000	62.2695	226	0
1528090261.535496000	62.272	103	1
1528090261.738990000	62.4755	1009	1
1528090261.739064000	62.4756	257	1
1528090261.759979000	62.4965	87	0
1528090261.883145000	62.6196	255	0
1528090261.884551000	62.621	148	0
1528090261.886580000	62.6231	106	1
1528090261.888538000	62.625	92	0
1528090261.889995000	62.6265	231	0
1528090261.892562000	62.6291	103	1
1528090262.170315000	62.9068	402	1
1528090262.170395000	62.9069	258	1
1528090262.189844000	62.9263	87	0
1528090262.313345000	63.0498	401	0
1528090262.314791000	63.0513	148	0
1528090262.317592000	63.0541	106	1
1528090262.320076000	63.0566	92	0
1528090262.321687000	63.0582	124	0
1528090262.323522000	63.06	103	1
1528090262.578808000	63.3153	391	1
1528090262.578874000	63.3154	258	1
1528090262.598933000	63.3354	87	0
1528090262.911610000	63.6481	235	0
1528090262.913060000	63.6496	158	0
1528090262.915558000	63.6521	106	1
1528090262.916099000	63.6526	186	0
1528090262.919590000	63.6561	100	1
1528090263.072616000	63.8091	393	1
1528090263.072705000	63.8092	260	1
1528090263.092162000	63.8287	87	0
1528090263.215223000	63.9517	304	0
1528090263.216724000	63.9532	148	0
1528090263.219655000	63.9561	106	1
1528090263.222613000	63.9591	92	0
1528090263.224075000	63.9606	330	0
1528090263.226650000	63.9631	103	1
1528090263.278557000	64.0151	391	1
1528090263.278651000	64.0151	257	1
1528090263.298571000	64.0351	87	0
1528090263.420041000	64.1565	233	0
1528090263.421639000	64.1581	148	0
1528090263.423654000	64.1601	106	1
1528090263.426541000	64.163	92	0
1528090263.427953000	64.1644	269	0
1528090263.430669000	64.1672	103	1
1528090263.725824000	64.4623	830	1
1528090263.725913000	64.4624	258	1
1528090263.746649000	64.4831	87	0
1528090263.882019000	64.6185	235	0
1528090263.883461000	64.62	148	0
1528090263.885636000	64.6221	106	1
1528090263.890011000	64.6265	92	0
1528090263.891541000	64.628	131	0
1528090263.893626000	64.6301	103	1
1528090264.096814000	64.8333	531	1
1528090264.096871000	64.8334	258	1
1528090264.117403000	64.8539	87	0
1528090264.231624000	64.9681	256	0
1528090264.233067000	64.9696	148	0
1528090264.235704000	64.9722	106	1
1528090264.235904000	64.9724	92	0
1528090264.237304000	64.9738	315	0
1528090264.239627000	64.9761	103	1
1528090264.447989000	65.1845	390	1
1528090264.448083000	65.1846	257	1
1528090264.466671000	65.2032	87	0
1528090264.589891000	65.3264	233	0
1528090264.591440000	65.3279	148	0
1528090264.592886000	65.3294	92	0
1528090264.593723000	65.3302	109	1
1528090264.594466000	65.331	100	0
1528090264.598735000	65.3352	100	1
1528090264.634590000	65.3711	370	1
1528090264.634681000	65.3712	1412	1
1528090264.634705000	65.3712	1412	1
1528090264.634728000	65.3712	1412	1
1528090264.634761000	65.3713	547	1
1528090264.656377000	65.3929	87	0
1528090264.663625000	65.4001	87	0
1528090264.745918000	65.4824	341	1
1528090264.746014000	65.4825	260	1
1528090264.767262000	65.5038	402	0
1528090264.770736000	65.5072	100	1
1528090264.774843000	65.5113	80	0
1528090264.778722000	65.5152	100	1
1528090264.884548000	65.621	243	0
1528090264.886057000	65.6226	148	0
1528090264.888751000	65.6252	103	1
1528090264.890818000	65.6273	92	0
1528090264.892346000	65.6288	126	0
1528090264.894726000	65.6312	103	1
1528090265.112040000	65.8485	389	1
1528090265.112130000	65.8486	260	1
1528090265.132131000	65.8686	87	0
1528090265.254547000	65.991	258	0
1528090265.255977000	65.9925	148	0
1528090265.258724000	65.9952	106	1
1528090265.259032000	65.9955	92	0
1528090265.260523000	65.997	137	0
1528090265.262689000	65.9992	103	1
1528090265.447981000	66.1845	393	1
1528090265.448046000	66.1845	258	1
1528090265.477231000	66.2137	87	0
1528090265.483742000	66.2202	87	0
1528090265.780891000	66.5174	233	0
1528090265.782401000	66.5189	148	0
1528090265.784789000	66.5213	109	1
1528090265.785761000	66.5223	92	0
1528090265.787215000	66.5237	94	0
1528090265.789784000	66.5263	103	1
1528090265.857426000	66.5939	390	1
1528090265.857512000	66.594	257	1
1528090265.878444000	66.6149	87	0
1528090265.884841000	66.6213	87	0
1528090266.001455000	66.7379	312	0
1528090266.002842000	66.7393	148	0
1528090266.005804000	66.7423	109	1
1528090266.006389000	66.7429	92	0
1528090266.007797000	66.7443	281	0
1528090266.009728000	66.7462	103	1
1528090266.063842000	66.8003	1006	1
1528090266.063928000	66.8004	257	1
1528090266.087029000	66.8235	87	0
1528090266.092084000	66.8286	87	0
1528090266.204359000	66.9409	256	0
1528090266.205797000	66.9423	148	0
1528090266.207819000	66.9443	109	1
1528090266.210781000	66.9473	92	0
1528090266.213785000	66.9503	260	0
1528090266.214751000	66.9512	103	1
1528090266.550985000	67.2875	402	1
1528090266.551079000	67.2876	258	1
1528090266.569754000	67.3062	87	0
1528090266.689392000	67.4259	255	0
1528090266.690824000	67.4273	148	0
1528090266.692815000	67.4293	106	1
1528090266.694559000	67.4311	92	0
1528090266.696010000	67.4325	220	0
1528090266.697877000	67.4344	103	1
1528090266.886194000	67.6227	393	1
1528090266.886260000	67.6228	259	1
1528090266.905745000	67.6422	87	0
1528090267.029002000	67.7655	378	0
1528090267.030435000	67.7669	148	0
1528090267.032869000	67.7694	106	1
1528090267.035384000	67.7719	92	0
1528090267.036792000	67.7733	129	0
1528090267.038799000	67.7753	103	1
1528090267.374148000	68.1106	390	1
1528090267.374236000	68.1107	258	1
1528090267.392449000	68.1289	87	0
1528090267.525070000	68.2616	256	0
1528090267.526525000	68.263	148	0
1528090267.528916000	68.2654	106	1
1528090267.530309000	68.2668	92	0
1528090267.531870000	68.2684	181	0
1528090267.533879000	68.2704	103	1
1528090267.690176000	68.4267	390	1
1528090267.690230000	68.4267	257	1
1528090267.720130000	68.4566	87	0
1528090267.954085000	68.6906	278	0
1528090267.955537000	68.692	148	0
1528090267.957862000	68.6944	106	1
1528090267.961565000	68.6981	92	0
1528090267.962975000	68.6995	136	0
1528090267.964924000	68.7014	103	1
1528090268.149884000	68.8864	833	1
1528090268.149958000	68.8865	262	1
1528090268.173318000	68.9098	87	0
1528090268.432713000	69.1692	444	1
1528090268.432803000	69.1693	1412	1
1528090268.432841000	69.1693	1412	1
1528090268.432876000	69.1694	1137	1
1528090268.452678000	69.1892	87	0
1528090268.468234000	69.2047	258	0
1528090268.469720000	69.2062	148	0
1528090268.471946000	69.2084	109	1
1528090268.472918000	69.2094	92	0
1528090268.474373000	69.2109	114	0
1528090268.476948000	69.2134	103	1
1528090268.586150000	69.3226	386	0
1528090268.589958000	69.3265	100	1
1528090268.593607000	69.3301	80	0
1528090268.596951000	69.3334	100	1
1528090268.755300000	69.4918	390	1
1528090268.755361000	69.4919	259	1
1528090268.775675000	69.5122	87	0
1528090268.894734000	69.6312	235	0
1528090268.896133000	69.6326	148	0
1528090268.898970000	69.6355	106	1
1528090268.900444000	69.6369	92	0
1528090268.901938000	69.6384	262	0
1528090268.903969000	69.6405	103	1
1528090268.979493000	69.716	393	1
1528090268.979559000	69.7161	260	1
1528090268.998132000	69.7346	87	0
1528090269.123953000	69.8604	235	0
1528090269.125430000	69.8619	148	0
1528090269.127385000	69.8639	92	0
1528090269.127976000	69.8645	109	1
1528090269.128858000	69.8654	150	0
1528090269.132997000	69.8695	100	1
1528090269.395579000	70.1321	391	1
1528090269.395652000	70.1321	258	1
1528090269.433025000	70.1695	391	1
1528090269.434072000	70.1706	87	0
1528090269.454783000	70.1913	87	0
1528090269.462437000	70.1989	87	0
1528090269.741919000	70.4784	256	0
1528090269.743361000	70.4799	148	0
1528090269.745985000	70.4825	112	1
1528090269.749749000	70.4862	92	0
1528090269.751218000	70.4877	267	0
1528090269.753961000	70.4905	103	1
1528090269.971867000	70.7084	389	1
1528090269.971958000	70.7085	260	1
1528090269.991200000	70.7277	87	0
1528090269.996876000	70.7334	87	0
1528090270.117537000	70.854	236	0
1528090270.118973000	70.8555	148	0
1528090270.121051000	70.8575	109	1
1528090270.124148000	70.8606	92	0
1528090270.125669000	70.8622	325	0
1528090270.128031000	70.8645	103	1
1528090270.408392000	71.1449	392	1
1528090270.408452000	71.1449	259	1
1528090270.428772000	71.1653	87	0
1528090270.757369000	71.4939	258	0
1528090270.758924000	71.4954	148	0
1528090270.761080000	71.4976	106	1
1528090270.762301000	71.4988	92	0
1528090270.763760000	71.5003	190	0
1528090270.766069000	71.5026	103	1
1528090270.882076000	71.6186	390	1
1528090270.882167000	71.6187	260	1
1528090270.900690000	71.6372	87	0
1528090271.040361000	71.7769	233	0
1528090271.041871000	71.7784	148	0
1528090271.043316000	71.7798	92	0
1528090271.044090000	71.7806	109	1
1528090271.044794000	71.7813	172	0
1528090271.048084000	71.7846	100	1
1528090271.159528000	71.896	1003	1
1528090271.159607000	71.8961	259	1
1528090271.183070000	71.9196	87	0
1528090271.302289000	72.0388	335	0
1528090271.303739000	72.0402	148	0
1528090271.306109000	72.0426	106	1
1528090271.306687000	72.0432	92	0
1528090271.309530000	72.046	335	0
1528090271.310022000	72.0465	103	1
1528090271.432194000	72.1687	383	1
1528090271.432297000	72.1688	1412	1
1528090271.432322000	72.1688	1412	1
1528090271.432345000	72.1688	1412	1
1528090271.432381000	72.1689	1412	1
1528090271.432409000	72.1689	1412	1
1528090271.432459000	72.169	1412	1
1528090271.432490000	72.169	1412	1
1528090271.432526000	72.169	1412	1
1528090271.432560000	72.1691	1412	1
1528090271.432595000	72.1691	1412	1
1528090271.432631000	72.1691	1412	1
1528090271.432665000	72.1692	1412	1
1528090271.432700000	72.1692	1412	1
1528090271.432721000	72.1692	773	1
1528090271.450095000	72.1866	87	0
1528090271.454689000	72.1912	87	0
1528090271.606271000	72.3428	341	1
1528090271.606365000	72.3429	262	1
1528090271.625628000	72.3621	87	0
1528090271.752720000	72.4892	374	0
1528090271.757165000	72.4937	103	1
1528090271.773397000	72.5099	80	0
1528090271.777140000	72.5136	100	1
1528090271.926166000	72.6627	410	0
1528090271.927608000	72.6641	148	0
1528090271.930167000	72.6667	103	1
1528090271.931601000	72.6681	92	0
1528090271.933064000	72.6696	122	0
1528090271.935132000	72.6716	103	1
1528090271.980951000	72.7174	400	0
1528090271.985132000	72.7216	100	1
1528090272.073163000	72.8097	393	1
1528090272.073244000	72.8097	259	1
1528090272.092212000	72.8287	87	0
1528090272.099492000	72.836	87	0
1528090272.404130000	73.1406	301	0
1528090272.405611000	73.1421	148	0
1528090272.408154000	73.1446	109	1
1528090272.409535000	73.146	92	0
1528090272.411054000	73.1475	115	0
1528090272.413152000	73.1496	103	1
1528090273.085056000	73.8216	389	1
1528090273.085122000	73.8216	259	1
1528090273.113107000	73.8496	87	0
1528090273.236722000	73.9732	255	0
1528090273.238139000	73.9746	148	0
1528090273.240813000	73.9773	106	1
1528090273.243505000	73.98	92	0
1528090273.244969000	73.9815	239	0
1528090273.246858000	73.9834	103	1
1528090273.364813000	74.1013	388	1
1528090273.364878000	74.1014	259	1
1528090273.383477000	74.12	87	0
1528090273.691799000	74.4283	235	0
1528090273.693220000	74.4297	148	0
1528090273.695835000	74.4323	106	1
1528090273.696819000	74.4333	92	0
1528090273.698339000	74.4348	167	0
1528090273.700823000	74.4373	103	1
1528090273.795111000	74.5316	835	1
1528090273.795202000	74.5317	261	1
1528090273.816449000	74.5529	87	0
1528090273.939135000	74.6756	235	0
1528090273.940634000	74.6771	148	0
1528090273.942848000	74.6793	106	1
1528090273.946819000	74.6833	92	0
1528090273.948343000	74.6848	196	0
1528090273.950838000	74.6873	103	1
1528090274.224990000	74.9615	532	1
1528090274.225084000	74.9616	261	1
1528090274.247024000	74.9835	87	0
1528090274.555476000	75.292	258	0
1528090274.556855000	75.2933	148	0
1528090274.559886000	75.2964	106	1
1528090274.561125000	75.2976	92	0
1528090274.562584000	75.2991	98	0
1528090274.564874000	75.3014	103	1
1528090274.663175000	75.3997	390	1
1528090274.663252000	75.3997	261	1
1528090274.683658000	75.4202	87	0
1528090274.802771000	75.5393	233	0
1528090274.804164000	75.5407	148	0
1528090274.806904000	75.5434	106	1
1528090274.808032000	75.5445	92	0
1528090274.809497000	75.546	322	0
1528090274.811888000	75.5484	103	1
1528090275.118112000	75.8546	394	1
1528090275.118172000	75.8547	223	1
1528090275.137132000	75.8736	87	0
1528090275.260300000	75.9968	256	0
1528090275.261816000	75.9983	148	0
1528090275.263928000	76.0004	106	1
1528090275.266122000	76.0026	92	0
1528090275.267609000	76.0041	119	0
1528090275.269915000	76.0064	103	1
1528090275.613969000	76.3505	394	1
1528090275.614060000	76.3506	255	1
1528090275.633104000	76.3696	87	0
1528090275.772550000	76.509	233	0
1528090275.773928000	76.5104	148	0
1528090275.776956000	76.5135	106	1
1528090275.782611000	76.5191	92	0
1528090275.784125000	76.5206	284	0
1528090275.785896000	76.5224	103	1
1528090276.331562000	77.0681	390	1
1528090276.331628000	77.0681	255	1
1528090276.351118000	77.0876	87	0
1528090276.472919000	77.2094	256	0
1528090276.474354000	77.2108	148	0
1528090276.476811000	77.2133	92	0
1528090276.476961000	77.2135	109	1
1528090276.478347000	77.2148	331	0
1528090276.481943000	77.2184	100	1
1528090276.550184000	77.2867	393	1
1528090276.550276000	77.2868	565	1
1528090276.569893000	77.3064	87	0
1528090276.686754000	77.4232	235	0
1528090276.688227000	77.4247	148	0
1528090276.691004000	77.4275	106	1
1528090276.691431000	77.4279	92	0
1528090276.692975000	77.4295	246	0
1528090276.694997000	77.4315	103	1
1528090279.406263000	80.1428	1008	1
1528090279.406349000	80.1428	262	1
1528090279.426363000	80.1629	87	0
1528090279.555605000	80.2921	337	0
1528090279.557137000	80.2936	148	0
1528090279.559596000	80.2961	106	1
1528090279.560297000	80.2968	92	0
1528090279.561817000	80.2983	216	0
1528090279.564559000	80.3011	103	1
1528090279.902372000	80.6389	403	1
1528090279.902458000	80.639	262	1
1528090279.921834000	80.6583	87	0
1528090280.239617000	80.9761	256	0
1528090280.241115000	80.9776	148	0
1528090280.243569000	80.9801	106	1
1528090280.244431000	80.9809	92	0
1528090280.245865000	80.9824	113	0
1528090280.248528000	80.985	103	1
1528090280.311239000	81.0477	393	1
1528090280.311317000	81.0478	268	1
1528090280.330404000	81.0669	87	0
1528090280.473924000	81.2104	233	0
1528090280.475387000	81.2119	148	0
1528090280.477561000	81.2141	106	1
1528090280.480204000	81.2167	92	0
1528090280.481795000	81.2183	105	0
1528090280.483649000	81.2201	103	1
1528090280.529256000	81.2658	394	1
1528090280.529319000	81.2658	264	1
1528090280.550142000	81.2866	87	0
1528090280.679879000	81.4164	398	0
1528090280.681451000	81.4179	148	0
1528090280.683635000	81.4201	106	1
1528090280.685388000	81.4219	92	0
1528090280.686829000	81.4233	141	0
1528090280.688569000	81.4251	103	1
1528090280.893154000	81.6296	810	1
1528090280.893248000	81.6297	1412	1
1528090280.893274000	81.6298	1412	1
1528090280.893297000	81.6298	1412	1
1528090280.893336000	81.6298	835	1
1528090280.916678000	81.6532	87	0
1528090280.948863000	81.6854	467	1
1528090280.948958000	81.6855	269	1
1528090280.984707000	81.7212	467	1
1528090280.995622000	81.7321	87	0
1528090281.008000000	81.7445	87	0
1528090281.024497000	81.761	435	0
1528090281.028685000	81.7652	109	1
1528090281.033039000	81.7695	80	0
1528090281.036593000	81.7731	100	1
1528090281.133796000	81.8703	266	0
1528090281.135177000	81.8717	148	0
1528090281.137659000	81.8742	103	1
1528090281.139452000	81.8759	92	0
1528090281.140912000	81.8774	197	0
1528090281.143585000	81.8801	103	1
1528090281.366381000	82.1029	389	1
1528090281.366503000	82.103	268	1
1528090281.386336000	82.1228	87	0
1528090281.522972000	82.2595	233	0
1528090281.524405000	82.2609	148	0
1528090281.526639000	82.2631	106	1
1528090281.528367000	82.2649	92	0
1528090281.529806000	82.2663	278	0
1528090281.532691000	82.2692	103	1
1528090281.824867000	82.5614	394	1
1528090281.824927000	82.5614	267	1
1528090281.844338000	82.5808	87	0
1528090281.968936000	82.7054	232	0
1528090281.970452000	82.7069	148	0
1528090281.972708000	82.7092	106	1
1528090281.975144000	82.7116	92	0
1528090281.976662000	82.7132	282	0
1528090281.978810000	82.7153	103	1
1528090282.255013000	82.9915	393	1
1528090282.255094000	82.9916	223	1
1528090282.275899000	83.0124	87	0
1528090282.394847000	83.1313	259	0
1528090282.396304000	83.1328	148	0
1528090282.398729000	83.1352	106	1
1528090282.401382000	83.1379	92	0
1528090282.402782000	83.1393	268	0
1528090282.404723000	83.1412	103	1
1528090282.675984000	83.4125	395	1
1528090282.676045000	83.4125	255	1
1528090282.713752000	83.4502	395	1
1528090282.726931000	83.4634	87	0
1528090282.733474000	83.47	87	0
1528090282.843599000	83.5801	235	0
1528090282.845035000	83.5815	148	0
1528090282.847757000	83.5843	109	1
1528090282.848828000	83.5853	92	0
1528090282.850285000	83.5868	289	0
1528090282.852758000	83.5893	103	1
1528090285.702010000	86.4385	371	1
1528090285.702093000	86.4386	1412	1
1528090285.702118000	86.4386	1412	1
1528090285.702140000	86.4386	1412	1
1528090285.702180000	86.4387	1090	1
1528090285.722761000	86.4593	87	0
1528090285.830692000	86.5672	398	0
1528090285.834506000	86.571	103	1
1528090285.839628000	86.5761	80	0
1528090285.843510000	86.58	100	1
1528090285.901527000	86.638	1006	1
1528090285.901613000	86.6381	259	1
1528090285.935140000	86.6716	87	0
1528090286.094194000	86.8307	233	0
1528090286.095688000	86.8322	148	0
1528090286.098517000	86.835	106	1
1528090286.100449000	86.8369	92	0
1528090286.101973000	86.8385	231	0
1528090286.104463000	86.841	103	1
1528090286.166705000	86.9032	406	1
1528090286.166763000	86.9033	261	1
1528090286.186998000	86.9235	87	0
1528090286.335911000	87.0724	335	0
1528090286.337437000	87.0739	148	0
1528090286.339524000	87.076	106	1
1528090286.344497000	87.081	92	0
1528090286.345997000	87.0825	135	0
1528090286.348532000	87.085	103	1
1528090286.430613000	87.1671	389	1
1528090286.430677000	87.1672	259	1
1528090286.451756000	87.1883	87	0
1528090286.571969000	87.3085	233	0
1528090286.573407000	87.3099	148	0
1528090286.575512000	87.312	106	1
1528090286.578112000	87.3146	92	0
1528090286.580791000	87.3173	94	0
1528090286.581490000	87.318	103	1
1528090286.766472000	87.503	393	1
1528090286.766565000	87.5031	260	1
1528090286.788379000	87.5249	87	0
1528090286.791526000	87.528	87	0
1528090286.913531000	87.65	236	0
1528090286.915043000	87.6515	148	0
1528090286.917563000	87.6541	109	1
1528090286.918123000	87.6546	92	0
1528090286.919532000	87.656	271	0
1528090286.921553000	87.658	103	1
1528090287.245755000	87.9822	391	1
1528090287.245841000	87.9823	259	1
1528090287.281983000	88.0185	87	0
1528090287.414517000	88.151	258	0
1528090287.415957000	88.1525	148	0
1528090287.418603000	88.1551	106	1
1528090287.421990000	88.1585	92	0
1528090287.423457000	88.16	239	0
1528090287.425583000	88.1621	103	1
1528090287.705871000	88.4424	830	1
1528090287.705931000	88.4424	260	1
1528090287.725898000	88.4624	87	0
1528090287.848509000	88.585	398	0
1528090287.850004000	88.5865	148	0
1528090287.852624000	88.5891	106	1
1528090287.855282000	88.5918	92	0
1528090287.856778000	88.5933	262	0
1528090287.858607000	88.5951	103	1
1528090288.126884000	88.8634	531	1
1528090288.126952000	88.8634	261	1
1528090288.154343000	88.8908	87	0
1528090288.159744000	88.8962	87	0
1528090288.288078000	89.0246	304	0
1528090288.289523000	89.026	148	0
1528090288.291651000	89.0281	109	1
1528090288.296179000	89.0327	92	0
1528090288.297638000	89.0341	137	0
1528090288.299629000	89.0361	103	1
1528090288.395628000	89.1321	391	1
1528090288.395721000	89.1322	259	1
1528090288.414811000	89.1513	87	0
1528090288.535142000	89.2716	233	0
1528090288.536593000	89.2731	148	0
1528090288.538657000	89.2752	106	1
1528090288.539078000	89.2756	92	0
1528090288.540538000	89.277	129	0
1528090288.542645000	89.2791	103	1
1528090288.579965000	89.3165	92	0
1528090288.583644000	89.3201	100	1
1528090288.619053000	89.3555	82	0
1528090288.622665000	89.3592	100	1
1528090288.685737000	89.4222	389	1
1528090288.685806000	89.4223	259	1
1528090288.705160000	89.4417	87	0
1528090288.826754000	89.5632	232	0
1528090288.828150000	89.5646	148	0
1528090288.830670000	89.5672	106	1
1528090288.833040000	89.5695	92	0
1528090288.834501000	89.571	145	0
1528090288.836677000	89.5732	103	1
1528090289.140105000	89.8766	389	1
1528090289.140167000	89.8767	260	1
1528090289.160802000	89.8973	87	0
1528090289.318315000	90.0548	256	0
1528090289.319697000	90.0562	148	0
1528090289.322665000	90.0592	92	0
1528090289.322703000	90.0592	106	1
1528090289.324132000	90.0606	100	0
1528090289.326698000	90.0632	103	1
1528090289.437314000	90.1738	394	1
1528090289.437379000	90.1739	262	1
1528090289.456183000	90.1927	87	0
1528090289.580571000	90.3171	235	0
1528090289.582074000	90.3186	148	0
1528090289.584660000	90.3212	106	1
1528090289.586849000	90.3233	92	0
1528090289.588303000	90.3248	303	0
1528090289.590677000	90.3272	103	1
1528090289.788004000	90.5245	390	1
1528090289.788093000	90.5246	259	1
1528090289.806556000	90.5431	87	0
1528090289.816555000	90.553	87	0
1528090289.939494000	90.676	236	0
1528090289.940998000	90.6775	148	0
1528090289.943733000	90.6802	109	1
1528090289.944333000	90.6808	92	0
1528090289.945730000	90.6822	270	0
1528090289.947750000	90.6842	103	1
1528090290.206118000	90.9426	391	1
1528090290.206213000	90.9427	260	1
1528090290.228641000	90.9651	87	0
1528090290.244126000	90.9806	87	0
1528090290.349163000	91.0857	255	0
1528090290.350666000	91.0872	148	0
1528090290.352770000	91.0893	109	1
1528090290.355938000	91.0924	92	0
1528090290.358853000	91.0953	197	0
1528090290.359686000	91.0962	103	1
1528090290.616324000	91.3528	1006	1
1528090290.616415000	91.3529	263	1
1528090290.635064000	91.3716	87	0
1528090290.758887000	91.4954	235	0
1528090290.760334000	91.4968	148	0
1528090290.762781000	91.4993	106	1
1528090290.765023000	91.5015	92	0
1528090290.766484000	91.503	309	0
1528090290.768773000	91.5053	103	1
1528090291.055985000	91.7925	405	1
1528090291.056049000	91.7925	259	1
1528090291.075047000	91.8115	87	0
1528090291.199761000	91.9363	256	0
1528090291.201223000	91.9377	148	0
1528090291.203836000	91.9403	106	1
1528090291.205802000	91.9423	92	0
1528090291.207286000	91.9438	295	0
1528090291.209800000	91.9463	103	1
1528090291.366085000	92.1026	390	1
1528090291.366148000	92.1026	259	1
1528090291.386960000	92.1235	87	0
1528090291.535112000	92.2716	236	0
1528090291.536607000	92.2731	148	0
1528090291.538829000	92.2753	106	1
1528090291.541432000	92.2779	92	0
1528090291.542857000	92.2794	180	0
1528090291.544816000	92.2813	103	1
1528090291.877115000	92.6136	391	1
1528090291.877207000	92.6137	262	1
1528090291.896830000	92.6333	87	0
1528090292.019306000	92.7558	312	0
1528090292.020785000	92.7573	148	0
1528090292.022856000	92.7594	106	1
1528090292.025234000	92.7617	92	0
1528090292.026740000	92.7632	86	0
1528090292.028845000	92.7653	103	1
1528090292.119385000	92.8559	832	1
1528090292.119464000	92.856	260	1
1528090292.139830000	92.8763	87	0
1528090292.264463000	93.001	256	0
1528090292.265849000	93.0023	148	0
1528090292.268886000	93.0054	106	1
1528090292.271097000	93.0076	92	0
1528090292.272559000	93.0091	212	0
1528090292.274862000	93.0114	103	1
1528090292.569374000	93.3059	530	1
1528090292.569449000	93.3059	260	1
1528090292.588077000	93.3246	87	0
1528090292.915892000	93.6524	233	0
1528090292.917343000	93.6538	148	0
1528090292.919914000	93.6564	106	1
1528090292.921853000	93.6583	92	0
1528090292.923316000	93.6598	164	0
1528090292.925896000	93.6624	103	1
1528090292.977016000	93.7135	393	1
1528090292.977110000	93.7136	261	1
1528090292.997446000	93.7339	87	0
1528090293.126459000	93.863	233	0
1528090293.127889000	93.8644	148	0
1528090293.129920000	93.8664	106	1
1528090293.131290000	93.8678	92	0
1528090293.132755000	93.8692	289	0
1528090293.134907000	93.8714	103	1
1528090293.276971000	94.0135	389	1
1528090293.277062000	94.0136	259	1
1528090293.297895000	94.0344	87	0
1528090293.306131000	94.0426	87	0
1528090293.425073000	94.1616	423	0
1528090293.426521000	94.163	148	0
1528090293.428932000	94.1654	109	1
1528090293.429153000	94.1656	92	0
1528090293.430664000	94.1672	224	0
1528090293.432921000	94.1694	103	1
1528090293.545942000	94.2824	390	1
1528090293.546006000	94.2825	259	1
1528090293.564971000	94.3015	87	0
1528090293.714974000	94.4515	281	0
1528090293.716495000	94.453	148	0
1528090293.718950000	94.4554	106	1
1528090293.722286000	94.4588	92	0
1528090293.723882000	94.4604	245	0
1528090293.725970000	94.4625	103	1
1528090293.826972000	94.5635	390	1
1528090293.827034000	94.5635	259	1
1528090293.847176000	94.5837	87	0
1528090293.857132000	94.5936	87	0
1528090293.974153000	94.7106	233	0
1528090293.975629000	94.7121	148	0
1528090293.977983000	94.7145	109	1
1528090293.983806000	94.7203	92	0
1528090293.986722000	94.7232	134	0
1528090293.987900000	94.7244	103	1
1528090294.329257000	95.0658	394	1
1528090294.329315000	95.0658	262	1
1528090294.352101000	95.0886	87	0
1528090294.660390000	95.3969	256	0
1528090294.661902000	95.3984	148	0
1528090294.663943000	95.4004	106	1
1528090294.665521000	95.402	92	0
1528090294.666978000	95.4035	269	0
1528090294.669002000	95.4055	103	1
1528090294.759451000	95.4959	389	1
1528090294.759517000	95.496	260	1
1528090294.779883000	95.5164	87	0
1528090294.797603000	95.5341	87	0
1528090294.950137000	95.6866	233	0
1528090294.951655000	95.6881	148	0
1528090294.954025000	95.6905	109	1
1528090294.959749000	95.6962	92	0
1528090294.961223000	95.6977	164	0
1528090294.963081000	95.6996	103	1
1528090295.339219000	96.0757	1003	1
1528090295.339312000	96.0758	260	1
1528090295.358598000	96.0951	87	0
1528090295.481534000	96.218	256	0
1528090295.483026000	96.2195	148	0
1528090295.485055000	96.2215	106	1
1528090295.488023000	96.2245	92	0
1528090295.489549000	96.226	154	0
1528090295.492051000	96.2285	103	1
1528090295.557311000	96.2938	401	1
1528090295.557401000	96.2939	260	1
1528090295.579392000	96.3159	87	0
1528090295.702174000	96.4387	232	0
1528090295.703698000	96.4402	148	0
1528090295.706060000	96.4426	106	1
1528090295.710417000	96.4469	92	0
1528090295.711953000	96.4484	322	0
1528090295.714057000	96.4506	103	1
1528090296.066356000	96.8029	388	1
1528090296.066450000	96.8029	261	1
1528090296.087191000	96.8237	87	0
1528090296.384971000	97.1215	256	0
1528090296.386346000	97.1228	148	0
1528090296.389104000	97.1256	106	1
1528090296.390237000	97.1267	92	0
1528090296.391803000	97.1283	137	0
1528090296.394092000	97.1306	103	1
1528090296.528336000	97.2648	390	1
1528090296.528433000	97.2649	260	1
1528090296.546703000	97.2832	87	0
1528090296.678003000	97.4145	232	0
1528090296.679450000	97.4159	148	0
1528090296.682119000	97.4186	106	1
1528090296.684366000	97.4209	92	0
1528090296.685823000	97.4223	318	0
1528090296.688119000	97.4246	103	1
1528090297.029387000	97.7659	388	1
1528090297.029452000	97.7659	262	1
1528090297.050870000	97.7874	87	0
1528090297.196050000	97.9325	256	0
1528090297.197482000	97.934	148	0
1528090297.200150000	97.9366	106	1
1528090297.200833000	97.9373	92	0
1528090297.202286000	97.9388	234	0
1528090297.204213000	97.9407	103	1
1528090297.331040000	98.0675	833	1
1528090297.331118000	98.0676	260	1
1528090297.349888000	98.0864	87	0
1528090297.482993000	98.2195	233	0
1528090297.484442000	98.2209	148	0
1528090297.487181000	98.2237	106	1
1528090297.489433000	98.2259	92	0
1528090297.490959000	98.2275	265	0
1528090297.493154000	98.2296	103	1
1528090297.749259000	98.4858	530	1
1528090297.749326000	98.4858	261	1
1528090297.769267000	98.5058	87	0
1528090297.774150000	98.5106	87	0
1528090297.892062000	98.6286	314	0
1528090297.893511000	98.63	148	0
1528090297.896168000	98.6327	109	1
1528090297.897606000	98.6341	92	0
1528090297.899067000	98.6356	245	0
1528090297.901151000	98.6376	103	1
1528090298.229523000	98.966	391	1
1528090298.229605000	98.9661	260	1
1528090298.247976000	98.9845	87	0
1528090298.253118000	98.9896	87	0
1528090298.414711000	99.1512	260	0
1528090298.416138000	99.1526	148	0
1528090298.418164000	99.1547	109	1
1528090298.420599000	99.1571	92	0
1528090298.422136000	99.1586	130	0
1528090298.424183000	99.1607	103	1
1528090298.519081000	99.2556	396	1
1528090298.519215000	99.2557	259	1
1528090298.549046000	99.2855	87	0
1528090298.679143000	99.4156	233	0
1528090298.680585000	99.4171	148	0
1528090298.683182000	99.4197	106	1
1528090298.685440000	99.4219	92	0
1528090298.688378000	99.4249	171	0
1528090298.689164000	99.4257	103	1
1528090298.726142000	99.4626	92	0
1528090298.730174000	99.4667	100	1
1528090298.739472000	99.476	390	1
1528090298.739562000	99.4761	259	1
1528090298.760646000	99.4971	87	0
1528090298.883039000	99.6195	235	0
1528090298.884484000	99.621	148	0
1528090298.887196000	99.6237	106	1
1528090298.892051000	99.6285	92	0
1528090298.895148000	99.6316	124	0
1528090298.896184000	99.6327	103	1
1528090299.209548000	99.946	395	1
1528090299.209638000	99.9461	255	1
1528090299.228041000	99.9645	87	0
1528090299.447687000	100.184	421	0
1528090299.449142000	100.186	148	0
1528090299.451240000	100.188	106	1
1528090299.456629000	100.193	92	0
1528090299.458083000	100.195	172	0
1528090299.460246000	100.197	103	1
1528090299.689319000	100.426	390	1
1528090299.689412000	100.426	255	1
1528090299.707985000	100.444	87	0
1528090299.847000000	100.583	279	0
1528090299.848433000	100.585	148	0
1528090299.851267000	100.588	106	1
1528090299.853064000	100.59	92	0
1528090299.854523000	100.591	152	0
1528090299.857264000	100.594	103	1
1528090300.513737000	101.25	389	1
1528090300.513798000	101.25	259	1
1528090300.533134000	101.27	87	0
1528090300.657436000	101.394	258	0
1528090300.658873000	101.395	148	0
1528090300.661538000	101.398	106	1
1528090300.665451000	101.402	92	0
1528090300.666902000	101.403	162	0
1528090300.669546000	101.406	103	1
1528090300.807926000	101.544	1007	1
1528090300.807984000	101.544	261	1
1528090300.823512000	101.56	100	0
1528090300.827538000	101.564	100	1
1528090300.827549000	101.564	87	0
1528090300.950045000	101.687	232	0
1528090300.951551000	101.688	148	0
1528090300.953487000	101.69	106	1
1528090300.955362000	101.692	92	0
1528090300.956875000	101.693	100	0
1528090300.959471000	101.696	103	1
1528090301.303834000	102.04	401	1
1528090301.303893000	102.04	259	1
1528090301.323820000	102.06	87	0
1528090301.463451000	102.2	256	0
1528090301.464888000	102.201	148	0
1528090301.467583000	102.204	106	1
1528090301.468474000	102.205	92	0
1528090301.469930000	102.206	113	0
1528090301.472573000	102.209	103	1
1528090301.540686000	102.277	389	1
1528090301.540777000	102.277	259	1
1528090301.559201000	102.296	87	0
1528090301.680019000	102.417	235	0
1528090301.681537000	102.418	148	0
1528090301.683587000	102.42	106	1
1528090301.684044000	102.421	92	0
1528090301.685506000	102.422	176	0
1528090301.687583000	102.424	103	1
1528090301.799652000	102.536	390	1
1528090301.799715000	102.536	259	1
1528090301.819600000	102.556	87	0
1528090301.938497000	102.675	235	0
1528090301.939939000	102.676	148	0
1528090301.942608000	102.679	106	1
1528090301.944394000	102.681	92	0
1528090301.945853000	102.682	183	0
1528090301.948602000	102.685	103	1
1528090302.291367000	103.028	834	1
1528090302.291428000	103.028	262	1
1528090302.313926000	103.05	87	0
1528090302.434632000	103.171	258	0
1528090302.436143000	103.173	148	0
1528090302.438663000	103.175	106	1
1528090302.449536000	103.186	92	0
1528090302.451056000	103.188	323	0
1528090302.453634000	103.19	103	1
1528090302.559577000	103.296	532	1
1528090302.559639000	103.296	259	1
1528090302.579370000	103.316	87	0
1528090302.701953000	103.438	236	0
1528090302.703481000	103.44	148	0
1528090302.705595000	103.442	106	1
1528090302.707801000	103.444	92	0
1528090302.709240000	103.446	321	0
1528090302.711610000	103.448	103	1
1528090303.450050000	104.187	394	1
1528090303.450111000	104.187	264	1
1528090303.470512000	104.207	87	0
1528090303.585703000	104.322	256	0
1528090303.587165000	104.324	148	0
1528090303.589698000	104.326	106	1
1528090303.590065000	104.327	92	0
1528090303.591665000	104.328	191	0
1528090303.593716000	104.33	103	1
1528090303.868827000	104.605	392	1
1528090303.868901000	104.605	259	1
1528090303.887487000	104.624	87	0
1528090304.002889000	104.739	235	0
1528090304.004328000	104.741	148	0
1528090304.006726000	104.743	106	1
1528090304.008285000	104.745	92	0
1528090304.009899000	104.746	297	0
1528090304.011720000	104.748	103	1
1528090304.128783000	104.865	391	1
1528090304.128844000	104.865	261	1
1528090304.147325000	104.884	87	0
1528090304.269884000	105.006	337	0
1528090304.271470000	105.008	148	0
1528090304.273707000	105.01	92	0
1528090304.273759000	105.01	106	1
1528090304.275146000	105.012	116	0
1528090304.277730000	105.014	103	1
1528090304.568874000	105.305	393	1
1528090304.568961000	105.305	260	1
1528090304.590609000	105.327	87	0
1528090304.597478000	105.334	87	0
1528090304.727548000	105.464	232	0
1528090304.729013000	105.466	148	0
1528090304.731728000	105.468	92	0
1528090304.731813000	105.468	109	1
1528090304.733143000	105.47	160	0
1528090304.735768000	105.472	103	1
1528090304.979839000	105.716	369	1
1528090304.979944000	105.716	1412	1
1528090304.979980000	105.716	1412	1
1528090304.980009000	105.717	1412	1
1528090304.980041000	105.717	771	1
1528090305.000409000	105.737	87	0
1528090305.007203000	105.744	87	0
1528090305.049900000	105.786	341	1
1528090305.049964000	105.786	261	1
1528090305.070992000	105.807	87	0
1528090305.128067000	105.865	416	0
1528090305.131718000	105.868	103	1
1528090305.138107000	105.875	80	0
1528090305.141748000	105.878	100	1
1528090305.192694000	105.929	456	0
1528090305.194123000	105.931	148	0
1528090305.196808000	105.933	103	1
1528090305.198131000	105.935	92	0
1528090305.199620000	105.936	101	0
1528090305.201802000	105.938	103	1
1528090305.342062000	106.079	394	1
1528090305.342140000	106.079	317	1
1528090305.370750000	106.107	87	0
1528090305.374757000	106.111	87	0
1528090305.504964000	106.241	235	0
1528090305.506408000	106.243	148	0
1528090305.508470000	106.245	92	0
1528090305.508816000	106.245	112	1
1528090305.509956000	106.246	269	0
1528090305.513823000	106.25	100	1
1528090305.860322000	106.597	1006	1
1528090305.860387000	106.597	379	1
1528090305.881170000	106.618	87	0
1528090305.993811000	106.73	233	0
1528090305.995330000	106.732	148	0
1528090305.997860000	106.734	106	1
1528090305.998757000	106.735	92	0
1528090306.000157000	106.737	148	0
1528090306.002806000	106.739	103	1
1528090306.139934000	106.876	405	1
1528090306.140029000	106.877	255	1
1528090306.158939000	106.895	87	0
1528090306.286756000	107.023	256	0
1528090306.288142000	107.025	148	0
1528090306.290858000	107.027	106	1
1528090306.292789000	107.029	92	0
1528090306.294215000	107.031	289	0
1528090306.296871000	107.033	103	1
1528090309.417822000	110.154	389	1
1528090309.417884000	110.154	260	1
1528090309.434099000	110.171	100	0
1528090309.437413000	110.174	100	1
1528090309.590343000	110.327	256	0
1528090309.591847000	110.328	148	0
1528090309.594379000	110.331	103	1
1528090309.595491000	110.332	92	0
1528090309.596958000	110.333	145	0
1528090309.599367000	110.336	103	1
1528090309.644555000	110.381	833	1
1528090309.644617000	110.381	270	1
1528090309.664172000	110.401	87	0
1528090309.801663000	110.538	235	0
1528090309.803137000	110.54	148	0
1528090309.805390000	110.542	106	1
1528090309.806814000	110.543	92	0
1528090309.808356000	110.545	141	0
1528090309.810376000	110.547	103	1
1528090309.942661000	110.679	536	1
1528090309.942728000	110.679	261	1
1528090309.979461000	110.716	536	1
1528090309.994188000	110.731	87	0
1528090309.995888000	110.732	87	0
1528090310.025972000	110.762	87	0
1528090310.104715000	110.841	233	0
1528090310.106140000	110.843	148	0
1528090310.108475000	110.845	112	1
1528090310.109916000	110.846	92	0
1528090310.111429000	110.848	160	0
1528090310.113456000	110.85	103	1
1528090310.442686000	111.179	389	1
1528090310.442779000	111.179	260	1
1528090310.462700000	111.199	87	0
1528090310.600376000	111.337	256	0
1528090310.601821000	111.338	148	0
1528090310.604491000	111.341	106	1
1528090310.607131000	111.344	92	0
1528090310.608603000	111.345	266	0
1528090310.610486000	111.347	103	1
1528090310.654456000	111.391	92	0
1528090310.658481000	111.395	100	1
1528090310.741693000	111.478	393	1
1528090310.741779000	111.478	259	1
1528090310.762369000	111.499	87	0
1528090310.888497000	111.625	233	0
1528090310.889977000	111.626	148	0
1528090310.892515000	111.629	106	1
1528090310.893131000	111.63	92	0
1528090310.894614000	111.631	135	0
1528090310.896496000	111.633	103	1
1528090311.262963000	111.999	394	1
1528090311.263060000	112	262	1
1528090311.298272000	112.035	87	0
1528090311.424839000	112.161	256	0
1528090311.426295000	112.163	148	0
1528090311.428483000	112.165	106	1
1528090311.429725000	112.166	92	0
1528090311.431245000	112.168	262	0
1528090311.433483000	112.17	103	1
1528090311.505837000	112.242	393	1
1528090311.505913000	112.242	260	1
1528090311.526920000	112.263	87	0
1528090311.663178000	112.4	291	0
1528090311.664620000	112.401	148	0
1528090311.666499000	112.403	106	1
1528090311.670546000	112.407	92	0
1528090311.672140000	112.409	170	0
1528090311.674557000	112.411	103	1
1528090311.902748000	112.639	391	1
1528090311.902844000	112.639	259	1
1528090311.922758000	112.659	87	0
1528090312.068548000	112.805	259	0
1528090312.069999000	112.806	148	0
1528090312.072583000	112.809	106	1
1528090312.074396000	112.811	92	0
1528090312.075800000	112.812	168	0
1528090312.078516000	112.815	103	1
1528090312.312671000	113.049	391	1
1528090312.312764000	113.049	262	1
1528090312.330816000	113.067	87	0
1528090312.455162000	113.192	255	0
1528090312.456592000	113.193	148	0
1528090312.458097000	113.195	92	0
1528090312.458605000	113.195	109	1
1528090312.459570000	113.196	263	0
1528090312.463613000	113.2	100	1
1528090312.531637000	113.268	389	1
1528090312.531733000	113.268	259	1
1528090312.551137000	113.288	87	0
1528090312.556594000	113.293	87	0
1528090312.676802000	113.413	235	0
1528090312.678183000	113.415	148	0
1528090312.679642000	113.416	92	0
1528090312.680612000	113.417	112	1
1528090312.681150000	113.418	88	0
1528090312.684622000	113.421	100	1
1528090312.811722000	113.548	1003	1
1528090312.811798000	113.548	259	1
1528090312.830064000	113.567	87	0
1528090312.947339000	113.684	235	0
1528090312.948791000	113.685	148	0
1528090312.951656000	113.688	106	1
1528090312.952413000	113.689	92	0
1528090312.953866000	113.69	103	0
1528090312.956622000	113.693	103	1
1528090313.231833000	113.968	402	1
1528090313.231925000	113.968	260	1
1528090313.252788000	113.989	87	0
1528090313.257807000	113.994	87	0
1528090313.378010000	114.115	466	0
1528090313.379440000	114.116	148	0
1528090313.381655000	114.118	109	1
1528090313.382587000	114.119	92	0
1528090313.384051000	114.121	297	0
1528090313.386654000	114.123	103	1
1528090313.540654000	114.277	389	1
1528090313.540748000	114.277	259	1
1528090313.571554000	114.308	87	0
1528090313.707152000	114.444	235	0
1528090313.708612000	114.445	148	0
1528090313.710673000	114.447	106	1
1528090313.713042000	114.45	92	0
1528090313.714502000	114.451	150	0
1528090313.716761000	114.453	103	1
1528090313.971897000	114.708	830	1
1528090313.971989000	114.708	260	1
1528090314.001744000	114.738	87	0
1528090314.120905000	114.857	235	0
1528090314.122346000	114.859	148	0
1528090314.124700000	114.861	106	1
1528090314.127047000	114.864	92	0
1528090314.128573000	114.865	330	0
1528090314.130685000	114.867	103	1
1528090314.450902000	115.187	391	1
1528090314.450987000	115.187	262	1
1528090314.469683000	115.206	87	0
1528090314.587337000	115.324	258	0
1528090314.588710000	115.325	148	0
1528090314.591721000	115.328	106	1
1528090314.592131000	115.329	92	0
1528090314.593642000	115.33	208	0
1528090314.595711000	115.332	103	1
