1527782869.839038000	0	294	1
1527782869.861995000	0.0229571	87	0
1527782870.251609000	0.412571	304	0
1527782870.252584000	0.413546	101	1
1527782870.253094000	0.414056	1412	0
1527782870.253578000	0.41454	98	1
1527782870.254546000	0.415508	1412	0
1527782870.255574000	0.416536	98	1
1527782870.255886000	0.416848	1412	0
1527782870.256572000	0.417534	98	1
1527782870.257345000	0.418307	1412	0
1527782870.258569000	0.419531	98	1
1527782870.258702000	0.419664	1412	0
1527782870.259571000	0.420533	98	1
1527782870.260105000	0.421067	1412	0
1527782870.260571000	0.421533	98	1
1527782870.261506000	0.422468	926	0
1527782870.262571000	0.423533	98	1
1527782870.262921000	0.423883	1412	0
1527782870.263532000	0.424494	98	1
1527782870.264367000	0.425329	1412	0
1527782870.265581000	0.426543	98	1
1527782870.265710000	0.426672	694	0
1527782870.266569000	0.427531	98	1
1527782870.267107000	0.428069	1412	0
1527782870.267505000	0.428467	98	1
1527782870.268542000	0.429504	1412	0
1527782870.269590000	0.430552	98	1
1527782870.269888000	0.43085	1412	0
1527782870.270594000	0.431556	98	1
1527782870.271235000	0.432197	188	0
1527782870.271518000	0.43248	98	1
1527782870.287045000	0.448007	1200	0
1527782870.287575000	0.448537	98	1
1527782870.290306000	0.451268	1412	0
1527782870.290565000	0.451527	98	1
1527782870.291676000	0.452638	1412	0
1527782870.292536000	0.453498	98	1
1527782870.293155000	0.454117	1412	0
1527782870.293570000	0.454532	98	1
1527782870.294553000	0.455515	198	0
1527782870.295583000	0.456545	112	1
1527782870.295915000	0.456877	1241	0
1527782870.296569000	0.457531	98	1
1527782870.297380000	0.458342	1412	0
1527782870.298571000	0.459533	98	1
1527782870.298702000	0.459664	252	0
1527782870.299571000	0.460533	98	1
1527782870.300126000	0.461088	1412	0
1527782870.300568000	0.46153	98	1
1527782870.301535000	0.462497	802	0
1527782870.302592000	0.463554	98	1
1527782870.303044000	0.464006	1412	0
1527782870.303572000	0.464534	98	1
1527782870.304441000	0.465403	1001	0
1527782870.305606000	0.466568	98	1
1527782870.305794000	0.466756	1412	0
1527782870.306571000	0.467533	98	1
1527782870.307241000	0.468203	1412	0
1527782870.307571000	0.468533	98	1
1527782870.308563000	0.469525	1412	0
1527782870.309587000	0.470549	98	1
1527782870.309957000	0.470919	188	0
1527782870.310507000	0.471469	98	1
1527782870.311363000	0.472325	1412	0
1527782870.311518000	0.47248	98	1
1527782870.312758000	0.47372	170	0
1527782870.314187000	0.475149	1412	0
1527782870.315523000	0.476485	101	1
1527782870.315561000	0.476523	1412	0
1527782870.316517000	0.477479	98	1
1527782870.316965000	0.477927	1412	0
1527782870.318330000	0.479292	188	0
1527782870.319727000	0.480689	84	0
1527782870.321142000	0.482104	1412	0
1527782870.322555000	0.483517	151	0
1527782870.322747000	0.483709	98	1
1527782870.324043000	0.485005	1412	0
1527782870.325439000	0.486401	1412	0
1527782870.326595000	0.487557	113	1
1527782870.326833000	0.487795	1412	0
1527782870.328193000	0.489155	188	0
1527782870.328503000	0.489465	101	1
1527782870.329578000	0.49054	84	0
1527782870.330509000	0.491471	98	1
1527782870.330989000	0.491951	792	0
1527782870.331499000	0.492461	98	1
1527782870.332452000	0.493414	1412	0
1527782870.333756000	0.494718	112	1
1527782870.333847000	0.494809	1412	0
1527782870.334502000	0.495464	98	1
1527782870.335242000	0.496204	1412	0
1527782870.336507000	0.497469	98	1
1527782870.336601000	0.497563	188	0
1527782870.337622000	0.498584	98	1
1527782870.338005000	0.498967	672	0
1527782870.339389000	0.500351	282	0
1527782870.339523000	0.500485	101	1
1527782870.357936000	0.518898	87	0
1527782870.763626000	0.924588	367	1
1527782870.763724000	0.924686	1412	1
1527782870.763761000	0.924723	916	1
1527782870.779935000	0.940897	100	0
1527782870.780550000	0.941512	101	1
1527782870.809269000	0.970231	217	1
1527782870.832013000	0.992975	87	0
1527782870.895579000	1.05654	398	0
1527782870.896553000	1.05752	101	1
1527782870.898896000	1.05986	80	0
1527782870.899533000	1.0605	98	1
1527782870.949743000	1.11071	330	0
1527782870.950735000	1.1117	98	1
1527782870.980990000	1.14195	1412	0
1527782870.981905000	1.14287	98	1
1527782870.982454000	1.14342	1412	0
1527782870.983825000	1.14479	98	1
1527782870.983851000	1.14481	1412	0
1527782870.984542000	1.1455	98	1
1527782870.985273000	1.14623	186	0
1527782870.985534000	1.1465	98	1
1527782870.986699000	1.14766	1412	0
1527782870.987535000	1.1485	98	1
1527782870.988092000	1.14905	1412	0
1527782870.988536000	1.1495	98	1
1527782870.989476000	1.15044	1075	0
1527782870.990537000	1.1515	98	1
1527782870.990845000	1.15181	297	0
1527782870.991535000	1.1525	98	1
1527782871.079427000	1.24039	215	1
1527782871.097815000	1.25878	87	0
1527782871.194285000	1.35525	475	0
1527782871.195589000	1.35655	101	1
1527782871.195700000	1.35666	1114	0
1527782871.197066000	1.35803	92	0
1527782871.197663000	1.35863	101	1
1527782871.198465000	1.35943	192	0
1527782871.199575000	1.36054	98	1
1527782871.416960000	1.57792	862	1
1527782871.433983000	1.59495	87	0
1527782871.443627000	1.60459	1026	1
1527782871.461919000	1.62288	87	0
1527782871.555524000	1.71649	345	1
1527782871.572935000	1.7339	87	0
1527782871.592861000	1.75382	281	0
1527782871.593720000	1.75468	101	1
1527782871.594271000	1.75523	488	0
1527782871.595586000	1.75655	98	1
1527782871.610258000	1.77122	483	0
1527782871.610701000	1.77166	98	1
1527782871.649263000	1.81023	445	0
1527782871.649799000	1.81076	98	1
1527782871.650694000	1.81166	1168	0
1527782871.651581000	1.81254	98	1
1527782871.851416000	2.01238	244	1
1527782871.851545000	2.01251	144	1
1527782871.869079000	2.03004	87	0
1527782871.942586000	2.10355	1412	0
1527782871.943974000	2.10494	1412	0
1527782871.945222000	2.10618	101	1
1527782871.945388000	2.10635	1412	0
1527782871.946667000	2.10763	101	1
1527782871.946758000	2.10772	493	0
1527782871.948146000	2.10911	92	0
1527782871.948615000	2.10958	101	1
1527782871.949540000	2.1105	297	0
1527782871.950620000	2.11158	98	1
1527782871.956776000	2.11774	350	1
1527782871.956850000	2.11781	190	1
1527782871.974163000	2.13513	87	0
1527782872.089562000	2.25052	638	0
1527782872.090648000	2.25161	101	1
1527782872.090952000	2.25191	92	0
1527782872.091607000	2.25257	98	1
1527782872.092410000	2.25337	109	0
1527782872.093546000	2.25451	98	1
1527782872.757988000	2.91895	231	1
1527782872.771344000	2.93231	1286	1
1527782872.774511000	2.93547	87	0
1527782872.790453000	2.95142	87	0
1527782873.019221000	3.18018	1412	1
1527782873.019262000	3.18022	1412	1
1527782873.019283000	3.18025	283	1
1527782873.019343000	3.18031	843	1
1527782873.037822000	3.19878	87	0
1527782873.059518000	3.22048	555	0
1527782873.063187000	3.22415	101	1
1527782873.076524000	3.23749	1412	1
1527782873.076599000	3.23756	342	1
1527782873.093979000	3.25494	87	0
1527782873.172528000	3.33349	381	0
1527782873.175078000	3.33604	101	1
1527782873.177015000	3.33798	1412	0
1527782873.177699000	3.33866	98	1
1527782873.178411000	3.33937	1412	0
1527782873.178700000	3.33966	98	1
1527782873.179824000	3.34079	1412	0
1527782873.180679000	3.34164	98	1
1527782873.181168000	3.34213	278	0
1527782873.181671000	3.34263	98	1
1527782873.182632000	3.34359	206	0
1527782873.183731000	3.34469	98	1
1527782873.227165000	3.38813	331	0
1527782873.228154000	3.38912	98	1
1527782873.228597000	3.38956	1412	0
1527782873.229990000	3.39095	997	0
1527782873.230709000	3.39167	101	1
1527782873.231353000	3.39232	92	0
1527782873.231898000	3.39286	98	1
1527782873.232820000	3.39378	114	0
1527782873.233691000	3.39465	98	1
1527782873.310536000	3.4715	347	0
1527782873.311842000	3.4728	98	1
1527782873.312013000	3.47298	835	0
1527782873.312690000	3.47365	98	1
1527782873.772488000	3.93345	527	1
1527782873.772598000	3.93356	1412	1
1527782873.772642000	3.9336	1412	1
1527782873.772689000	3.93365	1412	1
1527782873.772723000	3.93369	1412	1
1527782873.772759000	3.93372	1412	1
1527782873.772794000	3.93376	1412	1
1527782873.772829000	3.93379	1412	1
1527782873.772864000	3.93383	1412	1
1527782873.772892000	3.93385	1412	1
1527782873.772929000	3.93389	1412	1
1527782873.772963000	3.93393	1412	1
1527782873.772998000	3.93396	1412	1
1527782873.773034000	3.934	1278	1
1527782873.791858000	3.95282	87	0
1527782873.795338000	3.9563	87	0
1527782873.900815000	4.06178	395	0
1527782873.906566000	4.06753	80	0
1527782873.908745000	4.06971	107	1
1527782874.061556000	4.22252	1390	1
1527782874.081941000	4.2429	87	0
1527782874.217443000	4.37841	314	0
1527782874.218820000	4.37978	360	0
1527782874.225183000	4.38615	104	1
1527782874.255621000	4.41658	314	0
1527782874.257342000	4.4183	98	1
1527782875.748525000	5.90949	333	1
1527782875.748618000	5.90958	1412	1
1527782875.748655000	5.90962	988	1
1527782875.749155000	5.91012	223	1
1527782875.749195000	5.91016	1412	1
1527782875.749232000	5.91019	1412	1
1527782875.749259000	5.91022	767	1
1527782875.750813000	5.91178	101	1
1527782875.752008000	5.91297	251	1
1527782875.765831000	5.92679	87	0
1527782875.783195000	5.94416	101	1
1527782875.788647000	5.94961	104	0
1527782875.795312000	5.95627	101	1
1527782875.800257000	5.96122	87	0
1527782875.944049000	6.10501	532	0
1527782875.945403000	6.10637	305	0
1527782875.946805000	6.10777	339	0
1527782875.946956000	6.10792	104	1
1527782875.948164000	6.10913	98	1
1527782875.950896000	6.11186	101	1
1527782875.959333000	6.1203	253	1
1527782875.969837000	6.1308	87	0
1527782875.976948000	6.13791	87	0
1527782876.082438000	6.2434	415	0
1527782876.083288000	6.24425	104	1
1527782876.085164000	6.24613	80	0
1527782876.086149000	6.24711	98	1
1527782876.137126000	6.29809	888	0
1527782876.138458000	6.29942	98	1
1527782876.138497000	6.29946	1412	0
1527782876.139929000	6.30089	1412	0
1527782876.140248000	6.30121	98	1
1527782876.141144000	6.30211	98	1
1527782876.141319000	6.30228	1412	0
1527782876.142146000	6.30311	98	1
1527782876.142789000	6.30375	1412	0
1527782876.143432000	6.30439	98	1
1527782876.144193000	6.30516	1412	0
1527782876.145163000	6.30613	98	1
1527782876.145547000	6.30651	125	0
1527782876.146198000	6.30716	98	1
1527782876.146974000	6.30794	1412	0
1527782876.147217000	6.30818	98	1
1527782876.148369000	6.30933	1412	0
1527782876.149149000	6.31011	98	1
1527782876.149767000	6.31073	1412	0
1527782876.150141000	6.3111	98	1
1527782876.151136000	6.3121	188	0
1527782876.152146000	6.31311	98	1
1527782876.152595000	6.31356	1230	0
1527782876.153151000	6.31411	98	1
1527782876.153995000	6.31496	1412	0
1527782876.155149000	6.31611	98	1
1527782876.155390000	6.31635	1412	0
1527782876.156787000	6.31775	1412	0
1527782876.157570000	6.31853	98	1
1527782876.158146000	6.31911	188	0
1527782876.159571000	6.32053	1412	0
1527782876.161008000	6.32197	737	0
1527782876.161321000	6.32228	101	1
1527782876.162470000	6.32343	1412	0
1527782876.163869000	6.32483	1412	0
1527782876.165259000	6.32622	1412	0
1527782876.166167000	6.32713	110	1
1527782876.166623000	6.32759	188	0
1527782876.167147000	6.32811	98	1
1527782876.168027000	6.32899	738	0
1527782876.169440000	6.3304	1412	0
1527782876.170617000	6.33158	112	1
1527782876.170830000	6.33179	1412	0
1527782876.172270000	6.33323	1412	0
1527782876.174470000	6.33543	188	0
1527782876.178126000	6.33909	979	0
1527782876.179514000	6.34048	1412	0
1527782876.180915000	6.34188	1412	0
1527782876.182375000	6.34334	1412	0
1527782876.183739000	6.3447	188	0
1527782876.185162000	6.34612	1412	0
1527782876.186527000	6.34749	209	0
1527782876.187949000	6.34891	1412	0
1527782876.189339000	6.3503	1412	0
1527782876.190738000	6.3517	1412	0
1527782876.191477000	6.35244	125	1
1527782876.192141000	6.3531	188	0
1527782876.192299000	6.35326	107	1
1527782876.193156000	6.35412	98	1
1527782876.193560000	6.35452	1187	0
1527782876.194143000	6.35511	98	1
1527782876.194964000	6.35593	1412	0
1527782876.195167000	6.35613	98	1
1527782876.196359000	6.35732	1412	0
1527782876.197171000	6.35813	98	1
1527782876.197754000	6.35872	1412	0
1527782876.198138000	6.3591	98	1
1527782876.199115000	6.36008	188	0
1527782876.200155000	6.36112	98	1
1527782876.200527000	6.36149	996	0
1527782876.201148000	6.36211	98	1
1527782876.201979000	6.36294	1412	0
1527782876.202260000	6.36322	98	1
1527782876.203370000	6.36433	1250	0
1527782876.204144000	6.36511	98	1
1527782876.204751000	6.36571	743	0
1527782876.205149000	6.36611	98	1
1527782876.206165000	6.36713	1412	0
1527782876.207563000	6.36853	1329	0
1527782876.207714000	6.36868	98	1
1527782876.208138000	6.3691	98	1
1527782876.208952000	6.36991	1412	0
1527782876.210348000	6.37131	1412	0
1527782876.211746000	6.37271	101	1
1527782876.211761000	6.37272	337	0
1527782876.212186000	6.37315	98	1
1527782876.213139000	6.3741	92	0
1527782876.214194000	6.37516	98	1
1527782876.214533000	6.3755	119	0
1527782876.215141000	6.3761	98	1
1527782876.216053000	6.37702	878	0
1527782876.217140000	6.3781	98	1
1527782876.239948000	6.40091	87	0
1527782877.450271000	7.61123	432	1
1527782877.450357000	7.61132	144	1
1527782877.468027000	7.62899	87	0
1527782877.521117000	7.68208	1412	0
1527782877.522262000	7.68322	104	1
1527782877.522580000	7.68354	1412	0
1527782877.523217000	7.68418	98	1
1527782877.523978000	7.68494	1412	0
1527782877.524224000	7.68519	98	1
1527782877.525356000	7.68632	705	0
1527782877.526469000	7.68743	98	1
1527782877.526725000	7.68769	92	0
1527782877.527218000	7.68818	98	1
1527782877.528127000	7.68909	276	0
1527782877.529240000	7.6902	98	1
1527782878.540455000	8.70142	858	1
1527782878.540566000	8.70153	294	1
1527782878.543409000	8.70437	328	1
1527782878.543512000	8.70447	1412	1
1527782878.543552000	8.70451	1412	1
1527782878.543603000	8.70457	979	1
1527782878.557527000	8.71849	87	0
1527782878.565139000	8.7261	87	0
1527782878.590247000	8.75121	401	1
1527782878.607531000	8.76849	87	0
1527782878.625543000	8.78651	401	0
1527782878.626732000	8.78769	101	1
1527782878.630513000	8.79148	80	0
1527782878.631206000	8.79217	98	1
1527782878.647762000	8.80872	316	0
1527782878.649109000	8.81007	98	1
1527782878.649177000	8.81014	1400	0
1527782878.649677000	8.81064	98	1
1527782878.650564000	8.81153	513	0
1527782878.651687000	8.81265	98	1
1527782878.652014000	8.81298	592	0
1527782878.652667000	8.81363	98	1
1527782878.653406000	8.81437	635	0
1527782878.653667000	8.81463	98	1
1527782878.654800000	8.81576	467	0
1527782878.655681000	8.81664	98	1
1527782878.656193000	8.81716	697	0
1527782878.656688000	8.81765	98	1
1527782878.657603000	8.81857	1237	0
1527782878.658685000	8.81965	98	1
1527782878.659785000	8.82075	649	0
1527782878.660691000	8.82165	98	1
1527782878.661177000	8.82214	519	0
1527782878.661671000	8.82263	98	1
1527782878.662629000	8.82359	439	0
1527782878.663681000	8.82464	98	1
1527782878.664022000	8.82498	701	0
1527782878.664672000	8.82563	98	1
1527782878.666055000	8.82702	616	0
1527782878.666701000	8.82766	98	1
1527782878.668834000	8.8298	558	0
1527782878.669678000	8.83064	98	1
1527782878.670262000	8.83122	654	0
1527782878.670673000	8.83163	98	1
1527782878.671670000	8.83263	1190	0
1527782878.672669000	8.83363	98	1
1527782878.674290000	8.83525	102	0
1527782878.674681000	8.83564	98	1
1527782878.675714000	8.83668	265	0
1527782878.676689000	8.83765	112	1
1527782878.677103000	8.83807	277	0
1527782878.677907000	8.83887	98	1
1527782878.678491000	8.83945	103	0
1527782878.678740000	8.8397	98	1
1527782878.679891000	8.84085	263	0
1527782878.680678000	8.84164	98	1
1527782878.697361000	8.85832	87	0
1527782878.896604000	9.05757	1412	1
1527782878.896645000	9.05761	1412	1
1527782878.896685000	9.05765	476	1
1527782878.896755000	9.05772	843	1
1527782878.914646000	9.07561	87	0
1527782878.939258000	9.10022	485	0
1527782878.940633000	9.1016	113	0
1527782878.940775000	9.10174	107	1
1527782879.479608000	9.64057	1005	1
1527782879.479680000	9.64064	94	1
1527782879.497571000	9.65853	87	0
1527782879.575029000	9.73599	281	0
1527782879.576057000	9.73702	101	1
1527782879.576437000	9.7374	365	0
1527782879.576731000	9.73769	98	1
1527782879.577823000	9.73879	154	0
1527782879.578721000	9.73968	98	1
1527782880.458846000	10.6198	477	1
1527782880.458925000	10.6199	109	1
1527782880.470658000	10.6316	305	1
1527782880.472503000	10.6335	480	1
1527782880.472552000	10.6335	87	1
1527782880.476055000	10.637	87	0
1527782880.488621000	10.6496	87	0
1527782880.547599000	10.7086	288	0
1527782880.548808000	10.7098	104	1
1527782880.548999000	10.71	151	0
1527782880.549777000	10.7107	98	1
1527782880.550388000	10.7114	92	0
1527782880.551006000	10.712	98	1
1527782880.551842000	10.7128	279	0
1527782880.552797000	10.7138	98	1
1527782880.595491000	10.7565	294	0
1527782880.596872000	10.7578	140	0
1527782880.598263000	10.7592	235	0
1527782880.599652000	10.7606	103	0
1527782880.601038000	10.762	92	0
1527782880.602500000	10.7635	142	0
1527782880.603890000	10.7649	92	0
1527782880.605286000	10.7662	270	0
1527782880.622587000	10.7835	119	1
1527782880.633729000	10.7947	284	0
1527782880.636827000	10.7978	98	1
1527782881.162826000	11.3238	393	1
1527782881.162912000	11.3239	257	1
1527782881.182219000	11.3432	87	0
1527782881.482059000	11.643	372	1
1527782881.482187000	11.6431	1412	1
1527782881.482214000	11.6432	1412	1
1527782881.482250000	11.6432	1412	1
1527782881.482278000	11.6432	1412	1
1527782881.482323000	11.6433	1412	1
1527782881.482350000	11.6433	1412	1
1527782881.482381000	11.6433	1412	1
1527782881.482420000	11.6434	1412	1
1527782881.482458000	11.6434	1412	1
1527782881.482509000	11.6435	1412	1
1527782881.482546000	11.6435	1412	1
1527782881.482581000	11.6435	1412	1
1527782881.482618000	11.6436	1412	1
1527782881.483908000	11.6449	1412	1
1527782881.483958000	11.6449	1412	1
1527782881.484011000	11.645	1412	1
1527782881.484165000	11.6451	1412	1
1527782881.484188000	11.6452	1412	1
1527782881.484211000	11.6452	1412	1
1527782881.485899000	11.6469	1412	1
1527782881.485936000	11.6469	1412	1
1527782881.485996000	11.647	1412	1
1527782881.486034000	11.647	1412	1
1527782881.486093000	11.6471	1412	1
1527782881.486115000	11.6471	1412	1
1527782881.486157000	11.6471	1412	1
1527782881.487926000	11.6489	1412	1
1527782881.487991000	11.649	1412	1
1527782881.488031000	11.649	1412	1
1527782881.488099000	11.6491	1412	1
1527782881.488138000	11.6491	1412	1
1527782881.488167000	11.6491	1412	1
1527782881.489909000	11.6509	1412	1
1527782881.489966000	11.6509	750	1
1527782881.500442000	11.6614	87	0
1527782881.506412000	11.6674	87	0
1527782881.507808000	11.6688	87	0
1527782881.510344000	11.6713	87	0
1527782881.528917000	11.6899	1412	1
1527782881.532079000	11.693	87	0
1527782881.552896000	11.7139	87	0
1527782881.616220000	11.7772	398	0
1527782881.617602000	11.7786	119	1
1527782881.621260000	11.7822	80	0
1527782881.621878000	11.7828	98	1
1527782881.904896000	12.0659	359	0
1527782881.905952000	12.0669	98	1
1527782881.906307000	12.0673	146	0
1527782881.906865000	12.0678	98	1
1527782881.907695000	12.0687	92	0
1527782881.907912000	12.0689	98	1
1527782881.909022000	12.07	213	0
1527782881.909881000	12.0708	98	1
1527782881.954543000	12.1155	362	1
1527782881.955501000	12.1165	297	1
1527782881.980541000	12.1415	87	0
1527782881.981411000	12.1424	377	1
1527782882.024658000	12.1856	87	0
1527782882.042335000	12.2033	232	0
1527782882.043299000	12.2043	104	1
1527782882.043736000	12.2047	118	0
1527782882.043954000	12.2049	98	1
1527782882.045498000	12.2065	92	0
1527782882.045862000	12.2068	98	1
1527782882.046922000	12.2079	254	0
1527782882.047867000	12.2088	98	1
1527782882.102261000	12.2632	393	1
1527782882.102334000	12.2633	264	1
1527782882.113915000	12.2749	245	0
1527782882.114898000	12.2759	98	1
1527782882.115382000	12.2763	279	0
1527782882.115867000	12.2768	98	1
1527782882.116765000	12.2777	92	0
1527782882.116897000	12.2779	98	1
1527782882.118163000	12.2791	203	0
1527782882.118876000	12.2798	98	1
1527782882.120155000	12.2811	87	0
1527782882.192675000	12.3536	591	0
1527782882.193911000	12.3549	101	1
1527782882.194084000	12.355	803	0
1527782882.195462000	12.3564	92	0
1527782882.195885000	12.3568	101	1
1527782882.232268000	12.3932	289	0
1527782882.233365000	12.3943	98	1
1527782882.233663000	12.3946	146	0
1527782882.233929000	12.3949	98	1
1527782882.236443000	12.3974	92	0
1527782882.236884000	12.3978	98	1
1527782882.237841000	12.3988	172	0
1527782882.238883000	12.3998	98	1
1527782882.254173000	12.4151	157	0
1527782882.255131000	12.4161	98	1
1527782882.380091000	12.5411	1412	1
1527782882.380151000	12.5411	405	1
1527782882.399757000	12.5607	87	0
1527782882.413207000	12.5742	844	1
1527782882.413279000	12.5742	258	1
1527782882.429959000	12.5909	87	0
1527782882.519827000	12.6808	235	0
1527782882.520929000	12.6819	104	1
1527782882.521236000	12.6822	146	0
1527782882.521912000	12.6829	98	1
1527782882.523012000	12.684	92	0
1527782882.523910000	12.6849	98	1
1527782882.524428000	12.6854	197	0
1527782882.524899000	12.6859	98	1
1527782882.526572000	12.6875	377	0
1527782882.526985000	12.6879	98	1
1527782882.527989000	12.689	467	0
1527782882.528920000	12.6899	98	1
1527782882.529390000	12.6904	221	0
1527782882.529887000	12.6908	98	1
1527782882.541321000	12.7023	471	1
1527782882.558610000	12.7196	87	0
1527782882.684417000	12.8454	238	0
1527782882.684930000	12.8459	101	1
1527782882.685827000	12.8468	383	0
1527782882.686910000	12.8479	98	1
1527782882.887723000	13.0487	471	1
1527782882.887813000	13.0488	268	1
1527782882.906379000	13.0673	87	0
1527782882.988464000	13.1494	341	0
1527782882.989415000	13.1504	101	1
1527782882.989874000	13.1508	146	0
1527782882.990971000	13.1519	98	1
1527782882.991276000	13.1522	92	0
1527782882.991969000	13.1529	98	1
1527782882.992739000	13.1537	282	0
1527782882.993262000	13.1542	98	1
1527782883.303171000	13.4641	394	1
1527782883.303242000	13.4642	270	1
1527782883.319974000	13.4809	87	0
1527782883.413862000	13.5748	235	0
1527782883.414995000	13.576	101	1
1527782883.415279000	13.5762	146	0
1527782883.415976000	13.5769	98	1
1527782883.417615000	13.5786	92	0
1527782883.417967000	13.5789	98	1
1527782883.418982000	13.5799	236	0
1527782883.419969000	13.5809	98	1
1527782887.837614000	17.9986	373	1
1527782887.837709000	17.9987	1412	1
1527782887.837734000	17.9987	1412	1
1527782887.837763000	17.9987	1412	1
1527782887.837797000	17.9988	1371	1
1527782887.855716000	18.0167	87	0
1527782887.963069000	18.124	397	0
1527782887.964226000	18.1252	101	1
1527782887.968576000	18.1295	80	0
1527782887.969277000	18.1302	98	1
1527782888.038499000	18.1995	394	1
1527782888.038585000	18.1995	262	1
1527782888.055884000	18.2168	87	0
1527782888.145424000	18.3064	325	0
1527782888.146325000	18.3073	101	1
1527782888.146827000	18.3078	146	0
1527782888.147211000	18.3082	98	1
1527782888.148432000	18.3094	92	0
1527782888.149210000	18.3102	98	1
1527782888.149837000	18.3108	229	0
1527782888.150209000	18.3112	98	1
1527782888.279966000	18.4409	388	1
1527782888.280045000	18.441	262	1
1527782888.301055000	18.462	87	0
1527782888.392861000	18.5538	235	0
1527782888.393736000	18.5547	101	1
1527782888.394263000	18.5552	146	0
1527782888.395231000	18.5562	98	1
1527782888.396496000	18.5575	92	0
1527782888.397232000	18.5582	98	1
1527782888.397901000	18.5589	230	0
1527782888.398319000	18.5593	98	1
1527782888.504420000	18.6654	390	1
1527782888.504516000	18.6655	262	1
1527782888.521566000	18.6825	87	0
1527782888.599043000	18.76	237	0
1527782888.600263000	18.7612	101	1
1527782888.600442000	18.7614	146	0
1527782888.601238000	18.7622	98	1
1527782888.604146000	18.7651	92	0
1527782888.605264000	18.7662	98	1
1527782888.605567000	18.7665	234	0
1527782888.606252000	18.7672	98	1
1527782888.725977000	18.8869	394	1
1527782888.726050000	18.887	264	1
1527782888.743477000	18.9044	87	0
1527782888.822468000	18.9834	256	0
1527782888.823482000	18.9844	101	1
1527782888.823871000	18.9848	148	0
1527782888.824253000	18.9852	98	1
1527782888.828089000	18.9891	92	0
1527782888.828257000	18.9892	98	1
1527782888.829514000	18.9905	276	0
1527782888.830256000	18.9912	98	1
1527782888.969639000	19.1306	390	1
1527782888.969720000	19.1307	264	1
1527782888.987733000	19.1487	87	0
1527782889.087218000	19.2482	254	0
1527782889.088295000	19.2493	101	1
1527782889.088622000	19.2496	148	0
1527782889.089266000	19.2502	98	1
1527782889.091157000	19.2521	92	0
1527782889.091278000	19.2522	98	1
1527782889.092632000	19.2536	94	0
1527782889.093278000	19.2542	98	1
1527782889.205188000	19.3662	388	1
1527782889.205279000	19.3662	268	1
1527782889.224895000	19.3859	87	0
1527782889.298246000	19.4592	279	0
1527782889.299325000	19.4603	101	1
1527782889.299648000	19.4606	148	0
1527782889.300291000	19.4613	98	1
1527782889.301035000	19.462	92	0
1527782889.301281000	19.4622	98	1
1527782889.302542000	19.4635	209	0
1527782889.303284000	19.4642	98	1
1527782889.422665000	19.5836	990	1
1527782889.422753000	19.5837	267	1
1527782889.440042000	19.601	87	0
1527782889.529840000	19.6908	233	0
1527782889.530887000	19.6918	101	1
1527782889.531242000	19.6922	148	0
1527782889.532292000	19.6933	98	1
1527782889.533193000	19.6942	92	0
1527782889.534303000	19.6953	98	1
1527782889.534598000	19.6956	261	0
1527782889.535295000	19.6963	98	1
1527782889.636504000	19.7975	402	1
1527782889.636598000	19.7976	268	1
1527782889.654272000	19.8152	87	0
1527782889.745015000	19.906	232	0
1527782889.746005000	19.907	101	1
1527782889.746419000	19.9074	148	0
1527782889.747308000	19.9083	98	1
1527782889.748732000	19.9097	92	0
1527782889.749303000	19.9103	98	1
1527782889.750137000	19.9111	319	0
1527782889.750641000	19.9116	98	1
1527782889.851808000	20.0128	898	1
1527782889.851900000	20.0129	269	1
1527782889.870088000	20.0311	87	0
1527782889.953089000	20.1141	259	0
1527782889.954401000	20.1154	148	0
1527782889.954488000	20.1155	101	1
1527782889.955404000	20.1164	98	1
1527782889.955870000	20.1168	92	0
1527782889.956404000	20.1174	98	1
1527782889.957227000	20.1182	288	0
1527782889.958382000	20.1193	98	1
1527782890.262766000	20.4237	472	1
1527782890.262858000	20.4238	257	1
1527782890.279718000	20.4407	87	0
1527782890.363948000	20.5249	277	0
1527782890.364851000	20.5258	101	1
1527782890.365346000	20.5263	148	0
1527782890.366348000	20.5273	98	1
1527782890.367289000	20.5283	92	0
1527782890.368345000	20.5293	98	1
1527782890.368681000	20.5296	86	0
1527782890.369339000	20.5303	98	1
1527782897.534641000	27.6956	395	1
1527782897.534713000	27.6957	261	1
1527782897.552523000	27.7135	87	0
1527782897.680414000	27.8414	258	0
1527782897.681397000	27.8424	101	1
1527782897.681918000	27.8429	148	0
1527782897.682345000	27.8433	98	1
1527782897.684328000	27.8453	92	0
1527782897.685446000	27.8464	98	1
1527782897.685751000	27.8467	173	0
1527782897.686359000	27.8473	98	1
1527782904.399563000	34.5605	372	1
1527782904.399648000	34.5606	1412	1
1527782904.399673000	34.5606	1412	1
1527782904.399716000	34.5607	1412	1
1527782904.399767000	34.5607	551	1
1527782904.417948000	34.5789	87	0
1527782904.486382000	34.6473	403	0
1527782904.487202000	34.6482	101	1
1527782904.490470000	34.6514	80	0
1527782904.490898000	34.6519	98	1
1527782904.601319000	34.7623	394	1
1527782904.601408000	34.7624	259	1
1527782904.618438000	34.7794	87	0
1527782904.702268000	34.8632	312	0
1527782904.703168000	34.8641	101	1
1527782904.703680000	34.8646	148	0
1527782904.704831000	34.8658	98	1
1527782904.705140000	34.8661	92	0
1527782904.705829000	34.8668	98	1
1527782904.706543000	34.8675	306	0
1527782904.706978000	34.8679	98	1
1527782905.317251000	35.4782	394	1
1527782905.317312000	35.4783	256	1
1527782905.335412000	35.4964	87	0
1527782905.412776000	35.5737	258	0
1527782905.413809000	35.5748	101	1
1527782905.414191000	35.5752	148	0
1527782905.414794000	35.5758	98	1
1527782905.416724000	35.5777	92	0
1527782905.417872000	35.5788	98	1
1527782905.418072000	35.579	135	0
1527782905.418828000	35.5798	98	1
1527782905.557252000	35.7182	391	1
1527782905.557312000	35.7183	257	1
1527782905.574660000	35.7356	87	0
1527782905.677342000	35.8383	328	0
1527782905.678296000	35.8393	101	1
1527782905.678754000	35.8397	148	0
1527782905.679900000	35.8409	98	1
1527782905.680825000	35.8418	92	0
1527782905.681887000	35.8428	98	1
1527782905.682326000	35.8433	123	0
1527782905.682801000	35.8438	98	1
1527782906.168041000	36.329	391	1
1527782906.168138000	36.3291	256	1
1527782906.185048000	36.346	87	0
1527782906.268097000	36.4291	260	0
1527782906.268958000	36.4299	101	1
1527782906.269510000	36.4305	148	0
1527782906.269848000	36.4308	98	1
1527782906.271382000	36.4323	92	0
1527782906.271830000	36.4328	98	1
1527782906.272830000	36.4338	313	0
1527782906.273838000	36.4348	98	1
1527782906.481404000	36.6424	393	1
1527782906.481471000	36.6424	258	1
1527782906.499816000	36.6608	87	0
1527782906.568961000	36.7299	236	0
1527782906.569907000	36.7309	101	1
1527782906.570413000	36.7314	148	0
1527782906.570859000	36.7318	98	1
1527782906.572421000	36.7334	92	0
1527782906.572895000	36.7339	98	1
1527782906.573827000	36.7348	280	0
1527782906.574900000	36.7359	98	1
1527782906.899181000	37.0601	989	1
1527782906.899272000	37.0602	257	1
1527782906.916877000	37.0778	87	0
1527782907.020984000	37.1819	279	0
1527782907.021965000	37.1829	101	1
1527782907.022509000	37.1835	148	0
1527782907.022876000	37.1838	98	1
1527782907.025143000	37.1861	92	0
1527782907.025929000	37.1869	98	1
1527782907.026628000	37.1876	266	0
1527782907.027112000	37.1881	98	1
1527782907.249314000	37.4103	402	1
1527782907.249405000	37.4104	259	1
1527782907.266407000	37.4274	87	0
1527782907.348979000	37.5099	278	0
1527782907.349964000	37.5109	101	1
1527782907.350439000	37.5114	148	0
1527782907.350904000	37.5119	98	1
1527782907.351873000	37.5128	92	0
1527782907.352926000	37.5139	98	1
1527782907.353287000	37.5142	186	0
1527782907.353893000	37.5149	98	1
1527782907.689294000	37.8503	388	1
1527782907.689379000	37.8503	256	1
1527782907.706895000	37.8679	87	0
1527782907.784700000	37.9457	257	0
1527782907.785974000	37.9469	101	1
1527782907.786008000	37.947	148	0
1527782907.786958000	37.9479	98	1
1527782907.787492000	37.9485	92	0
1527782907.787951000	37.9489	98	1
1527782907.788880000	37.9498	143	0
1527782907.789940000	37.9509	98	1
1527782908.141518000	38.3025	895	1
1527782908.141611000	38.3026	258	1
1527782908.160343000	38.3213	87	0
1527782908.278569000	38.4395	235	0
1527782908.279534000	38.4405	101	1
1527782908.279979000	38.4409	148	0
1527782908.280999000	38.442	98	1
1527782908.281897000	38.4429	92	0
1527782908.283001000	38.444	98	1
1527782908.283359000	38.4443	271	0
1527782908.283948000	38.4449	98	1
1527782908.620224000	38.7812	467	1
1527782908.620289000	38.7813	256	1
1527782908.636883000	38.7978	87	0
1527782908.859064000	39.02	257	0
1527782908.860111000	39.0211	101	1
1527782908.860471000	39.0214	148	0
1527782908.860982000	39.0219	98	1
1527782908.863526000	39.0245	92	0
1527782908.864066000	39.025	98	1
1527782908.864898000	39.0259	182	0
1527782908.866006000	39.027	98	1
1527782908.931301000	39.0923	394	1
1527782908.931387000	39.0923	260	1
1527782908.949032000	39.11	87	0
1527782909.041628000	39.2026	278	0
1527782909.042773000	39.2037	101	1
1527782909.043028000	39.204	148	0
1527782909.044019000	39.205	98	1
1527782909.045627000	39.2066	92	0
1527782909.046008000	39.207	98	1
1527782909.047054000	39.208	333	0
1527782909.048004000	39.209	98	1
1527782909.184612000	39.3456	391	1
1527782909.184701000	39.3457	260	1
1527782909.202064000	39.363	87	0
1527782909.281268000	39.4422	236	0
1527782909.282271000	39.4432	101	1
1527782909.282773000	39.4437	148	0
1527782909.283101000	39.4441	98	1
1527782909.284605000	39.4456	92	0
1527782909.285035000	39.446	98	1
1527782909.285975000	39.4469	290	0
1527782909.287029000	39.448	98	1
1527782910.360061000	40.521	394	1
1527782910.360156000	40.5211	257	1
1527782910.378522000	40.5395	87	0
1527782910.474878000	40.6358	257	0
1527782910.476211000	40.6372	101	1
1527782910.476231000	40.6372	148	0
1527782910.477162000	40.6381	98	1
1527782910.478518000	40.6395	92	0
1527782910.479161000	40.6401	98	1
1527782910.479878000	40.6408	214	0
1527782910.480330000	40.6413	98	1
1527782910.932730000	41.0937	394	1
1527782910.932804000	41.0938	256	1
1527782910.950556000	41.1115	87	0
1527782911.019114000	41.1801	263	0
1527782911.020145000	41.1811	101	1
1527782911.020522000	41.1815	148	0
1527782911.021115000	41.1821	98	1
1527782911.022706000	41.1837	92	0
1527782911.023209000	41.1842	98	1
1527782911.024116000	41.1851	337	0
1527782911.025131000	41.1861	98	1
1527782911.141194000	41.3022	391	1
1527782911.141276000	41.3022	256	1
1527782911.158435000	41.3194	87	0
1527782911.269927000	41.4309	312	0
1527782911.271303000	41.4323	148	0
1527782911.272677000	41.4336	101	1
1527782911.273137000	41.4341	98	1
1527782911.273687000	41.4346	92	0
1527782911.274209000	41.4352	98	1
1527782911.275088000	41.4361	91	0
1527782911.276141000	41.4371	98	1
1527782912.071729000	42.2327	390	1
1527782912.071796000	42.2328	256	1
1527782912.088592000	42.2496	87	0
1527782912.154594000	42.3156	257	0
1527782912.155606000	42.3166	101	1
1527782912.156043000	42.317	148	0
1527782912.157264000	42.3182	98	1
1527782912.157921000	42.3189	92	0
1527782912.158260000	42.3192	98	1
1527782912.159388000	42.3204	239	0
1527782912.160201000	42.3212	98	1
1527782912.315482000	42.4764	393	1
1527782912.315565000	42.4765	263	1
1527782912.332550000	42.4935	87	0
1527782912.348884000	42.5098	87	0
1527782912.424077000	42.585	326	0
1527782912.425232000	42.5862	104	1
1527782912.425484000	42.5864	148	0
1527782912.426227000	42.5872	98	1
1527782912.426948000	42.5879	92	0
1527782912.427209000	42.5882	98	1
1527782912.428338000	42.5893	273	0
1527782912.429202000	42.5902	98	1
1527782913.144950000	43.3059	987	1
1527782913.145015000	43.306	257	1
1527782913.162958000	43.3239	87	0
1527782913.254529000	43.4155	263	0
1527782913.255395000	43.4164	101	1
1527782913.255892000	43.4169	148	0
1527782913.256255000	43.4172	98	1
1527782913.258118000	43.4191	92	0
1527782913.259342000	43.4203	98	1
1527782913.259542000	43.4205	173	0
1527782913.260244000	43.4212	98	1
1527782913.546110000	43.7071	405	1
1527782913.546197000	43.7072	258	1
1527782913.563450000	43.7244	87	0
1527782913.645405000	43.8064	235	0
1527782913.646543000	43.8075	101	1
1527782913.646806000	43.8078	148	0
1527782913.647259000	43.8082	98	1
1527782913.648497000	43.8095	92	0
1527782913.649268000	43.8102	98	1
1527782913.649890000	43.8109	256	0
1527782913.650580000	43.8115	98	1
1527782913.772565000	43.9335	390	1
1527782913.772653000	43.9336	260	1
1527782913.790870000	43.9518	87	0
1527782913.889098000	44.0501	278	0
1527782913.890396000	44.0514	101	1
1527782913.890427000	44.0514	148	0
1527782913.891369000	44.0523	98	1
1527782913.892481000	44.0534	92	0
1527782913.893356000	44.0543	98	1
1527782913.893877000	44.0548	335	0
1527782913.894345000	44.0553	98	1
1527782914.175904000	44.3369	899	1
1527782914.175988000	44.337	264	1
1527782914.194352000	44.3553	87	0
1527782914.343364000	44.5043	279	0
1527782914.344407000	44.5054	101	1
1527782914.344776000	44.5057	148	0
1527782914.345313000	44.5063	98	1
1527782914.346565000	44.5075	92	0
1527782914.347383000	44.5083	98	1
1527782914.347912000	44.5089	214	0
1527782914.348397000	44.5094	98	1
1527782914.656521000	44.8175	467	1
1527782914.656613000	44.8176	263	1
1527782914.674385000	44.8353	87	0
1527782914.747241000	44.9082	233	0
1527782914.748339000	44.9093	101	1
1527782914.748644000	44.9096	148	0
1527782914.749405000	44.9104	98	1
1527782914.750581000	44.9115	92	0
1527782914.751404000	44.9124	98	1
1527782914.751991000	44.913	318	0
1527782914.752476000	44.9134	98	1
1527782915.125867000	45.2868	390	1
1527782915.125941000	45.2869	257	1
1527782915.143356000	45.3043	87	0
1527782915.215740000	45.3767	256	0
1527782915.216613000	45.3776	101	1
1527782915.217156000	45.3781	148	0
1527782915.217666000	45.3786	98	1
1527782915.219077000	45.38	92	0
1527782915.219366000	45.3803	98	1
1527782915.220541000	45.3815	239	0
1527782915.221365000	45.3823	98	1
1527782916.126455000	46.2874	390	1
1527782916.126547000	46.2875	256	1
1527782916.144342000	46.3053	87	0
1527782916.252535000	46.4135	256	0
1527782916.253547000	46.4145	101	1
1527782916.253887000	46.4148	148	0
1527782916.255091000	46.4161	98	1
1527782916.255873000	46.4168	92	0
1527782916.257085000	46.418	98	1
1527782916.257321000	46.4183	138	0
1527782916.258016000	46.419	98	1
1527782916.389216000	46.5502	390	1
1527782916.389281000	46.5502	256	1
1527782916.406912000	46.5679	87	0
1527782916.482985000	46.6439	277	0
1527782916.484049000	46.645	101	1
1527782916.484428000	46.6454	148	0
1527782916.485039000	46.646	98	1
1527782916.486419000	46.6474	92	0
1527782916.487100000	46.6481	98	1
1527782916.487826000	46.6488	297	0
1527782916.488298000	46.6493	98	1
1527782916.608722000	46.7697	391	1
1527782916.608809000	46.7698	258	1
1527782916.626048000	46.787	87	0
1527782916.721107000	46.8821	235	0
1527782916.722147000	46.8831	101	1
1527782916.722619000	46.8836	148	0
1527782916.723024000	46.884	98	1
1527782916.724697000	46.8857	92	0
1527782916.725130000	46.8861	98	1
1527782916.726091000	46.8871	273	0
1527782916.727052000	46.888	98	1
1527782918.023966000	48.1849	395	1
1527782918.024050000	48.185	260	1
1527782918.041819000	48.2028	87	0
1527782918.130135000	48.2911	259	0
1527782918.131121000	48.2921	101	1
1527782918.131603000	48.2926	148	0
1527782918.132129000	48.2931	98	1
1527782918.133282000	48.2942	92	0
1527782918.134192000	48.2952	98	1
1527782918.134683000	48.2956	156	0
1527782918.135147000	48.2961	98	1
1527782918.402504000	48.5635	391	1
1527782918.402600000	48.5636	260	1
1527782918.419743000	48.5807	87	0
1527782918.490739000	48.6517	233	0
1527782918.491724000	48.6527	101	1
1527782918.492207000	48.6532	148	0
1527782918.493214000	48.6542	98	1
1527782918.493654000	48.6546	92	0
1527782918.494216000	48.6552	98	1
1527782918.495016000	48.656	196	0
1527782918.496163000	48.6571	98	1
1527782918.682596000	48.8436	390	1
1527782918.682687000	48.8436	258	1
1527782918.700858000	48.8618	87	0
1527782918.809222000	48.9702	261	0
1527782918.810184000	48.9711	101	1
1527782918.810660000	48.9716	148	0
1527782918.811156000	48.9721	98	1
1527782918.812465000	48.9734	92	0
1527782918.813237000	48.9742	98	1
1527782918.813871000	48.9748	234	0
1527782918.814344000	48.9753	98	1
1527782919.206838000	49.3678	390	1
1527782919.206923000	49.3679	258	1
1527782919.225426000	49.3864	87	0
1527782919.292203000	49.4532	314	0
1527782919.293197000	49.4542	101	1
1527782919.293616000	49.4546	148	0
1527782919.294173000	49.4551	98	1
1527782919.295080000	49.456	92	0
1527782919.296259000	49.4572	98	1
1527782919.296477000	49.4574	152	0
1527782919.297190000	49.4582	98	1
1527782919.576938000	49.7379	988	1
1527782919.577016000	49.738	260	1
1527782919.595670000	49.7566	87	0
1527782919.698661000	49.8596	235	0
1527782919.699702000	49.8607	101	1
1527782919.700065000	49.861	148	0
1527782919.701294000	49.8623	98	1
1527782919.703743000	49.8647	92	0
1527782919.704282000	49.8652	98	1
1527782919.705177000	49.8661	307	0
1527782919.706217000	49.8672	98	1
1527782919.916567000	50.0775	406	1
1527782919.916658000	50.0776	257	1
1527782919.933535000	50.0945	87	0
1527782920.031377000	50.1923	348	0
1527782920.032381000	50.1933	101	1
1527782920.032881000	50.1938	148	0
1527782920.033237000	50.1942	98	1
1527782920.034613000	50.1956	92	0
1527782920.035312000	50.1963	98	1
1527782920.035982000	50.1969	267	0
1527782920.036437000	50.1974	98	1
1527782920.227687000	50.3886	390	1
1527782920.227752000	50.3887	259	1
1527782920.245879000	50.4068	87	0
1527782920.326881000	50.4878	237	0
1527782920.327705000	50.4887	101	1
1527782920.328300000	50.4893	148	0
1527782920.329320000	50.4903	98	1
1527782920.329697000	50.4907	92	0
1527782920.330318000	50.4913	98	1
1527782920.331099000	50.4921	261	0
1527782920.332252000	50.4932	98	1
1527782920.796736000	50.9577	895	1
1527782920.796800000	50.9578	257	1
1527782920.812112000	50.9731	100	0
1527782920.813351000	50.9743	98	1
1527782920.815327000	50.9763	87	0
1527782920.898752000	51.0597	260	0
1527782920.899777000	51.0607	101	1
1527782920.900151000	51.0611	148	0
1527782920.901375000	51.0623	98	1
1527782920.904825000	51.0658	92	0
1527782920.905353000	51.0663	98	1
1527782920.906262000	51.0672	309	0
1527782920.907322000	51.0683	98	1
1527782921.036662000	51.1976	468	1
1527782921.036754000	51.1977	259	1
1527782921.068388000	51.2294	468	1
1527782921.084172000	51.2451	87	0
1527782921.188682000	51.3496	254	0
1527782921.189682000	51.3506	101	1
1527782921.190082000	51.351	148	0
1527782921.190458000	51.3514	98	1
1527782921.192506000	51.3535	92	0
1527782921.193388000	51.3544	98	1
1527782921.193878000	51.3548	212	0
1527782921.194373000	51.3553	98	1
1527782921.308930000	51.4699	388	1
1527782921.308998000	51.47	257	1
1527782921.326225000	51.4872	87	0
1527782921.432183000	51.5931	279	0
1527782921.433330000	51.5943	101	1
1527782921.433580000	51.5945	148	0
1527782921.434310000	51.5953	98	1
1527782921.435534000	51.5965	92	0
1527782921.436308000	51.5973	98	1
1527782921.436957000	51.5979	228	0
1527782921.437341000	51.5983	98	1
1527782921.789594000	51.9506	390	1
1527782921.789680000	51.9506	257	1
1527782921.806598000	51.9676	87	0
1527782921.889865000	52.0508	259	0
1527782921.890842000	52.0518	101	1
1527782921.891262000	52.0522	148	0
1527782921.892429000	52.0534	98	1
1527782921.893599000	52.0546	92	0
1527782921.894414000	52.0554	98	1
1527782921.894966000	52.0559	228	0
1527782921.895443000	52.0564	98	1
1527782922.207896000	52.3689	393	1
1527782922.207983000	52.3689	258	1
1527782922.224980000	52.3859	87	0
1527782922.300426000	52.4614	235	0
1527782922.301367000	52.4623	101	1
1527782922.301878000	52.4628	148	0
1527782922.302369000	52.4633	98	1
1527782922.303834000	52.4648	92	0
1527782922.304454000	52.4654	98	1
1527782922.305238000	52.4662	138	0
1527782922.306368000	52.4673	98	1
1527782929.512406000	59.6734	391	1
1527782929.512494000	59.6735	258	1
1527782929.529634000	59.6906	87	0
1527782929.653678000	59.8146	259	0
1527782929.654709000	59.8157	101	1
1527782929.655137000	59.8161	148	0
1527782929.655574000	59.8165	98	1
1527782929.657474000	59.8184	92	0
1527782929.658678000	59.8196	98	1
1527782929.658894000	59.8199	90	0
1527782929.659578000	59.8205	98	1
1527782929.821707000	59.9827	395	1
1527782929.821801000	59.9828	256	1
1527782929.840219000	60.0012	87	0
1527782929.940497000	60.1015	301	0
1527782929.941624000	60.1026	101	1
1527782929.941922000	60.1029	148	0
1527782929.942692000	60.1037	98	1
1527782929.944374000	60.1053	92	0
1527782929.944619000	60.1056	98	1
1527782929.945800000	60.1068	234	0
1527782929.946598000	60.1076	98	1
1527782930.172841000	60.3338	394	1
1527782930.172908000	60.3339	261	1
1527782930.189987000	60.3509	87	0
1527782930.279164000	60.4401	233	0
1527782930.280035000	60.441	101	1
1527782930.280585000	60.4415	148	0
1527782930.281610000	60.4426	98	1
1527782930.282198000	60.4432	92	0
1527782930.282599000	60.4436	98	1
1527782930.283602000	60.4446	126	0
1527782930.284610000	60.4456	98	1
1527782930.493259000	60.6542	390	1
1527782930.493323000	60.6543	258	1
1527782930.509931000	60.6709	87	0
1527782930.622226000	60.7832	235	0
1527782930.623184000	60.7841	101	1
1527782930.623643000	60.7846	148	0
1527782930.624732000	60.7857	98	1
1527782930.625929000	60.7869	92	0
1527782930.626710000	60.7877	98	1
1527782930.627381000	60.7883	131	0
1527782930.627872000	60.7888	98	1
1527782930.942200000	61.1032	993	1
1527782930.942262000	61.1032	263	1
1527782930.959629000	61.1206	87	0
1527782931.044971000	61.2059	259	0
1527782931.046005000	61.207	101	1
1527782931.046433000	61.2074	148	0
1527782931.046751000	61.2077	98	1
1527782931.048095000	61.2091	92	0
1527782931.048730000	61.2097	98	1
1527782931.049496000	61.2105	236	0
1527782931.050666000	61.2116	98	1
1527782931.169764000	61.3307	402	1
1527782931.169859000	61.3308	258	1
1527782931.187212000	61.3482	87	0
1527782931.269888000	61.4309	236	0
1527782931.271021000	61.432	148	0
1527782931.272938000	61.4339	104	1
1527782931.275213000	61.4362	92	0
1527782931.275770000	61.4367	98	1
1527782931.276797000	61.4378	129	0
1527782931.277679000	61.4386	98	1
1527782931.382914000	61.5439	392	1
1527782931.382992000	61.544	257	1
1527782931.400979000	61.5619	87	0
1527782931.410157000	61.5711	87	0
1527782931.511740000	61.6727	312	0
1527782931.512697000	61.6737	104	1
1527782931.513158000	61.6741	148	0
1527782931.513683000	61.6746	98	1
1527782931.514842000	61.6758	92	0
1527782931.515761000	61.6767	98	1
1527782931.516247000	61.6772	134	0
1527782931.516714000	61.6777	98	1
1527782931.592931000	61.7539	895	1
1527782931.593023000	61.754	256	1
1527782931.610474000	61.7714	87	0
1527782931.695189000	61.8562	233	0
1527782931.696091000	61.8571	101	1
1527782931.696604000	61.8576	148	0
1527782931.697775000	61.8587	98	1
1527782931.698920000	61.8599	92	0
1527782931.699772000	61.8607	98	1
1527782931.700374000	61.8613	192	0
1527782931.700822000	61.8618	98	1
1527782931.980916000	62.1419	466	1
1527782931.981015000	62.142	258	1
1527782931.998655000	62.1596	87	0
1527782932.088207000	62.2492	352	0
1527782932.089350000	62.2503	101	1
1527782932.089608000	62.2506	148	0
1527782932.090824000	62.2518	98	1
1527782932.092666000	62.2536	92	0
1527782932.093752000	62.2547	98	1
1527782932.094165000	62.2551	303	0
1527782932.094757000	62.2557	98	1
1527782932.193998000	62.355	391	1
1527782932.194092000	62.3551	258	1
1527782932.211027000	62.372	87	0
1527782932.298150000	62.4591	240	0
1527782932.299201000	62.4602	101	1
1527782932.299559000	62.4605	148	0
1527782932.300809000	62.4618	98	1
1527782932.302391000	62.4634	92	0
1527782932.302806000	62.4638	98	1
1527782932.303781000	62.4647	326	0
1527782932.304734000	62.4657	98	1
1527782932.413192000	62.5742	392	1
1527782932.413253000	62.5742	257	1
1527782932.429957000	62.5909	87	0
1527782932.512402000	62.6734	235	0
1527782932.513247000	62.6742	101	1
1527782932.513752000	62.6747	148	0
1527782932.514745000	62.6757	98	1
1527782932.516005000	62.677	92	0
1527782932.516726000	62.6777	98	1
1527782932.517408000	62.6784	182	0
1527782932.517797000	62.6788	98	1
1527782932.727372000	62.8883	391	1
1527782932.727438000	62.8884	256	1
1527782932.745714000	62.9067	87	0
1527782932.825817000	62.9868	279	0
1527782932.826830000	62.9878	101	1
1527782932.827231000	62.9882	148	0
1527782932.827758000	62.9887	98	1
1527782932.830602000	62.9916	92	0
1527782932.831835000	62.9928	98	1
1527782932.832143000	62.9931	185	0
1527782932.832754000	62.9937	98	1
1527782933.199980000	63.3609	372	1
1527782933.200067000	63.361	1412	1
1527782933.200094000	63.3611	1412	1
1527782933.200137000	63.3611	1412	1
1527782933.200189000	63.3612	835	1
1527782933.216645000	63.3776	100	0
1527782933.217880000	63.3788	98	1
1527782933.279055000	63.44	391	0
1527782933.279892000	63.4409	98	1
1527782933.283668000	63.4446	80	0
1527782933.284795000	63.4458	98	1
1527782933.916223000	64.0772	394	1
1527782933.916316000	64.0773	260	1
1527782933.933288000	64.0943	87	0
1527782934.023855000	64.1848	302	0
1527782934.024640000	64.1856	101	1
1527782934.025339000	64.1863	148	0
1527782934.025659000	64.1866	98	1
1527782934.028136000	64.1891	92	0
1527782934.028694000	64.1897	98	1
1527782934.029564000	64.1905	261	0
1527782934.030633000	64.1916	98	1
1527782934.442931000	64.6039	394	1
1527782934.443011000	64.604	256	1
1527782934.459843000	64.6208	87	0
1527782934.470542000	64.6315	87	0
1527782934.552963000	64.7139	235	0
1527782934.554025000	64.715	104	1
1527782934.554343000	64.7153	148	0
1527782934.554733000	64.7157	98	1
1527782934.555953000	64.7169	92	0
1527782934.556645000	64.7176	98	1
1527782934.557352000	64.7183	168	0
1527782934.557779000	64.7187	98	1
1527782934.694094000	64.8551	391	1
1527782934.694187000	64.8551	257	1
1527782934.711281000	64.8722	87	0
1527782934.801219000	64.9622	298	0
1527782934.802240000	64.9632	101	1
1527782934.802723000	64.9637	148	0
1527782934.803742000	64.9647	98	1
1527782934.804912000	64.9659	92	0
1527782934.805738000	64.9667	98	1
1527782934.806373000	64.9673	284	0
1527782934.806825000	64.9678	98	1
1527782934.914288000	65.0753	988	1
1527782934.914381000	65.0753	260	1
1527782934.933170000	65.0941	87	0
1527782935.027675000	65.1886	233	0
1527782935.028698000	65.1897	101	1
1527782935.029094000	65.1901	148	0
1527782935.029679000	65.1906	98	1
1527782935.030972000	65.1919	92	0
1527782935.031751000	65.1927	98	1
1527782935.032493000	65.1935	322	0
1527782935.032943000	65.1939	98	1
1527782935.280047000	65.441	401	1
1527782935.280143000	65.4411	256	1
1527782935.300080000	65.461	87	0
1527782935.372197000	65.5332	233	0
1527782935.373127000	65.5341	101	1
1527782935.373616000	65.5346	148	0
1527782935.374795000	65.5358	98	1
1527782935.376432000	65.5374	92	0
1527782935.376695000	65.5377	98	1
1527782935.377770000	65.5387	159	0
1527782935.378702000	65.5397	98	1
1527782935.604952000	65.7659	393	1
1527782935.605018000	65.766	258	1
1527782935.623530000	65.7845	87	0
1527782935.702575000	65.8635	233	0
1527782935.703737000	65.8647	101	1
1527782935.703923000	65.8649	148	0
1527782935.704810000	65.8658	98	1
1527782935.705368000	65.8663	92	0
1527782935.705802000	65.8668	98	1
1527782935.706764000	65.8677	202	0
1527782935.707731000	65.8687	98	1
1527782936.444701000	66.6057	899	1
1527782936.444808000	66.6058	257	1
1527782936.464784000	66.6257	87	0
1527782936.566342000	66.7273	262	0
1527782936.567197000	66.7282	101	1
1527782936.567740000	66.7287	148	0
1527782936.568842000	66.7298	98	1
1527782936.569118000	66.7301	92	0
1527782936.569840000	66.7308	98	1
1527782936.570521000	66.7315	319	0
1527782936.570973000	66.7319	98	1
1527782936.894549000	67.0555	467	1
1527782936.894638000	67.0556	258	1
1527782936.911743000	67.0727	87	0
1527782936.987367000	67.1483	337	0
1527782936.988486000	67.1494	101	1
1527782936.988712000	67.1497	148	0
1527782936.989863000	67.1508	98	1
1527782936.991255000	67.1522	92	0
1527782936.991871000	67.1528	98	1
1527782936.992790000	67.1538	119	0
1527782936.993796000	67.1548	98	1
1527782937.114898000	67.2759	394	1
1527782937.114991000	67.276	259	1
1527782937.132317000	67.2933	87	0
1527782937.227822000	67.3888	328	0
1527782937.228813000	67.3898	101	1
1527782937.229241000	67.3902	148	0
1527782937.229801000	67.3908	98	1
1527782937.231843000	67.3928	92	0
1527782937.232880000	67.3938	98	1
1527782937.233276000	67.3942	236	0
1527782937.233789000	67.3948	98	1
1527782938.472893000	68.6339	372	1
1527782938.472985000	68.6339	1412	1
1527782938.473010000	68.634	1412	1
1527782938.473038000	68.634	1412	1
1527782938.473055000	68.634	122	1
1527782938.490707000	68.6517	87	0
1527782938.551193000	68.7122	396	0
1527782938.552073000	68.713	101	1
1527782938.557214000	68.7182	80	0
1527782938.557870000	68.7188	98	1
1527782938.916186000	69.0771	390	1
1527782938.916247000	69.0772	258	1
1527782938.936480000	69.0974	87	0
1527782939.094232000	69.2552	282	0
1527782939.095135000	69.2561	101	1
1527782939.095652000	69.2566	148	0
1527782939.095978000	69.2569	98	1
1527782939.098826000	69.2598	92	0
1527782939.099930000	69.2609	98	1
1527782939.100255000	69.2612	255	0
1527782939.100907000	69.2619	98	1
1527782939.374122000	69.5351	389	1
1527782939.374173000	69.5351	257	1
1527782939.392737000	69.5537	87	0
1527782939.492170000	69.6531	233	0
1527782939.493086000	69.654	101	1
1527782939.493595000	69.6546	148	0
1527782939.494091000	69.6551	98	1
1527782939.494930000	69.6559	92	0
1527782939.495952000	69.6569	98	1
1527782939.496377000	69.6573	290	0
1527782939.496919000	69.6579	98	1
1527782939.764413000	69.9254	389	1
1527782939.764468000	69.9254	258	1
1527782939.782181000	69.9431	87	0
1527782939.855887000	70.0168	259	0
1527782939.856980000	70.0179	101	1
1527782939.857275000	70.0182	148	0
1527782939.858012000	70.019	98	1
1527782939.859300000	70.0203	92	0
1527782939.859994000	70.021	98	1
1527782939.860703000	70.0217	198	0
1527782939.861165000	70.0221	98	1
1527782940.101676000	70.2626	391	1
1527782940.101768000	70.2627	258	1
1527782940.118727000	70.2797	87	0
1527782940.204930000	70.3659	281	0
1527782940.205984000	70.3669	101	1
1527782940.206392000	70.3674	148	0
1527782940.206984000	70.3679	98	1
1527782940.207967000	70.3689	92	0
1527782940.209064000	70.37	98	1
1527782940.209399000	70.3704	302	0
1527782940.209985000	70.3709	98	1
1527782940.379114000	70.5401	395	1
1527782940.379210000	70.5402	256	1
1527782940.397050000	70.558	87	0
1527782940.487301000	70.6483	236	0
1527782940.488133000	70.6491	101	1
1527782940.488720000	70.6497	148	0
1527782940.489029000	70.65	98	1
1527782940.490679000	70.6516	92	0
1527782940.491072000	70.652	98	1
1527782940.492156000	70.6531	203	0
1527782940.492998000	70.654	98	1
1527782940.799497000	70.9605	989	1
1527782940.799559000	70.9605	259	1
1527782940.816716000	70.9777	87	0
1527782940.915076000	71.076	298	0
1527782940.916012000	71.077	101	1
1527782940.916555000	71.0775	148	0
1527782940.917017000	71.078	98	1
1527782940.918794000	71.0798	92	0
1527782940.919052000	71.08	98	1
1527782940.920214000	71.0812	107	0
1527782940.921018000	71.082	98	1
1527782941.419454000	71.5804	405	1
1527782941.419546000	71.5805	261	1
1527782941.451161000	71.6121	405	1
1527782941.458037000	71.619	87	0
1527782941.474310000	71.6353	306	1
1527782941.474396000	71.6354	1412	1
1527782941.474421000	71.6354	1412	1
1527782941.474461000	71.6354	1412	1
1527782941.474494000	71.6355	1412	1
1527782941.474529000	71.6355	1412	1
1527782941.474569000	71.6355	1412	1
1527782941.474603000	71.6356	1412	1
1527782941.474637000	71.6356	1412	1
1527782941.474677000	71.6356	1412	1
1527782941.474710000	71.6357	1412	1
1527782941.476077000	71.637	1412	1
1527782941.476120000	71.6371	1412	1
1527782941.476157000	71.6371	1412	1
1527782941.476177000	71.6371	148	1
1527782941.494981000	71.6559	87	0
1527782941.500877000	71.6618	87	0
1527782941.510513000	71.6715	87	0
1527782941.541317000	71.7023	233	0
1527782941.542409000	71.7034	110	1
1527782941.542778000	71.7037	148	0
1527782941.543137000	71.7041	98	1
1527782941.545089000	71.7061	92	0
1527782941.546124000	71.7071	98	1
1527782941.546539000	71.7075	162	0
1527782941.547055000	71.708	98	1
1527782941.597379000	71.7583	384	0
1527782941.598153000	71.7591	98	1
1527782941.603219000	71.7642	80	0
1527782941.604061000	71.765	98	1
1527782941.724412000	71.8854	390	1
1527782941.724488000	71.8855	257	1
1527782941.741697000	71.9027	87	0
1527782941.815791000	71.9768	260	0
1527782941.817123000	71.9781	148	0
1527782941.817218000	71.9782	101	1
1527782941.818143000	71.9791	98	1
1527782941.819878000	71.9808	92	0
1527782941.821128000	71.9821	98	1
1527782941.821350000	71.9823	174	0
1527782941.822063000	71.983	98	1
1527782942.134443000	72.2954	899	1
1527782942.134531000	72.2955	258	1
1527782942.154890000	72.3159	87	0
1527782942.250547000	72.4115	311	0
1527782942.251598000	72.4126	101	1
1527782942.251963000	72.4129	148	0
1527782942.253166000	72.4141	98	1
1527782942.253900000	72.4149	92	0
1527782942.254161000	72.4151	98	1
1527782942.255359000	72.4163	262	0
1527782942.256097000	72.4171	98	1
1527782942.423384000	72.5843	469	1
1527782942.423475000	72.5844	257	1
1527782942.440514000	72.6015	87	0
1527782942.445938000	72.6069	87	0
1527782942.519389000	72.6804	326	0
1527782942.520248000	72.6812	104	1
1527782942.520802000	72.6818	148	0
1527782942.521105000	72.6821	98	1
1527782942.522240000	72.6832	92	0
1527782942.523121000	72.6841	98	1
1527782942.523729000	72.6847	312	0
1527782942.524209000	72.6852	98	1
1527782942.901678000	73.0626	390	1
1527782942.901745000	73.0627	257	1
1527782942.920910000	73.0819	87	0
1527782943.108742000	73.2697	255	0
1527782943.109614000	73.2706	101	1
1527782943.110154000	73.2711	148	0
1527782943.111237000	73.2722	98	1
1527782943.111813000	73.2728	92	0
1527782943.112213000	73.2732	98	1
1527782943.113229000	73.2742	292	0
1527782943.114144000	73.2751	98	1
1527782943.851661000	74.0126	388	1
1527782943.851722000	74.0127	258	1
1527782943.868648000	74.0296	87	0
1527782943.959877000	74.1208	255	0
1527782943.960710000	74.1217	101	1
1527782943.961245000	74.1222	148	0
1527782943.962265000	74.1232	98	1
1527782943.962737000	74.1237	92	0
1527782943.963264000	74.1242	98	1
1527782943.964134000	74.1251	142	0
1527782943.965200000	74.1262	98	1
1527782944.720411000	74.8814	391	1
1527782944.720508000	74.8815	259	1
1527782944.738094000	74.8991	87	0
1527782944.823658000	74.9846	282	0
1527782944.824718000	74.9857	101	1
1527782944.825059000	74.986	148	0
1527782944.825340000	74.9863	98	1
1527782944.827347000	74.9883	92	0
1527782944.828252000	74.9892	98	1
1527782944.828783000	74.9897	139	0
1527782944.829236000	74.9902	98	1
1527782945.011809000	75.1728	394	1
1527782945.011905000	75.1729	260	1
1527782945.030573000	75.1915	87	0
1527782945.127703000	75.2887	235	0
1527782945.128588000	75.2896	101	1
1527782945.129103000	75.2901	148	0
1527782945.129302000	75.2903	98	1
1527782945.131935000	75.2929	92	0
1527782945.132260000	75.2932	98	1
1527782945.133349000	75.2943	278	0
1527782945.134272000	75.2952	98	1
1527782945.478720000	75.6397	390	1
1527782945.478778000	75.6397	261	1
1527782945.496162000	75.6571	87	0
1527782945.587086000	75.748	233	0
1527782945.588292000	75.7493	101	1
1527782945.588481000	75.7494	148	0
1527782945.589325000	75.7503	98	1
1527782945.590873000	75.7518	92	0
1527782945.591316000	75.7523	98	1
1527782945.592348000	75.7533	102	0
1527782945.593283000	75.7542	98	1
1527782945.768152000	75.9291	390	1
1527782945.768395000	75.9294	257	1
1527782945.785515000	75.9465	87	0
1527782945.886684000	76.0476	301	0
1527782945.887541000	76.0485	101	1
1527782945.888103000	76.0491	148	0
1527782945.888438000	76.0494	98	1
1527782945.890070000	76.051	92	0
1527782945.890352000	76.0513	98	1
1527782945.891550000	76.0525	134	0
1527782945.892291000	76.0533	98	1
1527782946.303011000	76.464	991	1
1527782946.303099000	76.4641	256	1
1527782946.320380000	76.4813	87	0
1527782946.392396000	76.5534	233	0
1527782946.393432000	76.5544	101	1
1527782946.393820000	76.5548	148	0
1527782946.394327000	76.5553	98	1
1527782946.396641000	76.5576	92	0
1527782946.397400000	76.5584	98	1
1527782946.398044000	76.559	224	0
1527782946.398524000	76.5595	98	1
1527782946.532606000	76.6936	401	1
1527782946.532697000	76.6937	259	1
1527782946.550632000	76.7116	87	0
1527782946.663984000	76.8249	233	0
1527782946.665010000	76.826	101	1
1527782946.668106000	76.8291	158	0
1527782946.668422000	76.8294	98	1
1527782946.669460000	76.8304	86	0
1527782946.670780000	76.8317	98	1
1527782946.814074000	76.975	390	1
1527782946.814169000	76.9751	257	1
1527782946.842615000	77.0036	87	0
1527782946.935345000	77.0963	300	0
1527782946.936372000	77.0973	101	1
1527782946.936750000	77.0977	148	0
1527782946.937358000	77.0983	98	1
1527782946.939134000	77.1001	92	0
1527782946.939357000	77.1003	98	1
1527782946.940558000	77.1015	155	0
1527782946.941360000	77.1023	98	1
1527782947.024715000	77.1857	391	1
1527782947.024789000	77.1858	259	1
1527782947.041538000	77.2025	87	0
1527782947.130073000	77.291	235	0
1527782947.131442000	77.2924	101	1
1527782947.131459000	77.2924	148	0
1527782947.132463000	77.2934	98	1
1527782947.136678000	77.2976	92	0
1527782947.137449000	77.2984	98	1
1527782947.138106000	77.2991	267	0
1527782947.138562000	77.2995	98	1
1527782947.234364000	77.3953	896	1
1527782947.234416000	77.3954	256	1
1527782947.251398000	77.4124	87	0
1527782947.355787000	77.5167	233	0
1527782947.356876000	77.5178	101	1
1527782947.357121000	77.5181	148	0
1527782947.357572000	77.5185	98	1
1527782947.358582000	77.5195	92	0
1527782947.359474000	77.5204	98	1
1527782947.359923000	77.5209	258	0
1527782947.360448000	77.5214	98	1
1527782947.670199000	77.8312	390	1
1527782947.670297000	77.8313	260	1
1527782947.688000000	77.849	87	0
1527782947.836572000	77.9975	256	0
1527782947.837574000	77.9985	101	1
1527782947.837910000	77.9989	148	0
1527782947.838414000	77.9994	98	1
1527782947.839416000	78.0004	92	0
1527782947.840508000	78.0015	98	1
1527782947.840817000	78.0018	314	0
1527782947.841397000	78.0024	98	1
1527782948.142627000	78.3036	466	1
1527782948.142688000	78.3037	256	1
1527782948.159436000	78.3204	87	0
1527782948.288490000	78.4495	239	0
1527782948.289444000	78.4504	101	1
1527782948.289832000	78.4508	148	0
1527782948.290535000	78.4515	98	1
1527782948.291294000	78.4523	92	0
1527782948.292510000	78.4535	98	1
1527782948.292758000	78.4537	220	0
1527782948.293421000	78.4544	98	1
1527782948.632914000	78.7939	390	1
1527782948.632981000	78.7939	259	1
1527782948.650175000	78.8111	87	0
1527782948.730731000	78.8917	314	0
1527782948.731706000	78.8927	101	1
1527782948.732182000	78.8931	148	0
1527782948.732503000	78.8935	98	1
1527782948.733574000	78.8945	92	0
1527782948.734536000	78.8955	98	1
1527782948.734985000	78.8959	107	0
1527782948.735443000	78.8964	98	1
1527782948.876654000	79.0376	390	1
1527782948.876747000	79.0377	260	1
1527782948.894773000	79.0557	87	0
1527782948.975673000	79.1366	349	0
1527782948.976562000	79.1375	101	1
1527782948.977095000	79.1381	148	0
1527782948.977475000	79.1384	98	1
1527782948.978486000	79.1394	92	0
1527782948.979548000	79.1405	98	1
1527782948.979879000	79.1408	161	0
1527782948.980465000	79.1414	98	1
1527782949.255722000	79.4167	393	1
1527782949.255805000	79.4168	262	1
1527782949.274967000	79.4359	87	0
1527782949.380226000	79.5412	235	0
1527782949.381598000	79.5426	101	1
1527782949.381639000	79.5426	148	0
1527782949.382493000	79.5435	98	1
1527782949.386365000	79.5473	92	0
1527782949.387578000	79.5485	98	1
1527782949.415988000	79.577	171	0
1527782949.416570000	79.5775	98	1
1527782949.485911000	79.6469	395	1
1527782949.486001000	79.647	260	1
1527782949.515170000	79.6761	87	0
1527782949.611750000	79.7727	233	0
1527782949.612833000	79.7738	101	1
1527782949.613085000	79.774	148	0
1527782949.613528000	79.7745	98	1
1527782949.615762000	79.7767	92	0
1527782949.616593000	79.7776	98	1
1527782949.617188000	79.7782	277	0
1527782949.617704000	79.7787	98	1
1527782949.797072000	79.958	389	1
1527782949.797157000	79.9581	260	1
1527782949.814886000	79.9758	87	0
1527782949.885936000	80.0469	282	0
1527782949.886903000	80.0479	101	1
1527782949.887462000	80.0484	148	0
1527782949.888609000	80.0496	98	1
1527782949.889397000	80.0504	92	0
1527782949.890613000	80.0516	98	1
1527782949.890803000	80.0518	270	0
1527782949.891527000	80.0525	98	1
1527782950.231220000	80.3922	394	1
1527782950.231301000	80.3923	261	1
1527782950.248428000	80.4094	87	0
1527782950.316176000	80.4771	236	0
1527782950.317203000	80.4782	101	1
1527782950.317581000	80.4785	148	0
1527782950.318650000	80.4796	98	1
1527782950.319049000	80.48	92	0
1527782950.319636000	80.4806	98	1
1527782950.320376000	80.4813	159	0
1527782950.320751000	80.4817	98	1
1527782950.531137000	80.6921	989	1
1527782950.531248000	80.6922	261	1
1527782950.549508000	80.7105	87	0
1527782950.642504000	80.8035	232	0
1527782950.643619000	80.8046	101	1
1527782950.643882000	80.8048	148	0
1527782950.644647000	80.8056	98	1
1527782950.645622000	80.8066	92	0
1527782950.646644000	80.8076	98	1
1527782950.646988000	80.808	283	0
1527782950.647582000	80.8085	98	1
1527782950.937931000	81.0989	404	1
1527782950.937992000	81.099	258	1
1527782950.956347000	81.1173	87	0
1527782951.039101000	81.2001	304	0
1527782951.039962000	81.2009	101	1
1527782951.040518000	81.2015	148	0
1527782951.041690000	81.2027	98	1
1527782951.043352000	81.2043	92	0
1527782951.043614000	81.2046	98	1
1527782951.044768000	81.2057	134	0
1527782951.045598000	81.2066	98	1
1527782952.203204000	82.3642	393	1
1527782952.203271000	82.3642	259	1
1527782952.225135000	82.3861	87	0
1527782952.236444000	82.3974	87	0
1527782952.329180000	82.4901	255	0
1527782952.330157000	82.4911	104	1
1527782952.330589000	82.4916	148	0
1527782952.331738000	82.4927	98	1
1527782952.332241000	82.4932	92	0
1527782952.332737000	82.4937	98	1
1527782952.333649000	82.4946	229	0
1527782952.334687000	82.4956	98	1
1527782952.434055000	82.595	894	1
1527782952.434148000	82.5951	261	1
1527782952.452726000	82.6137	87	0
1527782952.531889000	82.6929	235	0
1527782952.532724000	82.6937	101	1
1527782952.533367000	82.6943	148	0
1527782952.533691000	82.6947	98	1
1527782952.535048000	82.696	92	0
1527782952.535751000	82.6967	98	1
1527782952.536454000	82.6974	218	0
1527782952.536903000	82.6979	98	1
1527782952.822888000	82.9839	390	1
1527782952.822955000	82.9839	258	1
1527782952.840291000	83.0013	87	0
1527782952.921522000	83.0825	297	0
1527782952.922787000	83.0837	101	1
1527782952.922852000	83.0838	148	0
1527782952.923797000	83.0848	98	1
1527782952.928672000	83.0896	92	0
1527782952.929769000	83.0907	98	1
1527782952.933277000	83.0942	310	0
1527782952.933730000	83.0947	98	1
1527782953.323275000	83.4842	466	1
1527782953.323348000	83.4843	262	1
1527782953.342070000	83.503	87	0
1527782953.406016000	83.567	235	0
1527782953.406821000	83.5678	101	1
1527782953.407406000	83.5684	148	0
1527782953.407721000	83.5687	98	1
1527782953.409169000	83.5701	92	0
1527782953.409720000	83.5707	98	1
1527782953.410574000	83.5715	326	0
1527782953.411036000	83.572	98	1
1527782953.614173000	83.7751	390	1
1527782953.614265000	83.7752	260	1
1527782953.631918000	83.7929	87	0
1527782953.729252000	83.8902	235	0
1527782953.730207000	83.8912	101	1
1527782953.730677000	83.8916	148	0
1527782953.731822000	83.8928	98	1
1527782953.732546000	83.8935	92	0
1527782953.732809000	83.8938	98	1
1527782953.733894000	83.8949	152	0
1527782953.734752000	83.8957	98	1
1527782954.073760000	84.2347	390	1
1527782954.073849000	84.2348	261	1
1527782954.094914000	84.2559	87	0
1527782954.188729000	84.3497	256	0
1527782954.189783000	84.3507	101	1
1527782954.190129000	84.3511	148	0
1527782954.190791000	84.3518	98	1
1527782954.192127000	84.3531	92	0
1527782954.192781000	84.3537	98	1
1527782954.193526000	84.3545	119	0
1527782954.193988000	84.355	98	1
1527782955.993470000	86.1544	389	1
1527782955.993537000	86.1545	261	1
1527782956.012895000	86.1739	87	0
1527782956.089262000	86.2502	259	0
1527782956.090086000	86.251	101	1
1527782956.090756000	86.2517	148	0
1527782956.091924000	86.2529	98	1
1527782956.092577000	86.2535	92	0
1527782956.092884000	86.2538	98	1
1527782956.093928000	86.2549	296	0
1527782956.094899000	86.2559	98	1
1527782956.302090000	86.4631	389	1
1527782956.302157000	86.4631	258	1
1527782956.321353000	86.4823	87	0
1527782956.514916000	86.6759	311	0
1527782956.515907000	86.6769	101	1
1527782956.516380000	86.6773	148	0
1527782956.516917000	86.6779	98	1
1527782956.518543000	86.6795	92	0
1527782956.518924000	86.6799	98	1
1527782956.519917000	86.6809	129	0
1527782956.520909000	86.6819	98	1
1527782956.893580000	87.0545	393	1
1527782956.893671000	87.0546	263	1
1527782956.910922000	87.0719	87	0
1527782956.992320000	87.1533	351	0
1527782956.993300000	87.1543	101	1
1527782956.993725000	87.1547	148	0
1527782956.993942000	87.1549	98	1
1527782956.995865000	87.1568	92	0
1527782956.996919000	87.1579	98	1
1527782956.997291000	87.1583	173	0
1527782956.997916000	87.1589	98	1
1527782957.123739000	87.2847	394	1
1527782957.123838000	87.2848	261	1
1527782957.141850000	87.3028	87	0
1527782957.219836000	87.3808	235	0
1527782957.220974000	87.3819	101	1
1527782957.221251000	87.3822	148	0
1527782957.221970000	87.3829	98	1
1527782957.222875000	87.3838	92	0
1527782957.223956000	87.3849	98	1
1527782957.224240000	87.3852	188	0
1527782957.224931000	87.3859	98	1
1527782958.484694000	88.6457	992	1
1527782958.484786000	88.6457	264	1
1527782958.502538000	88.6635	87	0
1527782958.627751000	88.7887	282	0
1527782958.629068000	88.79	101	1
1527782958.629081000	88.79	148	0
1527782958.630114000	88.7911	98	1
1527782958.645931000	88.8069	102	0
1527782958.647097000	88.8081	98	1
1527782958.647411000	88.8084	292	0
1527782958.648012000	88.809	98	1
1527782958.863436000	89.0244	401	1
1527782958.863526000	89.0245	259	1
1527782958.882523000	89.0435	87	0
1527782958.982416000	89.1434	259	0
1527782958.983478000	89.1444	101	1
1527782958.983855000	89.1448	148	0
1527782958.985117000	89.1461	98	1
1527782958.986348000	89.1473	92	0
1527782958.987138000	89.1481	98	1
1527782958.987747000	89.1487	174	0
1527782958.988235000	89.1492	98	1
1527782959.284100000	89.4451	391	1
1527782959.284190000	89.4452	261	1
1527782959.302195000	89.4632	87	0
1527782959.396892000	89.5579	235	0
1527782959.398133000	89.5591	101	1
1527782959.398364000	89.5593	148	0
1527782959.399168000	89.5601	98	1
1527782959.401092000	89.5621	92	0
1527782959.402145000	89.5631	98	1
1527782959.402583000	89.5635	286	0
1527782959.403086000	89.564	98	1
1527782959.508063000	89.669	900	1
1527782959.508158000	89.6691	259	1
1527782959.526016000	89.687	87	0
1527782959.608805000	89.7698	281	0
1527782959.610138000	89.7711	148	0
1527782959.610246000	89.7712	101	1
1527782959.611179000	89.7721	98	1
1527782959.612312000	89.7733	92	0
1527782959.613172000	89.7741	98	1
1527782959.613711000	89.7747	106	0
1527782959.614201000	89.7752	98	1
1527782959.716628000	89.8776	391	1
1527782959.716713000	89.8777	259	1
1527782959.734149000	89.8951	87	0
1527782959.848171000	90.0091	258	0
1527782959.849106000	90.0101	101	1
1527782959.849652000	90.0106	148	0
1527782959.850104000	90.0111	98	1
1527782959.851267000	90.0122	92	0
1527782959.852174000	90.0131	98	1
1527782959.852731000	90.0137	309	0
1527782959.853210000	90.0142	98	1
1527782960.405518000	90.5665	468	1
1527782960.405576000	90.5665	261	1
1527782960.422578000	90.5835	87	0
1527782960.495703000	90.6567	236	0
1527782960.496660000	90.6576	101	1
1527782960.497132000	90.6581	148	0
1527782960.498213000	90.6592	98	1
1527782960.498475000	90.6594	92	0
1527782960.499210000	90.6602	98	1
1527782960.499882000	90.6608	129	0
1527782960.500377000	90.6613	98	1
1527782960.675642000	90.8366	396	1
1527782960.675734000	90.8367	262	1
1527782960.693457000	90.8544	87	0
1527782960.797180000	90.9581	300	0
1527782960.798170000	90.9591	101	1
1527782960.798604000	90.9596	148	0
1527782960.799152000	90.9601	98	1
1527782960.800978000	90.9619	92	0
1527782960.801202000	90.9622	98	1
1527782960.802540000	90.9635	206	0
1527782960.803139000	90.9641	98	1
1527782961.132332000	91.2933	391	1
1527782961.132426000	91.2934	259	1
1527782961.149412000	91.3104	87	0
1527782961.250810000	91.4118	233	0
1527782961.251822000	91.4128	101	1
1527782961.252269000	91.4132	148	0
1527782961.253254000	91.4142	98	1
1527782961.254502000	91.4155	92	0
1527782961.255279000	91.4162	98	1
1527782961.255885000	91.4168	264	0
1527782961.256433000	91.4174	98	1
1527782961.375352000	91.5363	393	1
1527782961.375449000	91.5364	258	1
1527782961.392496000	91.5535	87	0
1527782961.515892000	91.6769	233	0
1527782961.517246000	91.6782	148	0
1527782961.517349000	91.6783	101	1
1527782961.518270000	91.6792	98	1
1527782961.518688000	91.6797	92	0
1527782961.519268000	91.6802	98	1
1527782961.520090000	91.6811	230	0
1527782961.521199000	91.6822	98	1
1527782961.596669000	91.7576	389	1
1527782961.596761000	91.7577	262	1
1527782961.613645000	91.7746	87	0
1527782961.709306000	91.8703	235	0
1527782961.710321000	91.8713	101	1
1527782961.710744000	91.8717	148	0
1527782961.711220000	91.8722	98	1
1527782961.712673000	91.8736	92	0
1527782961.713208000	91.8742	98	1
1527782961.714078000	91.875	246	0
1527782961.715214000	91.8762	98	1
1527782961.845476000	92.0064	391	1
1527782961.845535000	92.0065	259	1
1527782961.862373000	92.0233	87	0
1527782961.949913000	92.1109	256	0
1527782961.951286000	92.1122	148	0
1527782961.951338000	92.1123	101	1
1527782961.952295000	92.1133	98	1
1527782961.953265000	92.1142	92	0
1527782961.954292000	92.1153	98	1
1527782961.954714000	92.1157	308	0
1527782961.955216000	92.1162	98	1
1527782962.265420000	92.4264	390	1
1527782962.265514000	92.4265	262	1
1527782962.284619000	92.4456	87	0
1527782962.366308000	92.5273	237	0
1527782962.367362000	92.5283	101	1
1527782962.367718000	92.5287	148	0
1527782962.368245000	92.5292	98	1
1527782962.370866000	92.5318	92	0
1527782962.371317000	92.5323	98	1
1527782962.372289000	92.5333	153	0
1527782962.373263000	92.5342	98	1
1527782962.731185000	92.8921	390	1
1527782962.731266000	92.8922	262	1
1527782962.749424000	92.9104	87	0
1527782962.828842000	92.9898	335	0
1527782962.829891000	92.9909	101	1
1527782962.830247000	92.9912	148	0
1527782962.831346000	92.9923	98	1
1527782962.833879000	92.9948	92	0
1527782962.834342000	92.9953	98	1
1527782962.835319000	92.9963	245	0
1527782962.836276000	92.9972	98	1
1527782963.137687000	93.2986	992	1
1527782963.137776000	93.2987	263	1
1527782963.155656000	93.3166	87	0
1527782963.236716000	93.3977	328	0
1527782963.237705000	93.3987	101	1
1527782963.238125000	93.3991	148	0
1527782963.239394000	93.4004	98	1
1527782963.240345000	93.4013	92	0
1527782963.241369000	93.4023	98	1
1527782963.241866000	93.4028	224	0
1527782963.242323000	93.4033	98	1
1527782964.006957000	94.1679	403	1
1527782964.007021000	94.168	259	1
1527782964.024948000	94.1859	87	0
1527782964.109883000	94.2708	258	0
1527782964.110973000	94.2719	101	1
1527782964.111258000	94.2722	148	0
1527782964.112413000	94.2734	98	1
1527782964.113228000	94.2742	92	0
1527782964.114358000	94.2753	98	1
1527782964.114655000	94.2756	285	0
1527782964.115337000	94.2763	98	1
1527782964.296530000	94.4575	390	1
1527782964.296584000	94.4575	258	1
1527782964.314243000	94.4752	87	0
1527782964.405716000	94.5667	259	0
1527782964.406638000	94.5676	101	1
1527782964.407207000	94.5682	148	0
1527782964.408431000	94.5694	98	1
1527782964.410413000	94.5714	92	0
1527782964.411430000	94.5724	98	1
1527782964.411881000	94.5728	100	0
1527782964.412380000	94.5733	98	1
1527782964.726738000	94.8877	896	1
1527782964.726825000	94.8878	262	1
1527782964.745821000	94.9068	87	0
1527782964.856888000	95.0179	259	0
1527782964.857887000	95.0188	101	1
1527782964.858321000	95.0193	148	0
1527782964.859457000	95.0204	98	1
1527782964.860921000	95.0219	92	0
1527782964.861455000	95.0224	98	1
1527782964.862436000	95.0234	315	0
1527782964.863387000	95.0243	98	1
1527782964.987657000	95.1486	472	1
1527782964.987717000	95.1487	259	1
1527782965.005335000	95.1663	87	0
1527782965.097780000	95.2587	232	0
1527782965.098786000	95.2597	101	1
1527782965.099250000	95.2602	148	0
1527782965.100475000	95.2614	98	1
1527782965.101156000	95.2621	92	0
1527782965.101415000	95.2624	98	1
1527782965.102676000	95.2636	309	0
1527782965.103404000	95.2644	98	1
1527782965.259245000	95.4202	392	1
1527782965.259335000	95.4203	266	1
1527782965.277309000	95.4383	87	0
1527782965.394246000	95.5552	278	0
1527782965.395510000	95.5565	101	1
1527782965.395566000	95.5565	148	0
1527782965.396508000	95.5575	98	1
1527782965.398141000	95.5591	92	0
1527782965.398487000	95.5594	98	1
1527782965.399507000	95.5605	211	0
1527782965.400418000	95.5614	98	1
1527782965.708005000	95.869	392	1
1527782965.708080000	95.869	262	1
1527782965.725163000	95.8861	87	0
1527782965.818985000	95.9799	259	0
1527782965.819990000	95.981	101	1
1527782965.820434000	95.9814	148	0
1527782965.821511000	95.9825	98	1
1527782965.823268000	95.9842	92	0
1527782965.823505000	95.9845	98	1
1527782965.824699000	95.9857	210	0
1527782965.825449000	95.9864	98	1
1527782966.158055000	96.319	396	1
1527782966.158119000	96.3191	260	1
1527782966.177074000	96.338	87	0
1527782966.247127000	96.4081	236	0
1527782966.248503000	96.4095	148	0
1527782966.248598000	96.4096	101	1
1527782966.249555000	96.4105	98	1
1527782966.250480000	96.4114	92	0
1527782966.251536000	96.4125	98	1
1527782966.251885000	96.4128	131	0
1527782966.252448000	96.4134	98	1
1527782966.428669000	96.5896	391	1
1527782966.428735000	96.5897	260	1
1527782966.445191000	96.6062	87	0
1527782966.551300000	96.7123	277	0
1527782966.552566000	96.7135	101	1
1527782966.552769000	96.7137	148	0
1527782966.553555000	96.7145	98	1
1527782966.554232000	96.7152	92	0
1527782966.554494000	96.7155	98	1
1527782966.555560000	96.7165	179	0
1527782966.556505000	96.7175	98	1
1527782966.797861000	96.9588	391	1
1527782966.797928000	96.9589	260	1
1527782966.814889000	96.9759	87	0
1527782967.040102000	97.2011	257	0
1527782967.041052000	97.202	101	1
1527782967.041557000	97.2025	148	0
1527782967.042518000	97.2035	98	1
1527782967.042947000	97.2039	92	0
1527782967.043499000	97.2045	98	1
1527782967.044419000	97.2054	87	0
1527782967.045558000	97.2065	98	1
1527782967.119725000	97.2807	394	1
1527782967.119821000	97.2808	261	1
1527782967.137792000	97.2988	87	0
1527782967.230355000	97.3913	233	0
1527782967.231546000	97.3925	101	1
1527782967.231747000	97.3927	148	0
1527782967.232508000	97.3935	98	1
1527782967.233982000	97.3949	92	0
1527782967.234506000	97.3955	98	1
1527782967.235380000	97.3963	294	0
1527782967.235876000	97.3968	98	1
1527782967.329767000	97.4907	390	1
1527782967.329828000	97.4908	261	1
1527782967.347126000	97.5081	87	0
1527782967.446256000	97.6072	235	0
1527782967.447587000	97.6085	148	0
1527782967.447677000	97.6086	101	1
1527782967.448621000	97.6096	98	1
1527782967.450422000	97.6114	92	0
1527782967.451617000	97.6126	98	1
1527782967.451886000	97.6128	109	0
1527782967.452515000	97.6135	98	1
1527782967.598874000	97.7598	988	1
1527782967.598967000	97.7599	259	1
1527782967.618596000	97.7796	87	0
1527782967.737938000	97.8989	233	0
1527782967.738934000	97.8999	101	1
1527782967.739340000	97.9003	148	0
1527782967.739614000	97.9006	98	1
1527782967.741741000	97.9027	92	0
1527782967.742551000	97.9035	98	1
1527782967.743158000	97.9041	259	0
1527782967.743642000	97.9046	98	1
1527782967.932691000	98.0937	404	1
1527782967.932753000	98.0937	258	1
1527782967.950853000	98.1118	87	0
1527782968.038616000	98.1996	261	0
1527782968.039562000	98.2005	101	1
1527782968.040035000	98.201	148	0
1527782968.040567000	98.2015	98	1
1527782968.044038000	98.205	92	0
1527782968.044637000	98.2056	98	1
1527782968.045462000	98.2064	210	0
1527782968.046575000	98.2075	98	1
1527782968.153321000	98.3143	899	1
1527782968.153382000	98.3143	264	1
1527782968.171879000	98.3328	87	0
1527782968.267947000	98.4289	314	0
1527782968.268932000	98.4299	101	1
1527782968.269348000	98.4303	148	0
1527782968.269789000	98.4308	98	1
1527782968.271418000	98.4324	92	0
1527782968.271583000	98.4325	98	1
1527782968.272833000	98.4338	196	0
1527782968.273583000	98.4345	98	1
1527782968.475868000	98.6368	391	1
1527782968.475958000	98.6369	258	1
1527782968.493671000	98.6546	87	0
1527782968.575420000	98.7364	328	0
1527782968.576695000	98.7377	101	1
1527782968.576729000	98.7377	148	0
1527782968.577671000	98.7386	98	1
1527782968.578861000	98.7398	92	0
1527782968.579669000	98.7406	98	1
1527782968.580268000	98.7412	261	0
1527782968.580727000	98.7417	98	1
1527782969.002785000	99.1637	467	1
1527782969.002854000	99.1638	258	1
1527782969.020675000	99.1816	87	0
1527782969.146586000	99.3075	257	0
1527782969.147638000	99.3086	101	1
1527782969.147940000	99.3089	148	0
1527782969.148703000	99.3097	98	1
1527782969.150593000	99.3116	92	0
1527782969.151700000	99.3127	98	1
1527782969.152074000	99.313	199	0
1527782969.152611000	99.3136	98	1
1527782969.263756000	99.4247	390	1
1527782969.263849000	99.4248	258	1
1527782969.284541000	99.4455	87	0
1527782969.378829000	99.5398	259	0
1527782969.379869000	99.5408	101	1
1527782969.380230000	99.5412	148	0
1527782969.380748000	99.5417	98	1
1527782969.382479000	99.5434	92	0
1527782969.383713000	99.5447	98	1
1527782969.383884000	99.5448	199	0
1527782969.384644000	99.5456	98	1
1527782969.478742000	99.6397	389	1
1527782969.478834000	99.6398	260	1
1527782969.497706000	99.6587	87	0
1527782969.598728000	99.7597	233	0
1527782969.599780000	99.7607	101	1
1527782969.600165000	99.7611	148	0
1527782969.600649000	99.7616	98	1
1527782969.602455000	99.7634	92	0
1527782969.602717000	99.7637	98	1
1527782969.603882000	99.7648	157	0
1527782969.604660000	99.7656	98	1
1527782969.767024000	99.928	390	1
1527782969.767083000	99.928	258	1
1527782969.784155000	99.9451	87	0
1527782969.865540000	100.027	259	0
1527782969.866754000	100.028	101	1
1527782969.866900000	100.028	148	0
1527782969.867744000	100.029	98	1
1527782969.868344000	100.029	92	0
1527782969.868742000	100.03	98	1
1527782969.869722000	100.031	244	0
1527782969.870673000	100.032	98	1
1527782970.106020000	100.267	390	1
1527782970.106109000	100.267	261	1
1527782970.123519000	100.284	87	0
1527782970.134155000	100.295	87	0
1527782970.236629000	100.398	277	0
1527782970.237698000	100.399	104	1
1527782970.238041000	100.399	148	0
1527782970.238698000	100.4	98	1
1527782970.239407000	100.4	92	0
1527782970.239707000	100.401	98	1
1527782970.240823000	100.402	94	0
1527782970.241698000	100.403	98	1
1527782970.538530000	100.699	388	1
1527782970.538598000	100.7	258	1
1527782970.556965000	100.718	87	0
1527782970.645614000	100.807	235	0
1527782970.646747000	100.808	101	1
1527782970.647026000	100.808	148	0
1527782970.647727000	100.809	98	1
1527782970.650079000	100.811	92	0
1527782970.650721000	100.812	98	1
1527782970.651564000	100.813	264	0
1527782970.652720000	100.814	98	1
1527782970.879177000	101.04	393	1
1527782970.879236000	101.04	259	1
1527782970.896156000	101.057	87	0
1527782970.983263000	101.144	260	0
1527782970.984297000	101.145	101	1
1527782970.984675000	101.146	148	0
1527782970.985809000	101.147	98	1
1527782970.986137000	101.147	92	0
1527782970.986804000	101.148	98	1
1527782970.987534000	101.148	191	0
1527782970.987974000	101.149	98	1
1527782971.207968000	101.369	395	1
1527782971.208065000	101.369	261	1
1527782971.226039000	101.387	87	0
1527782971.308864000	101.47	277	0
1527782971.309850000	101.471	101	1
1527782971.310336000	101.471	148	0
1527782971.310747000	101.472	98	1
1527782971.311928000	101.473	92	0
1527782971.312825000	101.474	98	1
1527782971.313386000	101.474	232	0
1527782971.313834000	101.475	98	1
1527782971.434806000	101.596	989	1
1527782971.434885000	101.596	261	1
1527782971.452984000	101.614	87	0
1527782971.545414000	101.706	232	0
1527782971.546451000	101.707	101	1
1527782971.546818000	101.708	148	0
1527782971.547841000	101.709	98	1
1527782971.549674000	101.711	92	0
1527782971.550858000	101.712	98	1
1527782971.551104000	101.712	139	0
1527782971.551774000	101.713	98	1
1527782971.659114000	101.82	405	1
1527782971.659178000	101.82	260	1
1527782971.677303000	101.838	87	0
1527782971.801738000	101.963	259	0
1527782971.802839000	101.964	101	1
1527782971.803144000	101.964	148	0
1527782971.803857000	101.965	98	1
1527782971.805031000	101.966	92	0
1527782971.805856000	101.967	98	1
1527782971.806474000	101.967	216	0
1527782971.806982000	101.968	98	1
1527782972.029130000	102.19	899	1
1527782972.029220000	102.19	258	1
1527782972.046630000	102.208	87	0
1527782972.149460000	102.31	235	0
1527782972.150391000	102.311	101	1
1527782972.150854000	102.312	148	0
1527782972.151876000	102.313	98	1
1527782972.153158000	102.314	92	0
1527782972.153869000	102.315	98	1
1527782972.154563000	102.316	231	0
1527782972.155002000	102.316	98	1
1527782972.869387000	103.03	390	1
1527782972.869482000	103.03	258	1
1527782972.886414000	103.047	87	0
1527782973.076265000	103.237	256	0
1527782973.077381000	103.238	101	1
1527782973.077624000	103.239	148	0
1527782973.077918000	103.239	98	1
1527782973.080648000	103.242	92	0
1527782973.080886000	103.242	98	1
1527782973.082204000	103.243	136	0
1527782973.082837000	103.244	98	1
1527782973.208996000	103.37	465	1
1527782973.209083000	103.37	259	1
1527782973.225684000	103.387	87	0
1527782973.245772000	103.407	87	0
1527782973.323922000	103.485	237	0
1527782973.324879000	103.486	104	1
1527782973.325396000	103.486	148	0
1527782973.325870000	103.487	98	1
1527782973.328183000	103.489	92	0
1527782973.328904000	103.49	98	1
1527782973.329611000	103.491	219	0
1527782973.330050000	103.491	98	1
1527782973.589179000	103.75	389	1
1527782973.589258000	103.75	261	1
1527782973.607059000	103.768	87	0
1527782973.693829000	103.855	314	0
1527782973.694903000	103.856	101	1
1527782973.695295000	103.856	148	0
1527782973.695893000	103.857	98	1
1527782973.697883000	103.859	92	0
1527782973.698907000	103.86	98	1
1527782973.699314000	103.86	318	0
1527782973.699883000	103.861	98	1
1527782973.971295000	104.132	391	1
1527782973.971383000	104.132	258	1
1527782973.990110000	104.151	87	0
1527782974.080290000	104.241	349	0
1527782974.081274000	104.242	101	1
1527782974.081822000	104.243	148	0
1527782974.082930000	104.244	98	1
1527782974.084781000	104.246	92	0
1527782974.085928000	104.247	98	1
1527782974.086204000	104.247	208	0
1527782974.086913000	104.248	98	1
1527782974.459267000	104.62	389	1
1527782974.459329000	104.62	259	1
1527782974.476644000	104.638	87	0
1527782974.589348000	104.75	235	0
1527782974.590225000	104.751	101	1
1527782974.590841000	104.752	148	0
1527782974.591960000	104.753	98	1
1527782974.593628000	104.755	92	0
1527782974.593947000	104.755	98	1
1527782974.595056000	104.756	262	0
1527782974.595947000	104.757	98	1
1527782974.849368000	105.01	390	1
1527782974.849459000	105.01	258	1
1527782974.872714000	105.034	87	0
1527782974.947356000	105.108	284	0
1527782974.948371000	105.109	101	1
1527782974.948756000	105.11	148	0
1527782974.949112000	105.11	98	1
1527782974.950773000	105.112	92	0
1527782974.951996000	105.113	98	1
1527782974.952202000	105.113	244	0
1527782974.952960000	105.114	98	1
1527782975.089323000	105.25	391	1
1527782975.089398000	105.25	261	1
1527782975.107350000	105.268	87	0
1527782975.228768000	105.39	233	0
1527782975.230026000	105.391	101	1
1527782975.230108000	105.391	148	0
1527782975.231014000	105.392	98	1
1527782975.232253000	105.393	92	0
1527782975.233011000	105.394	98	1
1527782975.233658000	105.395	315	0
1527782975.234121000	105.395	98	1
1527782976.345563000	106.507	390	1
1527782976.345629000	106.507	258	1
1527782976.363038000	106.524	87	0
1527782976.455493000	106.616	258	0
1527782976.456596000	106.618	101	1
1527782976.456806000	106.618	148	0
1527782976.457083000	106.618	98	1
1527782976.460608000	106.622	92	0
1527782976.461083000	106.622	98	1
1527782976.462079000	106.623	317	0
1527782976.463058000	106.624	98	1
1527782976.639439000	106.8	395	1
1527782976.639530000	106.8	264	1
1527782976.658858000	106.82	87	0
1527782976.771199000	106.932	305	0
1527782976.772194000	106.933	101	1
1527782976.772646000	106.934	148	0
1527782976.773070000	106.934	98	1
1527782976.774041000	106.935	92	0
1527782976.775066000	106.936	98	1
1527782976.775443000	106.936	151	0
1527782976.776062000	106.937	98	1
1527782977.055720000	107.217	993	1
1527782977.055784000	107.217	262	1
1527782977.074384000	107.235	87	0
1527782977.148794000	107.31	235	0
1527782977.150138000	107.311	148	0
1527782977.150233000	107.311	101	1
1527782977.151160000	107.312	98	1
1527782977.152562000	107.314	92	0
1527782977.153160000	107.314	98	1
1527782977.153989000	107.315	208	0
1527782977.155091000	107.316	98	1
1527782977.471643000	107.633	406	1
1527782977.471718000	107.633	265	1
1527782977.488612000	107.65	87	0
1527782977.496884000	107.658	87	0
1527782977.594451000	107.755	232	0
1527782977.595437000	107.756	104	1
1527782977.595862000	107.757	148	0
1527782977.596204000	107.757	98	1
1527782977.599299000	107.76	92	0
1527782977.600186000	107.761	98	1
1527782977.600726000	107.762	127	0
1527782977.601179000	107.762	98	1
1527782977.938155000	108.099	899	1
1527782977.938231000	108.099	261	1
1527782977.957316000	108.118	87	0
1527782978.067828000	108.229	299	0
1527782978.068686000	108.23	101	1
1527782978.069195000	108.23	148	0
1527782978.070223000	108.231	98	1
1527782978.070703000	108.232	92	0
1527782978.071212000	108.232	98	1
1527782978.072194000	108.233	154	0
1527782978.073149000	108.234	98	1
1527782978.330498000	108.491	394	1
1527782978.330589000	108.492	260	1
1527782978.348237000	108.509	87	0
1527782978.442890000	108.604	235	0
1527782978.443775000	108.605	101	1
1527782978.444334000	108.605	148	0
1527782978.445234000	108.606	98	1
1527782978.445724000	108.607	92	0
1527782978.446233000	108.607	98	1
1527782978.447117000	108.608	232	0
1527782978.448165000	108.609	98	1
1527782978.691049000	108.852	471	1
1527782978.691121000	108.852	263	1
1527782978.708618000	108.87	87	0
1527782978.790378000	108.951	259	0
1527782978.791420000	108.952	101	1
1527782978.791886000	108.953	148	0
1527782978.792253000	108.953	98	1
1527782978.794473000	108.955	92	0
1527782978.795272000	108.956	98	1
1527782978.795885000	108.957	130	0
1527782978.796357000	108.957	98	1
1527782979.130443000	109.291	390	1
1527782979.130534000	109.291	261	1
1527782979.147265000	109.308	87	0
1527782979.245021000	109.406	236	0
1527782979.246300000	109.407	101	1
1527782979.246385000	109.407	148	0
1527782979.247282000	109.408	98	1
1527782979.248829000	109.41	92	0
1527782979.249281000	109.41	98	1
1527782979.250229000	109.411	317	0
1527782979.251210000	109.412	98	1
1527782979.495485000	109.656	394	1
1527782979.495570000	109.657	258	1
1527782979.512815000	109.674	87	0
1527782979.611898000	109.773	235	0
1527782979.612838000	109.774	101	1
1527782979.613284000	109.774	148	0
1527782979.614301000	109.775	98	1
1527782979.615252000	109.776	92	0
1527782979.616300000	109.777	98	1
1527782979.616649000	109.778	150	0
1527782979.617228000	109.778	98	1
1527782979.845631000	110.007	390	1
1527782979.845698000	110.007	258	1
1527782979.863293000	110.024	87	0
1527782979.936356000	110.097	263	0
1527782979.937279000	110.098	101	1
1527782979.937736000	110.099	148	0
1527782979.938354000	110.099	98	1
1527782979.940395000	110.101	92	0
1527782979.941247000	110.102	98	1
1527782979.941870000	110.103	134	0
1527782979.942448000	110.103	98	1
1527782980.075602000	110.237	391	1
1527782980.075694000	110.237	262	1
1527782980.094606000	110.256	87	0
1527782980.176981000	110.338	312	0
1527782980.177804000	110.339	101	1
1527782980.178438000	110.339	148	0
1527782980.179350000	110.34	98	1
1527782980.180201000	110.341	92	0
1527782980.181340000	110.342	98	1
1527782980.181673000	110.343	306	0
1527782980.182264000	110.343	98	1
1527782980.596504000	110.757	389	1
1527782980.596573000	110.758	261	1
1527782980.614673000	110.776	87	0
1527782980.706619000	110.868	329	0
1527782980.707640000	110.869	101	1
1527782980.708077000	110.869	148	0
1527782980.708437000	110.869	98	1
1527782980.710588000	110.872	92	0
1527782980.711365000	110.872	98	1
1527782980.712051000	110.873	296	0
1527782980.712534000	110.873	98	1
1527782980.887926000	111.049	391	1
1527782980.887992000	111.049	261	1
1527782980.906198000	111.067	87	0
1527782980.997088000	111.158	256	0
1527782980.998406000	111.159	101	1
1527782980.998479000	111.159	148	0
1527782980.999379000	111.16	98	1
1527782981.000221000	111.161	92	0
1527782981.001379000	111.162	98	1
1527782981.001682000	111.163	101	0
1527782981.002305000	111.163	98	1
1527782981.647127000	111.808	388	1
1527782981.647203000	111.808	258	1
1527782981.665249000	111.826	87	0
1527782981.752865000	111.914	285	0
1527782981.753915000	111.915	101	1
1527782981.754292000	111.915	148	0
1527782981.755383000	111.916	98	1
1527782981.755670000	111.917	92	0
1527782981.756351000	111.917	98	1
1527782981.757049000	111.918	214	0
1527782981.757581000	111.919	98	1
1527782982.048343000	112.209	992	1
1527782982.048429000	112.209	259	1
1527782982.066143000	112.227	87	0
1527782982.167697000	112.329	233	0
1527782982.168593000	112.33	101	1
1527782982.169083000	112.33	148	0
1527782982.169363000	112.33	98	1
1527782982.170469000	112.331	92	0
1527782982.171377000	112.332	98	1
1527782982.172788000	112.334	302	0
1527782982.173381000	112.334	98	1
1527782982.401705000	112.563	406	1
1527782982.401803000	112.563	262	1
1527782982.419964000	112.581	87	0
1527782982.493002000	112.654	236	0
1527782982.493898000	112.655	101	1
1527782982.494459000	112.655	148	0
1527782982.495391000	112.656	98	1
1527782982.496354000	112.657	92	0
1527782982.497384000	112.658	98	1
1527782982.497756000	112.659	168	0
1527782982.498393000	112.659	98	1
1527782982.702645000	112.864	901	1
1527782982.702736000	112.864	261	1
1527782982.721257000	112.882	87	0
1527782982.816654000	112.978	303	0
1527782982.817556000	112.979	101	1
1527782982.818081000	112.979	148	0
1527782982.818486000	112.979	98	1
1527782982.819464000	112.98	92	0
1527782982.820485000	112.981	98	1
1527782982.820869000	112.982	192	0
1527782982.821441000	112.982	98	1
1527782982.930532000	113.091	390	1
1527782982.930597000	113.092	258	1
1527782982.948351000	113.109	87	0
1527782983.016253000	113.177	235	0
1527782983.017474000	113.178	101	1
1527782983.017658000	113.179	148	0
1527782983.018498000	113.179	98	1
1527782983.019259000	113.18	92	0
1527782983.020506000	113.181	98	1
1527782983.021416000	113.182	236	0
1527782983.022435000	113.183	98	1
1527782983.280845000	113.442	467	1
1527782983.280931000	113.442	258	1
1527782983.298320000	113.459	87	0
1527782983.386514000	113.547	233	0
1527782983.387622000	113.549	101	1
1527782983.387921000	113.549	148	0
1527782983.388434000	113.549	98	1
1527782983.389509000	113.55	92	0
1527782983.390520000	113.551	98	1
1527782983.390923000	113.552	158	0
1527782983.391439000	113.552	98	1
1527782983.491157000	113.652	394	1
1527782983.491240000	113.652	263	1
1527782983.509820000	113.671	87	0
1527782983.599657000	113.761	274	0
1527782983.600779000	113.762	101	1
1527782983.601034000	113.762	148	0
1527782983.601442000	113.762	98	1
1527782983.603350000	113.764	92	0
1527782983.604471000	113.765	98	1
1527782983.604782000	113.766	276	0
1527782983.605454000	113.766	98	1
1527782983.739923000	113.901	393	1
1527782983.740015000	113.901	260	1
1527782983.756887000	113.918	87	0
1527782983.845853000	114.007	256	0
1527782983.846679000	114.008	101	1
1527782983.847271000	114.008	148	0
1527782983.847620000	114.009	98	1
1527782983.849519000	114.01	92	0
1527782983.850545000	114.012	98	1
1527782983.850892000	114.012	259	0
1527782983.851454000	114.012	98	1
1527782984.333038000	114.494	390	1
1527782984.333134000	114.494	261	1
1527782984.354356000	114.515	87	0
1527782984.451580000	114.613	233	0
1527782984.452630000	114.614	101	1
1527782984.452999000	114.614	148	0
1527782984.453512000	114.614	98	1
1527782984.454859000	114.616	92	0
1527782984.455513000	114.616	98	1
1527782984.456301000	114.617	222	0
1527782984.456873000	114.618	98	1
1527782984.569760000	114.731	394	1
1527782984.569822000	114.731	264	1
1527782984.587397000	114.748	87	0
1527782984.667750000	114.829	233	0
1527782984.668767000	114.83	101	1
1527782984.669155000	114.83	148	0
1527782984.669529000	114.83	98	1
1527782984.671098000	114.832	92	0
1527782984.671570000	114.833	98	1
1527782984.672574000	114.834	302	0
1527782984.673529000	114.834	98	1
1527782984.818612000	114.98	392	1
1527782984.818677000	114.98	258	1
1527782984.835589000	114.997	87	0
1527782984.935808000	115.097	258	0
1527782984.936833000	115.098	101	1
1527782984.937212000	115.098	148	0
1527782984.937551000	115.099	98	1
1527782984.938891000	115.1	92	0
1527782984.939537000	115.1	98	1
1527782984.940280000	115.101	268	0
1527782984.940712000	115.102	98	1
1527782985.129883000	115.291	391	1
1527782985.129942000	115.291	262	1
1527782985.146460000	115.307	87	0
1527782985.244552000	115.406	237	0
1527782985.245583000	115.407	101	1
1527782985.245951000	115.407	148	0
1527782985.246536000	115.407	98	1
1527782985.247556000	115.409	92	0
1527782985.248560000	115.41	98	1
1527782985.248959000	115.41	217	0
1527782985.249540000	115.411	98	1
1527782985.580283000	115.741	990	1
1527782985.580375000	115.741	268	1
1527782985.597669000	115.759	87	0
1527782985.683594000	115.845	312	0
1527782985.684625000	115.846	101	1
1527782985.684944000	115.846	148	0
1527782985.685651000	115.847	98	1
1527782985.686873000	115.848	92	0
1527782985.687646000	115.849	98	1
1527782985.688276000	115.849	198	0
1527782985.688740000	115.85	98	1
1527782985.992606000	116.154	402	1
1527782985.992684000	116.154	258	1
1527782986.009894000	116.171	87	0
